01_Terauchi/02_MK_TOPO/01_RR_DR/output/elevation_inRR.asc
ncols  372
nrows  253
xllcorner     -26340.000
yllcorner      43260.000
cellsize     30.000
NODATA_value     0.000
[rows 90 to 119 of 253, columns 134 to 200 of 372]
159.621 145.020 148.184 156.264 163.229 175.147 183.884 184.489 189.022 195.710 202.922 213.513 225.401 243.577 252.806 257.215 262.482 268.770 269.635 273.259 275.898 280.003 270.171 274.896 273.444 278.589 290.835 288.456 282.319 275.592 259.658 244.078 258.500 264.581 259.165 244.213 247.195 259.664 268.299 281.412 271.646 264.906 246.840 242.553 258.297 263.880 269.930 264.051 247.873 250.965 270.451 283.638 288.559 289.225 287.134 280.396 277.467 271.074 261.153 269.754 262.355 248.995 263.319 280.968 284.871 275.038 262.242
162.185 145.834 151.248 167.398 172.980 172.661 181.372 189.526 194.583 206.180 218.200 227.026 222.869 236.753 251.883 260.176 268.082 277.166 283.018 285.041 288.111 291.345 289.699 289.466 290.593 288.107 296.507 298.565 291.420 275.306 255.348 255.024 267.483 272.092 269.512 253.410 246.142 266.084 279.293 289.160 286.669 278.373 261.177 250.068 266.339 271.038 276.260 270.253 256.055 251.145 268.733 285.765 297.833 301.129 301.726 300.025 290.870 281.878 275.803 275.659 272.343 259.793 268.417 288.189 295.630 286.830 268.910
159.475 147.934 159.542 176.646 191.445 198.857 198.623 210.290 216.196 224.334 234.785 241.273 239.722 233.100 247.475 259.590 268.046 277.838 287.816 292.271 294.785 297.870 298.517 298.039 300.734 299.194 306.882 304.268 290.124 267.018 259.990 271.447 279.330 281.293 279.475 262.430 247.916 268.410 284.202 293.748 300.585 293.545 277.785 263.715 277.254 284.308 282.975 274.667 276.120 263.459 270.762 289.593 308.018 314.101 316.530 314.958 309.127 304.488 293.816 285.801 282.320 270.277 277.617 293.011 301.713 289.953 270.623
151.450 149.943 159.351 174.688 193.286 215.766 222.454 229.334 236.055 240.596 245.453 255.270 257.823 249.713 242.167 250.147 260.027 276.317 288.989 294.250 298.973 304.287 311.893 312.524 312.647 314.889 314.608 305.748 290.303 269.223 272.488 288.674 289.010 289.827 289.157 283.015 260.526 265.406 284.824 296.446 304.933 303.984 287.929 275.767 287.780 295.087 294.237 287.798 287.536 270.989 274.762 290.417 310.235 319.160 326.770 328.475 329.452 327.268 315.739 302.935 294.622 286.042 289.507 299.337 304.052 288.801 277.664
152.753 149.943 156.072 172.612 192.021 215.794 230.330 238.715 246.653 252.633 256.401 272.049 276.690 269.187 265.064 261.345 258.048 271.974 287.885 295.234 300.379 305.978 313.350 320.600 319.320 322.048 314.566 304.340 289.661 276.502 276.497 289.262 299.157 300.050 299.731 294.927 270.045 266.556 287.404 301.928 312.093 313.128 294.963 286.857 302.490 305.033 305.522 305.195 299.428 280.272 283.747 294.258 308.539 321.380 334.528 341.043 341.166 341.062 329.395 317.821 309.102 306.756 311.250 312.643 307.032 298.036 284.930
166.343 149.943 149.943 158.043 182.860 205.744 221.831 232.865 245.160 255.616 269.261 283.680 289.483 290.814 291.166 283.208 272.048 270.083 277.655 293.611 302.776 308.827 317.809 324.433 325.903 324.802 315.118 300.337 288.906 292.492 290.143 295.247 304.330 306.229 305.997 299.018 274.879 274.313 288.759 306.111 320.301 318.926 300.364 301.331 311.117 312.056 314.771 318.097 310.809 290.830 295.680 308.191 315.438 325.119 337.981 348.398 352.905 351.845 338.450 325.514 323.386 324.820 327.552 322.028 312.515 304.420 295.370
173.653 158.028 149.666 149.181 162.882 192.235 207.014 221.813 237.670 253.710 268.772 288.234 299.865 302.289 302.401 294.770 291.690 287.551 276.622 281.003 294.043 305.050 318.160 327.578 330.452 330.176 318.759 303.625 302.361 309.406 310.680 311.204 313.761 313.456 309.566 299.964 275.930 284.819 297.476 311.603 327.278 323.365 304.849 307.191 318.226 323.988 324.277 329.522 322.115 308.420 304.258 318.441 333.830 339.387 343.540 352.633 361.341 353.197 337.905 333.661 341.727 344.294 334.087 324.424 313.470 304.625 297.193
170.379 170.687 160.370 149.181 154.657 176.228 193.918 214.876 233.039 248.187 265.849 286.316 306.927 316.036 312.800 307.792 308.667 301.833 291.648 290.117 287.515 306.189 318.559 328.962 336.066 335.484 330.292 316.130 324.964 327.100 328.553 326.195 325.244 322.759 315.402 297.211 278.354 291.824 306.085 321.844 338.623 326.688 313.732 321.796 325.017 339.039 334.428 342.605 341.019 328.317 312.536 325.065 344.464 351.625 355.204 360.382 367.122 354.585 344.063 350.549 351.496 346.206 335.021 322.015 305.494 283.069 274.817
187.523 175.366 160.349 149.181 155.397 184.254 208.103 223.883 237.513 249.421 265.108 285.879 303.252 316.557 323.966 322.520 322.282 314.783 309.266 304.703 293.849 300.886 319.012 328.031 337.809 341.512 338.305 335.760 333.679 338.846 336.934 333.915 331.607 326.706 318.089 295.192 288.365 302.089 311.930 327.644 341.715 333.708 326.341 337.712 344.843 354.038 348.476 355.740 354.701 343.316 327.349 333.335 355.280 365.453 367.930 371.867 373.678 361.652 353.233 354.497 352.141 344.106 328.549 313.286 297.728 274.029 254.682
189.757 168.513 151.644 149.181 160.208 187.667 210.562 224.239 237.813 252.329 269.705 279.325 286.724 303.073 321.014 332.820 331.572 325.361 324.677 319.943 313.226 303.398 320.862 331.787 338.683 347.011 347.482 346.095 342.599 344.935 341.316 337.586 333.858 329.898 320.505 298.488 299.403 317.495 324.745 332.224 345.653 349.577 340.592 354.208 368.772 369.140 363.940 369.410 367.532 355.085 343.458 345.061 364.111 376.078 379.085 379.118 379.578 368.889 354.486 350.008 348.906 342.215 324.000 307.015 285.387 267.429 258.907
178.618 156.879 149.228 156.922 167.743 194.993 211.563 228.626 242.300 252.537 259.142 259.829 268.185 284.182 306.606 329.064 338.109 337.103 337.096 333.613 329.261 316.600 319.003 335.435 343.903 350.669 354.669 353.650 351.304 348.438 343.712 338.652 333.167 324.835 313.233 302.677 304.282 321.307 328.889 337.925 352.168 360.174 357.865 367.104 378.355 378.532 374.915 379.067 376.154 366.997 352.226 361.068 372.528 382.188 388.565 387.803 381.639 371.516 356.966 347.670 334.149 328.887 327.162 316.404 301.955 285.476 269.737
172.996 149.457 154.087 162.450 174.394 201.495 215.338 228.023 235.649 237.865 243.243 243.472 254.916 271.637 299.991 314.089 336.276 345.828 347.135 346.102 344.535 339.413 328.354 331.770 343.496 352.919 361.012 360.093 358.214 353.497 345.846 336.901 329.167 319.664 312.133 309.186 309.834 324.013 334.361 342.877 356.408 365.532 371.898 377.620 385.118 386.619 383.131 386.569 382.936 372.074 363.076 375.066 381.400 386.520 393.464 397.741 387.199 373.975 365.814 359.881 348.546 324.125 306.911 303.141 293.387 277.703 257.184
160.078 149.501 159.810 167.248 184.766 193.587 201.741 212.386 214.284 221.401 225.376 231.378 249.066 265.383 284.566 304.085 323.636 342.617 350.173 355.591 355.629 354.203 351.378 340.278 343.277 355.723 366.500 367.805 364.566 358.391 347.554 336.723 329.677 327.239 325.862 326.637 314.642 330.552 340.996 354.952 365.132 369.738 375.626 382.899 388.876 395.703 389.661 395.197 389.876 379.555 378.124 390.246 393.491 394.520 401.235 405.857 393.107 381.779 374.832 370.198 354.576 334.822 318.496 297.465 282.533 272.285 268.394
157.658 149.697 163.695 178.499 171.688 172.280 181.068 190.243 194.870 205.882 211.953 228.124 244.243 255.218 270.034 288.671 310.521 325.478 336.131 352.091 363.531 364.859 361.822 357.780 356.801 363.860 372.291 375.772 368.776 359.085 352.974 349.265 344.042 344.552 341.591 341.168 323.867 335.371 346.829 362.028 375.479 385.637 388.565 391.336 395.700 407.292 396.630 402.373 396.429 386.463 392.732 403.138 404.117 405.489 410.931 410.758 400.047 388.137 381.263 371.259 356.312 342.609 327.313 313.711 298.381 283.856 273.441
162.626 151.529 162.034 161.812 158.609 160.228 164.120 168.742 179.362 187.425 198.856 219.809 234.260 246.425 259.942 275.292 296.131 310.134 323.931 340.273 356.876 372.425 375.545 373.765 367.497 370.990 378.054 383.209 382.106 375.286 369.284 363.972 358.155 356.019 350.051 349.017 338.192 334.588 349.068 362.560 375.523 389.277 403.126 405.151 406.841 414.009 401.919 410.391 402.828 394.364 402.976 413.489 417.292 418.764 415.105 411.265 402.828 391.346 382.928 369.975 358.523 344.449 331.862 318.012 305.692 282.562 268.778
174.966 154.892 152.997 153.314 154.800 154.800 158.268 164.353 170.147 180.415 190.209 209.180 226.020 239.635 250.230 261.831 280.824 298.455 313.439 334.447 351.280 368.714 387.073 388.920 381.658 379.553 382.730 388.372 391.920 388.184 384.463 380.999 371.949 368.503 366.094 363.339 349.666 338.901 352.007 371.138 384.152 391.750 404.507 414.216 418.979 417.754 410.546 419.711 407.383 405.124 412.124 423.443 431.066 421.773 407.059 402.178 399.363 394.794 385.357 372.106 356.957 341.421 330.474 316.922 304.522 287.570 279.656
185.106 166.934 159.229 158.595 160.583 157.772 156.394 163.115 168.811 176.494 185.851 197.911 212.907 224.476 237.435 251.891 269.771 289.063 311.992 334.137 351.198 362.989 363.834 364.493 365.128 378.067 388.898 394.781 397.731 396.276 396.404 393.188 386.738 382.939 382.103 380.304 364.099 355.737 350.066 373.011 391.484 407.246 413.558 419.456 423.918 422.035 419.351 430.448 424.131 419.301 419.233 431.223 431.626 414.838 400.728 388.735 383.567 387.479 382.085 367.169 349.407 337.069 327.825 317.212 304.659 290.522 282.377
201.155 183.459 172.888 176.334 176.518 165.179 156.394 162.292 167.234 174.969 186.974 204.286 213.882 225.225 238.965 255.506 272.208 290.665 310.677 332.553 346.495 342.564 344.293 340.423 344.041 362.803 382.017 390.549 398.696 403.729 407.674 404.187 401.338 397.021 399.507 397.010 386.125 374.480 365.345 373.126 389.388 398.967 411.612 419.547 428.054 430.985 429.630 437.605 439.999 434.749 435.764 443.967 430.274 414.664 397.710 383.065 367.677 369.207 369.916 357.972 345.958 333.207 323.186 314.986 304.566 292.294 285.154
214.592 189.593 186.117 191.757 189.324 171.589 156.394 161.452 166.280 173.203 187.212 210.215 227.757 239.753 250.591 264.921 283.748 295.213 312.493 331.656 332.873 321.190 323.877 318.948 338.046 359.239 369.028 374.331 381.984 394.225 402.122 401.411 402.204 403.219 407.270 409.580 402.920 394.661 386.475 374.874 383.030 393.594 407.845 417.543 429.533 437.470 439.111 440.836 440.733 444.328 444.749 440.693 422.898 410.492 399.285 384.812 363.456 353.561 354.082 345.361 336.459 324.181 312.794 307.811 299.846 288.600 284.195
218.615 206.897 207.235 206.846 193.877 167.733 156.394 162.027 166.638 177.410 193.247 209.239 227.019 243.421 255.873 270.549 283.123 299.731 314.295 319.667 316.859 304.689 301.239 307.068 330.947 346.885 348.002 354.475 369.939 378.226 380.974 381.512 388.718 395.062 393.318 403.245 401.440 405.957 410.917 403.391 393.427 398.906 401.802 417.126 433.270 440.179 440.791 438.409 435.204 440.895 430.587 417.252 409.584 397.473 394.084 384.923 369.670 349.209 329.504 328.817 321.621 313.260 300.429 289.926 290.884 279.707 279.126
231.593 229.519 225.309 210.857 185.438 159.640 159.407 163.506 167.883 181.444 194.999 206.029 220.084 235.200 248.512 260.873 277.158 292.443 305.389 304.674 294.241 283.293 274.383 294.444 309.969 319.291 324.629 344.585 360.432 361.402 363.560 365.253 372.223 379.301 376.826 385.148 387.068 401.799 416.054 423.167 417.807 421.560 418.686 424.925 435.445 440.306 440.304 436.497 423.967 422.506 408.483 398.218 394.017 383.948 384.341 374.632 367.135 352.759 334.814 312.843 299.515 294.546 286.327 274.009 277.011 269.277 266.360
240.432 232.274 223.387 206.646 183.546 160.244 159.484 163.235 165.978 172.177 188.783 197.214 207.529 223.337 241.555 256.381 269.916 279.870 290.376 286.400 269.847 263.547 258.297 277.651 290.860 297.549 315.307 336.125 338.196 338.029 349.370 351.176 358.209 364.217 363.352 367.134 374.929 396.538 412.066 422.287 432.300 438.785 440.003 438.568 440.197 440.175 435.570 433.922 422.472 402.276 391.577 379.099 375.083 366.975 366.077 360.939 359.523 350.384 333.125 315.107 299.416 284.509 268.763 257.612 257.285 255.607 252.532
233.747 224.569 215.344 197.692 180.903 165.901 159.484 159.484 161.908 165.917 170.914 184.233 197.924 215.529 234.237 246.433 253.693 266.831 273.589 261.956 252.363 248.079 246.048 265.992 276.065 289.336 310.847 317.864 319.036 327.507 334.067 335.608 344.526 344.493 349.025 355.652 368.133 390.848 399.368 401.973 413.140 429.511 438.175 440.135 440.252 436.670 428.025 418.511 423.532 405.004 383.412 367.834 358.783 349.699 342.147 338.714 343.830 345.127 333.632 317.872 307.167 288.217 266.738 254.391 245.403 241.353 234.105
238.859 230.460 220.271 201.598 188.180 173.747 160.527 160.141 159.484 160.960 164.034 167.865 181.196 201.336 216.914 231.210 238.596 250.647 259.463 240.853 226.890 220.697 238.304 255.769 273.395 291.447 297.733 292.721 304.727 311.438 316.753 329.652 330.610 325.459 339.171 345.898 362.252 377.510 378.647 378.162 389.595 404.613 423.925 433.768 440.066 437.203 423.375 412.208 410.002 404.821 387.737 374.725 369.041 355.328 344.969 328.813 323.351 328.260 325.758 314.205 301.899 278.556 256.826 252.975 250.588 247.967 238.226
246.956 234.048 223.308 210.881 199.763 179.620 164.738 165.952 163.091 159.556 159.630 163.338 168.617 183.593 201.141 216.698 230.801 241.465 245.433 226.214 213.312 211.673 243.684 261.103 277.453 285.424 283.977 277.239 281.937 290.326 306.171 318.536 307.920 306.641 323.217 338.437 351.573 359.817 357.679 361.626 369.409 388.980 404.083 417.579 432.140 440.041 426.192 413.614 401.787 393.525 400.685 387.891 380.251 367.907 352.898 336.845 310.199 303.705 302.391 296.215 284.674 268.570 267.388 276.884 271.732 260.127 245.912
243.287 229.753 217.685 197.158 186.914 174.850 176.739 177.805 174.486 178.677 164.740 160.846 165.364 171.084 189.034 210.990 221.628 231.496 228.247 210.118 199.673 205.738 228.136 251.154 268.652 270.885 264.200 256.028 263.302 284.524 304.875 310.858 296.302 292.792 313.836 330.492 341.767 345.637 345.020 348.729 357.914 375.532 392.336 413.515 424.676 439.193 433.718 423.833 411.715 394.682 383.392 380.781 372.654 364.200 348.661 325.969 306.760 298.684 293.086 288.799 285.335 274.523 279.090 289.224 279.367 256.088 243.337
235.361 226.364 212.571 195.260 182.673 182.785 200.118 200.199 194.854 193.067 179.905 164.814 162.633 166.931 178.694 199.015 206.121 217.500 214.261 200.009 189.456 197.428 217.933 232.523 238.611 242.306 242.233 249.546 267.211 288.950 304.283 299.489 282.694 279.987 302.246 319.352 325.651 328.102 334.173 345.327 359.002 377.722 391.179 405.022 412.028 427.995 428.749 427.267 420.593 405.296 388.614 369.294 358.581 347.395 337.116 330.394 324.300 315.003 308.356 306.545 302.007 280.915 287.985 293.843 276.511 262.068 250.911
222.416 215.992 199.476 189.464 190.210 205.999 219.526 214.697 210.764 208.038 188.681 169.327 162.633 163.158 167.849 181.428 188.847 203.263 201.999 172.753 170.952 178.998 191.984 209.369 218.614 225.309 241.866 260.403 278.651 292.524 291.689 276.479 262.322 275.204 296.427 305.776 306.622 310.752 326.476 345.309 359.273 372.713 385.473 392.406 399.744 409.334 408.530 415.609 419.284 409.438 395.730 383.754 378.707 369.747 358.372 350.884 341.833 337.106 329.296 317.536 312.369 298.237 302.805 299.069 287.343 274.486 261.422
223.552 208.308 205.217 209.851 207.797 221.323 233.323 225.070 217.288 203.798 185.528 167.903 173.405 168.476 163.519 166.706 169.246 183.689 177.062 166.386 169.044 169.044 177.962 191.208 204.444 221.305 251.267 269.250 276.471 275.973 273.555 257.912 256.373 272.178 281.172 286.155 290.599 304.763 322.714 343.525 358.736 369.427 374.003 381.976 389.256 394.293 393.087 400.527 407.778 414.439 409.121 397.987 394.145 385.043 373.264 365.589 358.553 351.206 340.534 328.873 320.710 313.842 312.707 310.746 296.571 279.398 278.013
218.319 212.716 232.138 238.015 228.445 238.105 236.655 228.579 217.983 192.308 172.401 169.213 185.468 179.337 167.839 165.067 165.067 166.330 166.330 173.262 180.889 169.044 172.037 182.061 194.760 202.953 248.286 260.714 258.850 263.110 262.554 247.383 250.936 260.422 262.739 271.355 290.809 306.522 319.123 340.008 356.144 355.731 355.819 372.673 381.260 375.231 373.437 381.653 392.263 405.172 409.915 408.916 402.865 391.042 383.457 378.437 370.057 359.020 349.834 344.381 329.375 318.781 319.721 315.224 309.105 297.103 295.008
