01_Terauchi/02_MK_TOPO/01_RR_DR/output/elevation_inRR.asc
ncols  372
nrows  253
xllcorner     -26340.000
yllcorner      43260.000
cellsize     30.000
NODATA_value     0.000
[rows 30 to 59 of 253, columns 134 to 200 of 372]
528.382 530.874 525.387 522.323 517.768 510.178 493.955 486.502 469.464 485.512 512.087 541.365 536.147 523.424 513.886 500.330 482.023 459.249 433.734 416.679 419.692 433.876 420.597 418.485 431.715 452.394 472.489 491.768 503.488 514.760 525.324 513.442 495.470 468.396 438.720 433.165 448.415 454.651 432.991 434.301 460.553 486.600 479.150 453.772 455.236 437.832 467.291 486.143 495.074 486.195 492.624 516.809 545.678 565.982 568.506 558.993 539.194 517.441 506.409 494.707 489.101 478.535 487.176 476.591 459.112 472.618 487.383
540.340 529.109 519.248 505.891 500.136 495.796 476.567 462.710 471.798 494.245 516.100 535.340 527.016 509.580 493.995 489.185 477.452 457.180 435.387 416.178 401.718 409.298 403.932 419.363 434.091 449.316 467.872 473.439 489.672 510.811 516.722 506.541 488.829 462.604 434.238 416.061 424.920 435.000 419.014 422.078 442.463 477.645 471.860 444.710 431.543 434.909 463.951 471.887 468.535 465.018 496.131 526.931 551.429 556.773 547.474 543.490 538.397 511.189 493.988 475.717 469.407 464.427 466.431 463.933 441.632 454.867 470.480
530.179 527.191 516.817 501.467 480.309 475.412 459.147 454.021 477.550 501.720 521.614 532.372 521.971 507.334 484.474 473.334 469.438 457.551 438.875 419.592 399.180 388.607 390.673 415.670 430.754 445.043 449.131 463.338 485.914 504.907 506.513 495.294 479.496 457.498 434.190 412.040 401.297 420.421 405.738 411.409 434.039 463.530 458.753 432.271 411.847 434.548 449.029 444.862 445.575 467.349 501.563 533.701 548.565 540.830 520.993 527.438 534.816 513.130 494.092 469.832 449.898 447.584 451.374 454.796 428.048 435.726 454.891
511.751 518.547 502.671 489.977 474.001 457.467 443.977 455.964 478.663 501.432 518.333 521.031 513.477 496.436 476.944 456.187 451.649 449.818 434.677 416.059 399.900 381.910 387.910 410.775 428.924 434.362 441.429 464.387 485.610 498.110 495.820 485.000 469.768 453.558 430.303 407.601 385.595 400.348 399.556 401.909 426.726 453.690 447.787 419.645 402.798 422.998 420.908 424.139 452.002 476.194 508.140 533.104 532.186 521.893 501.048 506.950 525.136 515.031 492.065 466.531 443.746 425.226 435.830 440.134 417.689 420.677 439.578
496.976 507.451 488.296 473.317 462.268 438.449 436.263 459.484 483.586 503.011 506.897 504.618 502.124 487.786 469.206 446.485 430.856 434.049 426.947 408.657 393.856 371.275 382.701 407.704 418.176 425.381 442.149 467.072 486.842 494.445 489.039 474.275 459.616 446.669 421.000 399.738 379.707 381.301 389.789 390.314 418.494 438.547 425.912 401.173 384.813 397.552 410.934 429.303 454.764 485.182 517.172 529.379 521.067 502.574 477.818 488.727 501.649 508.374 494.530 469.344 442.586 417.161 416.369 426.753 407.705 407.312 426.493
480.422 490.476 484.438 467.421 447.277 423.689 434.012 458.644 484.511 502.316 492.712 482.967 485.118 477.560 465.205 442.605 416.632 415.644 417.456 405.578 383.349 364.056 376.459 393.383 406.523 429.678 449.706 471.013 486.474 490.264 479.877 468.130 455.835 437.695 421.395 399.450 378.895 366.806 377.372 380.296 405.248 420.444 404.934 379.090 379.552 408.058 425.634 440.467 463.327 483.721 507.281 515.197 511.417 483.722 459.113 466.350 484.223 494.942 492.421 477.799 449.702 424.317 401.888 408.952 397.496 393.611 417.943
474.117 464.406 468.767 460.534 437.186 411.508 427.588 454.362 480.080 494.893 481.009 464.423 459.873 460.458 456.316 440.929 413.837 402.588 399.033 396.765 377.167 356.237 367.731 384.099 411.192 435.636 456.565 475.549 484.013 483.150 476.065 466.434 453.971 437.568 423.678 403.062 374.575 357.203 361.847 377.300 401.271 401.313 383.387 362.268 390.109 416.474 434.822 458.647 470.052 483.047 483.179 489.692 500.649 475.449 454.149 440.945 466.381 477.521 472.150 476.155 454.918 429.826 404.714 386.527 385.770 383.233 407.304
481.302 463.504 448.841 438.010 419.966 400.832 419.677 446.671 471.253 484.397 479.219 462.104 440.760 437.821 440.541 435.084 416.277 403.762 381.449 374.777 370.048 349.245 366.673 387.268 414.195 439.097 459.594 473.817 480.065 475.508 472.284 464.620 453.618 438.257 423.674 401.446 376.219 351.386 351.845 376.936 391.754 378.149 359.257 360.801 389.639 419.265 440.931 460.475 454.977 457.354 458.484 481.170 493.347 471.589 454.550 431.146 439.437 460.951 449.806 467.436 456.740 428.776 407.944 386.267 367.618 367.223 390.395
485.497 468.055 453.259 430.895 409.668 390.173 406.794 431.261 453.985 472.873 475.936 460.624 441.607 418.899 419.424 424.496 416.458 406.165 386.575 357.998 358.937 344.415 358.282 384.388 409.535 432.818 452.588 468.025 467.054 459.756 465.021 461.762 450.040 436.307 421.030 396.682 376.665 351.413 342.964 368.897 373.489 350.407 346.128 370.099 396.134 425.349 440.441 446.164 429.970 431.432 443.658 478.262 487.233 467.972 452.088 427.302 413.656 433.755 429.575 450.382 458.879 431.110 411.753 392.640 366.992 350.405 370.512
478.701 466.232 453.034 431.858 411.327 386.324 388.213 410.671 431.862 449.378 468.496 461.396 441.748 419.684 407.378 403.133 403.356 397.985 378.152 353.693 343.243 335.397 353.876 379.632 405.057 425.861 447.223 459.309 448.159 434.604 454.881 457.005 443.677 432.190 413.451 392.855 373.225 350.140 334.877 354.576 345.305 328.030 354.305 379.620 402.282 416.247 417.763 416.786 406.025 415.552 442.661 468.912 482.883 466.490 449.970 430.395 409.152 399.323 412.101 437.278 453.584 436.543 412.005 390.462 365.568 339.593 354.635
472.776 460.311 444.516 427.809 410.614 386.962 372.918 390.647 406.096 427.737 450.398 457.674 444.515 424.604 408.454 394.984 380.467 377.638 368.436 352.807 333.984 331.130 356.712 381.250 408.143 429.477 441.628 435.364 417.325 422.769 447.510 453.382 438.343 424.976 405.992 387.639 372.578 353.242 333.192 327.102 320.537 331.100 360.166 381.641 385.541 383.238 390.293 391.865 390.020 412.479 436.566 460.893 478.621 464.110 449.167 431.069 414.714 392.105 392.218 419.074 429.996 431.090 411.732 388.767 368.333 341.033 332.504
472.884 459.987 442.016 427.226 409.499 386.105 366.555 370.508 388.610 409.859 431.435 443.259 444.064 426.956 407.452 389.734 375.840 362.822 358.663 346.387 325.316 333.338 356.535 382.456 411.313 428.075 423.827 415.308 396.236 417.961 446.058 451.274 436.746 418.881 399.546 385.728 373.301 353.952 335.757 313.521 307.489 341.526 359.521 365.610 359.800 357.626 362.566 369.366 392.994 419.847 445.265 466.454 474.523 461.854 445.693 431.060 415.376 395.570 375.126 395.402 400.250 406.706 407.761 396.297 377.809 349.945 321.736
473.303 462.443 446.064 431.208 413.287 386.904 364.496 356.630 372.310 395.378 407.664 416.863 429.406 426.834 406.951 380.782 369.671 358.695 344.891 339.670 316.088 326.751 354.680 375.870 403.563 415.413 402.866 387.212 384.484 412.346 443.984 450.803 436.927 416.226 397.505 384.874 372.598 352.888 335.973 315.039 304.987 334.601 347.349 338.684 337.353 354.102 371.025 386.401 396.732 418.755 444.524 466.353 470.337 459.690 445.046 430.981 414.574 394.487 370.188 371.050 374.331 379.112 385.500 387.294 381.772 356.561 329.762
470.723 462.593 447.226 432.070 413.601 389.390 368.186 349.234 356.665 371.411 384.982 395.353 409.305 416.885 409.378 385.816 362.547 355.052 335.816 333.632 311.875 322.493 352.943 375.065 396.305 399.276 379.410 365.778 382.111 406.410 435.271 449.133 434.079 412.016 394.822 382.013 368.684 350.186 333.845 313.052 303.516 319.860 321.251 327.398 346.483 367.555 387.937 403.331 412.356 426.398 443.169 461.101 463.264 454.285 440.176 422.597 410.628 395.851 375.454 361.318 352.863 356.776 357.338 358.729 356.983 347.700 331.606
460.375 457.081 446.621 433.061 415.958 394.790 375.243 353.284 341.204 350.543 368.411 378.370 394.776 409.684 409.498 387.900 364.289 343.273 327.677 324.147 311.768 313.095 340.151 363.283 384.588 377.017 359.675 355.797 380.326 400.276 423.908 442.456 428.379 406.770 388.660 374.294 355.917 337.656 320.577 301.137 291.744 302.180 315.097 336.191 356.195 375.345 398.727 414.003 422.952 434.839 453.270 468.318 461.779 450.447 434.041 421.685 409.536 394.807 372.664 360.072 348.655 337.842 335.243 328.250 328.340 322.328 312.308
440.914 440.536 440.960 434.536 422.785 405.909 383.292 361.530 344.973 336.873 350.272 363.301 382.033 399.991 405.992 386.157 363.610 341.886 323.814 310.920 306.368 299.556 322.266 344.430 366.827 356.588 338.309 352.586 374.491 393.372 416.694 429.785 418.272 402.220 382.730 363.110 347.796 333.178 315.000 289.895 285.277 303.019 320.265 339.067 361.615 376.610 402.927 421.327 436.283 450.245 469.954 480.937 469.401 457.404 443.694 432.285 421.576 409.822 388.534 366.551 347.401 337.536 329.603 323.351 317.248 309.202 297.553
430.000 419.211 422.723 428.912 422.741 409.283 392.599 370.640 352.419 331.970 334.770 349.944 371.333 390.070 403.744 384.023 361.234 339.867 324.367 311.600 295.536 289.054 305.348 328.702 349.285 333.521 328.234 348.032 367.795 387.658 406.811 409.916 403.567 392.926 376.348 353.950 338.015 322.217 310.411 286.524 283.342 303.799 320.209 335.959 357.038 374.657 402.222 425.920 446.328 461.813 484.499 490.122 480.675 464.464 449.619 436.124 424.654 413.486 396.744 377.154 360.727 351.812 344.509 337.148 330.968 325.520 317.132
427.411 407.130 406.869 416.009 416.987 399.921 389.379 375.547 357.302 337.022 324.208 338.989 363.474 383.962 399.746 385.519 365.108 348.246 331.464 316.901 303.916 281.752 287.631 314.955 322.046 312.776 330.512 351.340 371.216 388.824 399.014 391.328 386.967 381.782 366.687 348.182 335.319 318.945 293.474 277.013 286.479 309.338 322.425 337.669 355.625 376.419 404.201 425.035 447.013 459.530 481.457 488.171 479.473 467.028 455.509 442.873 428.673 418.430 405.329 392.743 376.863 365.987 355.682 347.071 343.144 336.635 326.747
426.432 402.868 392.230 403.264 414.611 400.782 382.124 372.711 359.026 340.435 317.715 329.442 357.141 379.214 393.843 389.721 372.653 360.383 343.567 325.704 309.221 288.319 274.255 293.773 300.642 311.812 329.069 349.195 372.652 391.334 387.975 372.966 364.636 366.595 362.849 349.148 336.561 316.692 288.274 270.499 289.790 315.840 330.734 346.288 358.325 373.539 393.982 403.294 421.485 444.312 466.858 470.263 470.541 452.468 445.549 441.456 432.354 424.079 414.344 403.111 389.224 377.492 365.053 357.911 351.686 343.326 330.124
420.004 406.693 386.870 390.141 402.470 401.715 383.089 366.797 351.707 334.730 311.643 321.900 349.720 374.929 390.941 391.911 381.405 368.118 352.847 333.856 312.293 293.734 269.355 276.291 294.321 321.756 334.898 346.945 370.327 388.669 380.030 362.608 343.851 343.920 346.956 339.067 330.283 307.736 283.712 265.622 287.659 314.758 331.184 337.219 343.714 351.271 369.632 392.886 414.612 441.478 455.637 456.643 462.792 443.461 423.057 415.945 415.723 420.676 418.852 411.352 401.228 385.972 373.605 363.379 353.547 342.840 326.444
410.906 403.518 387.113 375.175 385.557 392.834 382.832 366.690 348.583 325.419 306.188 312.494 341.955 371.879 390.144 390.927 377.566 367.395 358.364 338.774 312.543 291.739 268.340 273.771 300.416 328.430 345.894 363.076 377.458 383.978 371.105 353.682 334.946 321.738 322.995 320.407 304.053 285.348 265.214 260.827 278.805 303.306 313.756 319.851 338.422 358.688 373.335 391.628 417.256 433.929 432.096 448.455 457.858 436.686 416.920 398.190 391.308 394.453 403.625 406.139 397.214 382.806 373.350 363.825 350.037 335.855 320.919
403.417 393.123 382.084 360.500 365.743 378.571 379.663 360.329 345.450 322.224 298.322 306.723 335.590 368.385 388.739 390.403 373.827 355.008 346.152 331.759 306.269 284.643 262.225 269.047 299.012 328.820 350.041 370.454 378.874 372.363 358.243 342.284 328.470 313.213 293.227 295.983 284.900 264.433 249.703 259.637 281.604 300.236 312.887 328.951 349.244 364.970 379.969 397.529 415.976 419.123 414.218 440.699 455.282 439.536 418.652 400.625 373.154 363.998 377.019 383.330 374.728 356.519 352.490 360.258 349.484 334.824 322.061
403.975 391.549 374.942 361.009 350.098 359.839 370.529 356.698 335.040 311.132 286.859 303.454 333.231 364.877 386.125 390.086 374.381 351.462 330.939 312.254 291.817 268.413 254.826 275.387 301.212 327.753 350.750 371.182 372.224 357.866 344.115 330.645 313.465 299.732 283.124 268.352 265.305 252.958 246.887 259.047 280.037 303.774 320.610 341.488 357.937 370.366 392.389 405.119 406.984 391.416 404.010 430.918 452.423 438.404 418.394 399.216 374.857 347.347 346.697 358.116 355.248 342.221 332.809 346.464 351.094 338.302 322.487
409.810 399.393 381.367 364.357 348.710 338.803 358.187 351.766 326.446 303.501 276.989 299.667 330.637 361.206 382.948 389.659 374.362 351.214 329.587 308.718 287.443 262.584 250.840 275.490 295.412 322.739 347.318 369.292 371.142 353.683 334.556 320.031 295.247 279.724 273.605 259.249 248.556 240.223 253.491 270.383 282.482 301.628 319.875 337.730 360.192 381.715 398.032 396.795 385.925 381.331 404.408 427.548 450.758 434.291 414.670 391.331 370.001 350.527 329.235 336.622 340.953 328.904 313.625 332.113 341.002 339.851 326.385
406.680 395.337 377.443 360.204 344.638 325.882 340.979 340.644 318.774 295.345 269.709 292.350 325.251 356.230 378.726 385.970 366.820 340.929 315.436 294.298 275.856 254.965 244.876 266.877 288.805 315.210 342.190 368.051 370.612 353.242 332.512 311.434 287.565 269.460 255.847 247.874 234.906 239.860 256.079 278.207 297.276 315.137 334.171 348.526 362.099 384.737 390.579 372.441 367.150 382.328 405.848 425.712 445.775 434.925 414.944 391.600 364.192 345.883 325.213 313.217 315.362 306.326 298.018 302.928 313.090 320.963 327.816
396.822 377.168 368.919 357.691 337.431 320.639 320.963 319.595 302.944 285.663 265.428 290.132 319.870 351.366 368.309 377.025 357.010 334.876 309.459 283.942 258.147 240.102 244.211 270.421 294.616 323.352 351.789 368.925 364.759 340.941 322.670 297.833 282.034 264.641 243.304 229.440 232.786 251.218 268.700 284.591 306.272 328.754 349.221 361.475 371.356 384.944 373.223 351.195 366.481 384.123 403.387 421.855 435.960 430.087 412.754 392.517 369.814 348.694 327.156 310.255 297.008 287.772 279.992 277.750 284.372 296.066 319.425
395.087 370.352 357.250 351.048 335.248 319.213 303.206 302.442 298.470 270.779 260.647 283.931 310.724 338.213 360.223 360.556 338.452 318.599 297.785 275.099 249.678 230.503 248.556 270.663 297.893 326.382 351.757 366.150 354.624 334.699 315.039 288.761 269.845 247.497 230.314 228.879 242.326 257.060 278.235 295.721 315.969 339.584 361.706 375.016 386.880 379.714 359.498 339.799 371.794 391.576 405.583 414.138 426.383 411.589 397.645 382.897 369.682 354.745 342.038 320.566 306.867 301.343 289.857 271.484 267.241 281.171 310.249
397.194 370.680 354.641 338.762 327.275 316.293 304.765 287.353 281.392 267.630 257.782 275.618 301.205 325.784 350.995 349.395 327.073 303.786 279.633 257.374 235.249 230.503 252.937 276.395 300.576 324.226 347.852 357.443 340.207 323.188 300.119 278.202 257.244 239.172 221.869 239.814 259.155 267.918 281.610 305.151 333.410 355.008 370.770 388.822 379.793 363.531 344.028 337.841 368.707 388.114 390.326 410.920 420.639 404.158 379.759 359.431 345.810 337.130 327.883 318.002 311.869 299.280 287.799 270.967 251.295 271.671 289.651
390.012 369.660 357.959 346.518 341.741 332.841 314.456 295.267 276.088 257.885 254.574 273.736 297.637 321.700 341.312 342.236 321.229 295.153 271.748 254.978 231.701 229.798 245.576 268.484 293.765 318.767 345.885 348.090 332.275 316.728 295.378 275.873 253.439 227.006 221.869 244.711 269.362 287.777 290.978 309.079 340.210 364.140 381.555 384.976 365.302 348.941 331.288 332.745 365.944 378.398 381.580 399.575 408.553 408.693 384.832 362.414 338.188 321.554 308.434 296.703 288.621 279.001 269.100 258.658 244.938 257.695 266.832
408.422 385.669 370.490 365.259 357.394 342.582 321.912 311.789 288.265 263.134 247.975 265.710 286.604 314.995 332.383 335.394 316.702 290.068 266.065 249.199 229.343 230.016 248.274 269.571 295.519 315.642 336.445 341.568 325.596 305.494 283.155 262.354 244.382 221.869 224.274 246.644 271.405 299.501 312.638 319.662 339.029 367.065 386.737 384.835 360.527 337.024 318.283 333.505 354.744 356.808 368.609 380.624 404.031 409.976 388.965 373.044 354.816 333.092 317.385 306.080 288.102 283.548 286.123 274.987 250.670 238.760 253.218
