01_Terauchi/02_MK_TOPO/01_RR_DR/output/elevation_inRR.asc
ncols  372
nrows  253
xllcorner     -26340.000
yllcorner      43260.000
cellsize     30.000
NODATA_value     0.000
[rows 210 to 239 of 253, columns 268 to 334 of 372]
444.376 446.797 439.098 451.242 440.617 423.370 409.934 404.413 405.926 401.831 392.406 384.774 395.616 422.590 438.464 454.545 464.588 472.494 480.549 484.967 485.013 476.997 487.771 510.768 528.873 534.985 536.411 528.799 518.349 506.717 502.598 495.741 484.715 477.406 474.063 469.516 472.456 475.611 478.062 474.880 456.509 455.686 451.746 460.009 457.429 453.355 441.696 425.917 407.033 382.935 365.444 353.429 341.648 333.237 343.182 355.820 358.875 361.069 366.228 361.805 354.510 353.928 370.988 389.067 413.828 417.911 401.364
434.693 428.381 424.187 435.668 437.755 428.879 413.773 402.064 395.038 391.237 381.497 384.735 396.466 417.230 432.786 446.177 458.758 469.317 477.959 482.687 490.369 492.713 500.364 512.875 528.396 541.365 537.018 520.482 507.210 496.868 486.149 480.057 477.406 478.951 478.934 476.702 479.411 485.690 486.515 477.208 469.477 470.932 469.762 468.719 462.547 456.847 449.016 430.578 409.339 385.113 370.334 362.001 349.238 330.326 330.443 334.051 345.536 352.827 358.913 356.753 349.456 343.103 357.473 383.363 404.836 401.074 397.816
436.258 418.299 409.918 425.293 431.307 427.658 415.821 403.482 386.631 380.541 377.811 390.202 402.254 416.019 431.356 438.197 445.840 457.411 467.850 473.147 485.450 495.072 504.882 516.549 525.817 540.706 533.917 522.168 506.228 501.152 496.751 483.890 491.054 494.982 481.670 483.464 497.987 499.551 496.396 481.347 479.373 479.251 477.387 473.183 467.895 457.684 445.399 430.261 409.923 390.893 385.142 372.345 357.735 343.648 324.234 324.105 326.834 335.471 347.091 352.510 337.950 332.232 349.432 371.797 389.268 373.786 372.496
443.989 427.304 401.731 407.835 418.378 422.062 413.158 399.822 382.664 376.247 375.369 389.659 405.826 420.668 440.176 447.896 457.817 465.197 468.116 477.999 490.002 498.545 508.800 519.002 524.093 532.574 532.260 525.131 519.776 509.330 504.751 496.294 502.921 501.222 486.471 488.129 501.708 510.280 502.199 494.353 495.806 490.935 482.503 475.120 466.909 457.722 447.281 431.260 412.661 405.984 400.211 381.375 364.395 350.743 325.917 318.840 319.939 324.002 330.459 336.916 327.686 326.354 339.239 354.791 366.996 354.165 349.812
428.843 421.006 403.475 393.997 404.241 408.305 406.434 394.368 375.220 370.676 371.357 382.986 402.062 414.954 429.501 441.165 460.830 472.610 481.587 487.987 494.890 503.139 506.685 507.580 510.206 518.832 519.844 524.250 519.763 511.289 512.352 510.832 509.851 499.742 497.273 495.700 503.287 510.019 507.146 504.042 501.803 489.931 478.436 471.414 464.816 456.042 446.377 435.181 426.890 417.206 404.784 384.056 366.309 351.266 328.157 317.028 315.888 317.714 320.722 320.887 317.746 318.688 328.016 345.146 348.685 340.579 332.388
417.595 422.689 411.055 389.605 387.544 394.574 396.757 384.399 367.831 365.962 368.503 378.745 392.177 405.198 415.540 430.255 449.536 463.056 473.328 480.725 486.193 491.207 489.940 488.371 491.431 503.100 507.215 518.516 513.975 510.873 510.292 507.204 506.495 503.928 497.486 488.463 493.542 502.979 504.995 500.958 490.084 481.777 466.950 459.720 457.777 451.540 443.885 436.938 431.210 418.560 403.162 382.688 366.226 349.716 330.053 318.002 312.192 313.954 316.087 317.961 318.110 311.448 314.453 323.249 326.548 316.052 313.990
406.177 415.876 413.121 392.095 375.259 374.372 375.220 367.257 362.701 366.249 369.748 387.416 395.359 396.786 407.800 419.000 436.468 447.738 456.079 464.489 464.127 467.763 470.045 475.185 483.462 491.672 508.029 513.940 505.461 499.480 508.154 499.000 493.180 491.766 485.189 479.704 482.928 487.537 498.879 499.547 487.458 475.854 468.460 455.053 446.018 439.995 430.671 425.754 423.024 416.152 402.620 386.110 371.170 354.690 338.507 321.357 309.339 310.234 311.460 313.436 316.680 308.786 298.747 304.856 311.697 301.124 299.636
393.227 406.114 408.830 394.289 373.816 362.778 360.323 357.520 362.577 370.191 387.640 394.413 406.770 403.215 400.686 412.144 423.655 431.699 445.817 451.110 446.883 449.044 459.300 483.118 490.890 501.018 509.200 497.270 489.564 498.042 510.138 506.362 498.744 485.809 478.842 470.005 466.577 475.790 483.060 485.565 480.126 473.393 470.067 459.240 451.348 442.198 424.173 411.521 409.622 407.400 394.213 380.089 364.696 350.695 332.576 318.350 308.281 303.800 302.515 306.557 311.776 308.243 294.081 289.915 294.567 290.344 288.318
383.942 388.810 397.943 388.083 369.045 358.183 353.143 356.993 365.492 387.568 405.929 409.752 407.688 420.983 401.728 405.973 420.461 429.293 437.195 435.079 438.795 452.758 474.381 485.481 495.996 504.343 498.119 486.553 490.624 496.711 504.292 512.647 499.663 502.137 495.447 482.787 464.030 456.805 460.023 460.908 463.411 463.143 460.165 454.189 443.815 439.559 430.905 420.494 407.484 394.291 380.205 369.159 357.623 347.027 329.619 323.690 318.516 306.739 298.376 295.672 301.747 301.816 292.181 286.826 285.367 283.412 282.122
375.516 376.349 376.792 373.757 361.502 354.484 349.081 356.973 366.628 384.800 406.748 418.748 418.164 424.927 423.937 416.790 418.213 421.075 429.355 435.936 449.824 465.931 479.846 492.895 501.289 493.725 481.547 490.824 504.691 509.434 508.300 518.163 508.264 510.181 498.360 482.010 463.911 446.131 444.043 445.354 446.479 445.734 445.063 444.208 434.072 430.903 427.850 423.088 414.030 399.900 385.430 373.632 359.564 348.910 343.798 338.977 324.548 308.728 298.321 294.623 290.484 289.080 287.745 284.922 281.916 279.243 276.076
371.951 367.131 366.206 363.037 355.644 350.026 347.217 358.245 374.098 387.001 397.199 413.973 429.034 435.176 442.419 441.232 444.197 438.699 448.310 449.182 465.209 479.863 488.075 487.824 489.549 481.983 480.345 494.206 506.082 514.620 523.969 530.590 513.364 498.612 488.760 477.860 462.330 447.721 433.984 425.849 425.372 425.966 425.997 429.399 421.978 419.280 422.256 418.991 410.214 396.511 384.517 375.146 367.569 357.666 350.693 335.229 319.484 306.153 299.262 298.095 293.385 291.851 288.856 288.926 287.678 286.122 282.680
365.881 359.668 358.792 355.508 349.218 344.162 347.859 355.574 380.501 398.354 406.545 418.662 429.954 441.877 453.958 460.648 461.436 456.051 470.897 472.933 474.367 488.720 487.028 480.686 476.704 477.042 490.136 498.101 509.511 518.082 521.436 525.042 522.954 510.491 498.389 493.284 480.483 466.507 452.117 436.917 422.201 408.991 406.295 413.344 406.018 404.154 406.191 402.669 398.831 381.448 368.453 359.406 353.357 346.449 335.158 319.213 311.346 304.703 308.622 301.696 299.944 300.745 302.989 308.450 308.533 298.417 288.103
357.885 356.595 355.033 351.585 340.543 343.111 351.786 366.366 384.510 388.910 399.542 410.536 418.791 429.184 443.020 456.815 471.779 475.878 483.240 490.147 490.579 480.825 469.593 466.820 470.339 478.801 484.822 489.493 497.711 504.708 507.527 520.861 531.420 522.820 510.447 497.621 478.592 455.070 442.028 431.882 417.866 406.813 396.590 392.897 389.157 386.889 387.051 386.882 382.474 369.035 356.438 345.560 337.939 330.075 322.299 313.813 309.050 312.863 319.639 311.542 324.818 323.255 327.196 334.858 327.014 310.320 292.260
353.698 353.496 352.124 349.394 338.026 343.940 355.206 376.624 393.290 404.391 414.157 423.182 433.138 437.742 451.761 463.048 467.195 465.915 475.792 486.977 473.981 458.926 460.351 470.336 485.745 490.359 488.557 491.143 489.493 495.054 507.533 521.487 519.841 508.658 502.860 478.325 453.788 437.485 434.718 432.339 430.453 426.905 412.910 397.868 386.626 373.572 374.835 376.657 374.729 364.687 351.587 340.188 326.883 325.444 326.478 327.203 317.986 328.615 323.920 324.734 341.580 345.288 348.182 349.612 329.429 311.561 302.180
347.376 348.465 345.032 338.026 338.408 347.884 357.520 372.659 392.055 405.863 417.689 431.623 446.183 452.119 460.085 460.575 451.901 463.594 476.645 473.307 456.604 454.729 470.530 478.830 491.443 501.374 500.402 501.882 492.962 502.517 513.099 522.090 516.248 498.434 485.700 468.901 453.380 457.351 456.717 451.708 455.597 444.016 430.844 414.178 397.857 380.547 363.901 362.048 361.484 357.298 349.182 336.290 330.517 341.330 340.619 331.513 336.035 340.605 328.204 333.299 346.417 357.531 360.290 354.420 337.141 322.262 320.363
336.720 335.069 332.593 331.221 341.632 351.181 360.531 371.838 388.868 399.448 412.734 425.196 441.429 437.612 444.400 445.042 447.645 468.862 472.922 455.811 449.184 458.679 473.299 487.069 492.417 501.334 512.837 513.045 506.143 513.790 523.444 523.543 505.240 487.018 475.040 474.109 476.350 481.199 481.070 478.043 466.542 445.563 428.227 414.868 395.210 377.215 369.395 357.879 350.553 346.821 341.160 334.239 348.745 352.957 337.996 345.090 356.868 345.124 342.053 348.292 355.752 361.774 361.272 357.633 343.989 321.657 313.738
328.868 327.520 328.698 333.012 340.615 352.215 357.117 363.136 377.152 395.381 411.190 421.556 432.937 424.018 429.400 440.958 457.328 470.487 464.986 444.606 446.599 466.117 481.308 491.924 497.721 504.502 514.961 524.461 515.893 518.779 530.890 525.423 506.711 489.866 489.915 493.825 496.654 503.916 502.127 481.503 455.005 432.195 420.296 408.161 392.506 393.734 387.314 374.736 364.864 351.421 342.229 343.944 362.184 354.240 339.700 359.992 372.382 355.259 350.561 359.555 363.916 361.379 359.324 344.623 328.211 309.928 299.868
325.729 326.989 332.159 339.821 341.326 350.405 355.717 365.716 383.878 398.442 409.337 416.302 420.066 410.739 430.477 445.347 455.527 461.730 451.467 437.746 449.057 462.830 470.002 483.600 495.370 505.763 519.806 531.732 524.060 526.197 540.938 527.253 508.587 504.744 506.404 510.276 520.353 515.987 492.164 472.988 455.786 430.308 415.322 409.883 409.100 404.203 397.996 386.167 370.729 351.014 353.284 358.641 369.381 354.421 346.213 367.696 383.220 366.838 364.552 368.493 361.769 348.671 347.970 334.976 316.939 303.924 295.603
324.892 330.639 342.730 346.831 347.408 347.375 350.995 361.268 374.409 389.105 398.133 402.224 402.262 401.410 413.736 423.185 436.160 441.285 435.092 439.156 454.417 476.513 485.074 488.464 490.366 501.255 523.810 536.519 528.293 535.516 544.613 533.080 519.082 524.195 524.490 531.322 524.303 506.356 490.505 468.064 446.108 429.708 422.589 421.015 413.276 408.301 400.156 380.548 362.068 366.870 374.176 376.795 366.957 351.591 350.479 370.085 389.988 374.396 378.996 375.288 361.193 343.072 333.024 323.985 318.122 317.759 306.205
333.447 341.058 349.344 356.151 355.966 357.038 356.609 358.313 362.397 368.148 373.277 380.384 388.019 395.228 400.452 405.666 412.107 417.767 426.395 444.417 456.987 477.913 495.558 507.114 508.745 508.212 527.577 541.023 538.564 544.039 551.332 545.118 540.020 543.111 547.091 536.622 508.921 488.009 473.743 460.352 441.781 436.556 429.468 422.591 417.472 405.314 391.909 373.583 374.594 390.246 392.965 386.070 377.044 362.622 350.937 370.075 390.162 389.109 382.043 372.582 356.406 338.894 330.310 327.080 331.508 330.128 321.616
345.493 347.087 355.632 367.069 366.873 367.857 372.121 372.392 369.679 376.873 382.923 398.109 406.468 418.832 418.224 418.022 410.641 413.433 423.986 444.576 463.947 481.469 496.431 510.768 520.726 527.138 533.626 532.397 544.031 554.498 564.012 563.596 560.501 562.775 556.870 534.565 506.067 485.270 466.003 450.563 448.916 438.470 428.017 423.388 417.377 399.163 380.128 384.731 396.499 410.717 404.629 385.124 372.706 363.329 359.947 374.582 384.364 381.461 370.876 359.863 346.203 338.668 349.564 344.640 331.959 314.947 310.538
363.136 367.227 374.318 377.317 376.220 380.269 387.468 389.856 385.203 395.835 404.139 414.464 425.852 436.346 439.377 434.918 422.865 422.201 422.466 434.952 454.627 468.944 493.259 498.482 509.656 523.975 525.411 523.002 541.273 558.323 574.168 583.773 583.509 573.876 554.929 529.189 505.999 491.055 483.911 467.954 451.871 432.108 425.748 421.214 410.233 393.623 393.218 405.442 416.074 416.043 395.527 386.101 380.463 375.204 371.480 378.771 372.834 371.599 369.993 355.673 350.908 355.807 355.689 336.914 316.310 303.203 295.431
379.882 385.267 389.472 387.100 385.616 394.436 400.001 401.680 399.731 413.061 422.518 425.995 430.226 436.853 444.958 445.030 437.500 438.209 436.462 428.148 439.456 456.359 478.617 482.375 502.672 514.645 512.153 520.354 540.244 558.468 574.085 577.586 586.018 569.230 549.564 526.691 513.025 502.825 488.808 469.613 449.927 428.290 421.970 412.455 398.745 397.345 409.780 429.162 434.107 415.591 405.241 401.059 390.110 384.718 380.517 375.494 366.433 360.130 367.862 370.193 366.418 356.630 345.585 338.198 328.547 317.058 308.890
388.863 401.072 398.565 395.285 395.353 405.198 412.756 416.881 418.329 423.236 434.419 439.185 441.557 443.396 448.396 455.766 454.925 456.294 451.191 436.820 435.020 448.310 462.073 473.653 487.606 497.980 506.641 519.250 536.243 551.845 563.599 558.640 565.444 568.967 549.048 528.779 511.477 500.424 484.570 465.232 445.578 427.966 419.599 410.048 411.792 420.433 439.463 445.016 431.309 411.610 393.900 384.354 374.938 372.824 368.915 366.907 364.867 355.604 353.832 356.358 359.857 349.726 333.041 324.487 316.419 314.452 305.693
393.403 406.481 410.992 411.111 411.422 416.998 422.538 430.386 432.475 434.103 442.931 448.876 452.651 462.211 468.618 470.764 469.792 460.208 449.291 448.574 445.014 441.965 453.695 468.275 485.144 498.811 504.174 511.968 527.564 536.724 544.449 545.653 555.012 570.378 552.016 525.784 502.024 489.270 473.970 457.051 443.251 439.571 435.501 435.567 444.379 444.566 453.469 440.496 420.276 406.232 393.269 391.991 382.652 362.816 354.993 357.544 362.536 355.785 345.261 344.758 352.820 340.638 327.000 311.139 303.987 294.282 293.559
390.877 401.989 408.728 415.685 426.156 433.462 437.952 443.355 447.732 444.954 448.511 460.292 464.456 471.709 478.361 476.568 472.623 460.772 453.977 458.446 457.494 456.640 454.951 465.545 475.005 481.392 487.366 499.061 510.279 515.284 527.527 542.560 554.104 563.321 548.260 523.560 501.706 483.709 466.123 456.676 456.840 459.039 457.072 460.287 461.390 460.200 449.181 435.349 429.908 418.345 406.133 410.824 393.859 371.080 349.039 344.911 349.818 348.265 339.601 330.698 339.293 331.142 315.144 300.139 298.347 290.688 281.348
377.288 386.047 392.538 404.125 421.686 441.194 449.109 455.005 459.264 456.147 454.725 470.156 474.528 479.564 489.920 485.454 474.673 464.673 468.641 466.798 465.119 464.724 479.241 480.255 487.192 488.803 486.110 495.747 502.091 507.830 519.316 532.913 541.349 553.838 549.320 524.457 506.443 487.086 475.866 469.580 465.737 461.179 456.148 451.913 452.936 454.771 455.699 450.169 440.395 428.167 424.995 418.877 402.012 379.385 356.754 342.499 332.654 330.755 330.818 318.842 318.740 316.852 310.248 301.063 288.251 284.500 281.751
379.262 391.715 393.601 398.653 412.655 429.523 450.856 466.764 476.317 470.428 466.772 477.554 484.220 490.011 499.631 491.663 477.937 473.403 482.129 475.144 473.272 470.698 482.159 498.270 503.703 508.495 501.359 505.563 516.537 525.549 531.043 532.497 541.039 551.401 545.790 525.952 508.982 496.537 482.978 466.042 456.464 452.575 449.023 442.618 439.459 442.360 452.290 452.730 444.548 433.820 423.015 411.625 399.293 382.652 364.784 348.201 334.488 326.744 313.336 304.549 301.141 299.787 295.756 291.540 280.977 274.662 277.777
396.114 401.958 412.934 408.901 408.323 424.062 447.822 469.231 483.995 480.237 472.181 482.611 491.555 500.244 502.880 492.021 479.242 482.649 493.738 483.476 485.958 481.667 480.512 496.509 510.602 515.685 514.706 509.391 518.534 532.778 545.372 548.108 547.814 559.495 546.676 524.760 504.311 489.487 471.358 462.553 460.480 452.158 446.702 444.628 437.712 436.869 450.055 451.289 442.461 429.616 419.420 405.817 388.139 371.693 359.557 351.206 349.142 344.802 324.322 309.198 299.978 297.368 290.713 290.713 289.879 279.866 270.369
413.634 417.178 426.343 430.288 424.033 424.994 445.923 467.895 486.287 490.682 477.414 485.171 496.774 504.266 504.870 494.206 493.564 495.134 501.035 490.262 496.113 492.240 485.006 494.145 510.045 521.452 531.254 530.164 521.262 529.201 545.851 558.382 564.394 568.525 551.234 525.575 507.644 494.493 480.752 480.472 475.120 464.372 461.030 454.716 439.806 429.222 441.821 449.523 442.886 428.512 412.448 396.889 385.039 371.238 371.643 374.078 367.310 354.816 332.758 318.630 320.153 308.945 303.736 310.449 294.877 283.848 280.183
