01_Terauchi/02_MK_TOPO/01_RR_DR/output/elevation_inRR.asc
ncols  372
nrows  253
xllcorner     -26340.000
yllcorner      43260.000
cellsize     30.000
NODATA_value     0.000
[rows 150 to 179 of 253, columns 67 to 133 of 372]
124.242 122.514 114.872 102.923 103.191 105.447 107.772 110.239 116.410 125.270 139.356 149.313 168.381 181.917 187.589 190.283 194.436 204.375 207.423 207.606 208.026 207.489 208.815 211.748 202.532 194.397 181.922 194.925 213.635 221.388 224.336 226.134 231.156 243.940 240.591 246.736 249.015 240.511 239.446 248.436 257.110 266.020 275.582 285.354 296.503 305.864 312.250 315.007 323.338 332.971 348.643 362.628 372.784 376.004 382.729 388.178 391.007 396.432 395.237 388.361 381.301 378.086 375.916 368.823 365.321 363.596 361.539
127.146 120.933 113.634 106.537 105.335 104.699 106.528 109.418 113.633 117.550 123.207 137.179 151.314 166.246 171.071 170.840 173.458 181.431 188.225 191.703 191.902 190.823 192.906 193.552 184.542 177.492 176.090 200.918 218.109 227.511 233.478 239.360 243.295 234.686 225.076 225.831 228.409 228.695 238.342 253.153 263.039 270.795 279.914 286.795 295.958 299.238 300.509 305.426 314.109 327.869 343.522 363.419 385.065 393.414 395.894 397.012 399.936 408.926 406.329 395.359 389.662 386.540 379.763 375.528 369.058 363.340 356.006
119.919 117.520 117.601 119.542 112.736 107.848 107.832 107.754 109.742 112.141 115.490 122.950 139.286 147.080 149.849 147.175 149.202 155.814 165.240 171.997 173.658 173.675 175.189 173.482 164.992 164.214 179.357 200.723 218.785 231.527 238.380 236.269 225.250 216.974 213.414 213.260 217.246 230.610 241.780 254.100 261.929 268.851 275.212 279.124 279.619 280.797 288.858 303.135 315.098 327.939 343.598 360.808 383.272 390.374 395.526 398.881 404.560 407.695 415.301 409.122 403.689 392.975 386.364 378.416 367.851 361.228 352.411
127.464 132.805 130.556 133.907 125.910 110.612 117.333 110.197 110.506 111.681 112.138 117.624 124.294 130.305 130.543 129.771 130.723 140.579 145.661 148.283 152.042 156.083 156.407 154.594 156.116 169.243 184.222 202.403 214.650 220.179 219.751 212.159 204.117 200.841 202.169 206.284 216.140 225.301 233.512 246.029 256.398 259.107 264.031 267.482 269.706 280.264 292.457 306.783 317.289 327.125 341.238 353.844 367.456 370.140 375.323 385.604 388.245 397.484 406.524 417.848 412.035 403.538 392.071 381.151 369.633 364.200 358.890
137.045 148.254 149.047 146.596 130.907 116.417 130.605 128.213 122.415 117.527 114.815 114.160 116.418 120.484 121.563 122.974 125.824 128.545 131.189 135.828 140.676 141.416 144.495 147.623 160.432 175.254 189.955 201.889 207.354 204.587 199.750 192.459 189.410 191.598 197.914 208.195 219.859 228.835 237.392 245.426 250.488 251.197 256.198 266.800 277.559 282.752 288.018 297.625 309.044 324.854 332.027 340.531 350.445 354.284 364.128 367.417 376.535 387.139 394.336 404.844 415.025 416.106 398.713 384.852 375.297 369.243 365.642
150.616 163.704 162.530 151.908 130.825 128.711 140.438 144.519 136.016 122.783 118.157 116.991 117.553 117.970 120.331 122.720 124.121 126.342 128.895 130.006 133.358 137.907 145.525 158.034 168.882 179.480 191.198 196.235 192.917 184.775 179.840 177.950 183.543 189.968 200.408 215.383 223.765 230.019 231.802 232.148 240.205 253.582 265.082 274.543 284.587 293.036 299.408 306.964 316.825 320.335 322.887 328.034 334.384 349.534 355.390 358.501 367.385 371.166 379.594 388.743 401.851 418.492 408.985 392.831 384.164 380.561 374.472
168.299 177.747 169.991 151.543 130.747 137.912 149.263 153.133 144.120 131.246 119.877 121.137 122.083 121.710 125.170 127.949 128.824 127.475 128.876 130.173 136.980 144.628 155.144 163.707 170.116 176.282 182.578 180.658 171.656 167.731 171.798 183.893 193.220 197.515 205.788 216.943 220.434 221.132 225.911 232.624 243.178 257.909 266.470 272.446 285.646 295.546 303.465 310.299 311.885 311.691 314.749 319.854 330.055 341.138 348.176 353.546 358.388 359.844 369.155 380.612 388.819 401.955 420.978 406.541 395.578 390.118 379.557
181.838 182.198 169.124 150.300 134.663 147.514 157.251 159.770 150.425 137.902 125.208 134.059 131.559 127.012 133.522 136.857 138.809 137.129 133.917 133.787 136.106 138.875 148.154 154.061 161.074 169.160 163.794 161.936 160.194 162.777 183.526 196.741 204.297 210.998 211.624 212.576 216.834 224.984 232.484 239.159 251.239 254.280 258.001 268.706 280.305 288.001 294.362 302.206 301.543 298.449 305.429 318.617 325.327 329.369 335.796 340.995 350.185 353.946 358.244 369.406 384.736 398.328 412.824 418.258 406.085 390.382 378.193
188.141 181.447 163.659 147.560 145.467 156.377 163.866 163.667 156.263 144.137 131.238 144.105 141.247 133.598 146.094 146.846 148.893 152.362 152.036 144.647 137.419 138.076 142.193 146.412 149.444 153.558 155.584 160.004 160.004 160.004 182.629 195.359 200.722 196.434 197.635 208.899 215.647 220.682 231.232 233.784 240.093 247.951 255.068 263.784 273.620 284.541 279.464 284.338 286.301 287.776 301.860 314.947 319.719 321.891 326.786 332.111 339.759 345.004 355.448 368.390 379.150 390.565 401.236 408.820 410.729 394.047 384.137
187.542 174.176 160.540 155.952 162.595 166.648 172.216 168.372 161.559 148.428 137.347 153.781 153.328 137.368 154.163 160.614 164.584 170.152 169.519 160.474 144.041 138.297 140.305 143.856 147.848 153.620 160.105 168.693 164.567 160.004 167.080 180.338 184.571 186.241 188.601 197.848 206.658 211.588 219.880 229.333 239.804 246.323 255.299 266.658 275.775 279.754 271.484 271.672 277.476 286.010 296.961 306.808 311.861 316.430 320.273 325.715 335.799 345.509 355.581 363.158 369.966 378.380 386.783 394.609 406.016 402.118 388.072
184.066 169.763 176.603 168.417 176.996 180.100 181.871 174.685 163.842 148.291 145.928 163.488 160.571 147.467 152.374 166.418 172.976 176.126 178.858 174.455 164.218 160.358 155.961 161.852 172.812 173.801 177.143 186.441 179.403 167.107 166.648 169.807 177.184 184.514 188.825 189.581 195.934 203.983 219.897 232.277 238.022 243.351 252.883 259.799 268.417 269.485 262.321 269.061 276.008 284.200 288.083 292.342 301.624 307.240 312.397 325.080 334.198 342.663 350.786 356.624 364.462 371.560 379.307 388.991 397.433 405.595 392.367
188.646 188.514 191.313 184.322 186.248 193.661 193.000 184.026 165.336 148.492 156.563 174.504 171.881 155.697 147.942 164.278 173.199 179.335 187.764 190.162 187.285 194.149 193.509 189.155 194.214 196.347 195.590 209.927 210.153 188.197 177.180 177.224 176.260 187.135 203.581 208.002 199.616 197.242 203.483 218.047 229.364 231.677 237.303 246.619 249.928 256.755 259.403 265.176 270.980 275.263 280.974 285.494 291.706 300.032 308.626 322.185 330.718 337.760 345.257 352.517 358.304 362.596 367.078 377.082 391.057 400.847 397.628
201.871 198.882 199.473 192.186 194.017 204.105 203.672 190.149 172.295 149.701 164.311 184.189 187.082 170.660 155.874 158.540 171.693 179.520 190.502 201.466 206.403 210.566 212.247 206.139 213.152 214.603 209.860 222.034 227.084 210.332 195.794 194.005 185.358 182.811 205.465 216.807 219.854 215.321 212.788 214.342 215.811 218.810 225.581 236.090 242.722 251.572 256.597 261.219 262.891 279.949 289.898 292.585 296.583 301.513 307.321 317.827 325.609 328.470 331.776 342.783 344.493 350.269 354.812 365.203 383.568 395.956 403.533
207.449 207.907 207.593 205.571 209.340 213.457 211.415 195.753 172.859 158.229 176.489 196.019 199.227 183.306 169.609 160.816 162.443 178.439 191.359 205.581 219.757 223.832 223.340 220.701 224.860 227.910 224.628 233.880 239.435 224.894 205.583 206.103 200.098 185.612 200.319 217.497 230.762 238.482 237.957 236.063 236.527 237.606 237.957 237.534 237.930 244.767 251.972 254.786 257.201 267.465 273.022 278.899 288.197 294.295 300.924 307.153 317.619 322.119 321.675 324.118 328.920 341.914 347.551 360.920 374.632 387.361 394.304
203.777 213.949 218.341 218.427 221.558 218.340 211.361 196.792 173.491 173.718 193.976 210.315 208.926 197.167 183.783 177.658 174.155 176.612 192.579 207.250 221.231 231.937 234.815 228.971 234.684 238.785 235.108 244.372 252.788 237.841 215.833 218.664 210.368 194.001 194.180 214.594 233.408 246.489 254.898 257.063 257.546 258.999 259.910 260.753 260.238 255.815 249.829 250.040 252.134 256.043 260.296 264.470 270.022 277.146 283.717 293.234 304.264 307.679 307.942 311.761 323.280 339.136 350.238 357.035 365.739 375.247 379.692
188.269 204.931 218.445 227.138 224.938 215.926 205.050 191.194 175.270 190.466 207.502 220.297 218.351 207.500 194.944 192.302 183.213 174.413 195.232 210.352 225.239 236.032 243.611 240.686 244.719 249.545 246.601 257.599 262.316 249.888 229.093 231.036 225.552 208.069 194.001 209.011 232.834 246.901 264.211 276.178 280.122 282.384 283.863 289.425 292.096 289.550 280.973 275.085 277.550 277.672 275.389 275.583 277.217 279.330 283.881 287.778 291.306 296.386 303.964 306.794 320.230 335.478 344.058 351.591 357.145 364.161 367.897
187.966 191.308 204.172 224.670 225.517 211.578 199.474 188.210 187.072 202.549 216.415 227.700 226.564 219.991 206.916 200.602 184.775 183.336 204.970 219.254 229.604 238.429 248.159 252.663 254.862 257.770 258.366 266.403 270.024 256.655 240.168 241.822 237.563 223.768 200.083 204.582 225.852 244.725 262.165 274.620 283.449 293.068 299.854 302.605 306.033 309.505 307.852 302.169 300.650 300.703 300.931 299.715 299.938 300.697 309.498 308.741 310.671 312.869 321.713 324.546 322.412 325.589 332.281 341.965 351.636 358.243 361.089
202.174 201.315 203.204 219.588 220.418 208.948 199.914 187.398 192.603 205.939 221.544 233.776 234.969 226.943 216.002 201.757 202.016 200.116 201.047 216.468 227.887 238.939 248.134 257.107 263.161 266.278 267.843 275.218 280.677 266.536 250.822 256.710 248.199 233.394 209.356 201.706 214.108 235.328 250.427 256.954 266.906 277.776 283.547 283.913 284.571 288.905 293.288 302.172 312.664 320.007 320.003 320.168 321.790 323.753 328.366 332.746 337.956 338.921 330.075 341.574 344.806 343.590 342.583 342.331 345.113 347.177 358.274
218.590 221.180 221.168 223.736 216.552 205.249 196.090 190.060 201.633 208.612 223.895 237.999 240.896 232.304 216.770 205.651 216.426 219.547 218.392 228.478 229.561 235.022 246.748 258.033 268.807 274.873 277.101 286.030 297.244 283.893 271.453 270.516 255.671 237.177 219.578 207.947 209.608 216.475 224.516 237.478 250.509 256.924 260.948 274.891 285.443 288.348 290.086 290.528 298.524 323.315 336.351 339.851 341.593 340.683 340.922 348.220 354.563 357.288 347.033 348.239 364.487 368.462 364.798 360.433 363.466 354.782 359.702
226.802 232.114 233.440 232.691 225.774 214.783 202.775 198.328 207.595 217.011 223.788 238.079 242.980 235.523 216.311 213.188 226.567 235.650 240.408 245.957 241.558 239.372 258.613 270.100 277.554 283.764 288.470 296.890 309.683 297.730 286.589 280.365 257.132 238.464 239.106 222.233 222.268 232.295 234.740 238.655 246.636 256.406 278.624 295.154 306.331 311.516 313.612 307.407 296.709 318.846 343.548 359.416 364.218 362.221 356.300 360.000 367.443 371.806 363.519 362.803 384.593 396.104 397.428 394.716 389.929 379.621 364.233
233.579 239.600 248.841 247.439 237.574 227.058 212.672 212.212 212.259 224.883 231.727 236.432 245.183 234.719 218.880 219.518 226.679 238.730 248.630 255.273 251.769 248.117 264.011 276.409 284.073 291.006 300.191 308.595 317.575 307.066 293.509 281.806 261.932 259.934 248.500 230.913 230.795 252.489 258.619 264.099 271.693 279.828 294.653 313.663 325.700 331.367 325.169 314.909 300.166 311.517 335.267 354.761 369.644 380.821 374.893 376.139 379.208 379.635 373.620 374.744 397.630 415.434 420.093 417.930 406.787 394.040 380.494
240.752 248.721 261.265 262.471 248.580 236.716 232.661 227.832 226.332 235.306 242.246 245.673 249.977 239.069 233.806 233.683 233.624 238.070 248.980 263.097 262.990 260.102 264.587 277.271 286.328 296.496 308.052 320.074 323.972 312.657 299.053 289.705 288.789 286.130 256.793 239.256 235.477 263.770 280.916 289.731 293.097 299.064 314.051 329.768 343.708 349.402 332.284 326.590 319.072 311.367 315.896 331.831 347.743 364.252 380.804 386.694 393.599 395.904 388.982 381.050 397.094 416.726 429.751 428.985 413.531 398.788 388.047
243.937 252.758 264.546 268.330 258.663 250.789 247.142 241.147 242.739 249.802 253.191 254.386 255.372 252.542 252.462 251.775 247.440 255.147 261.621 271.189 274.170 274.519 280.780 284.992 288.914 299.555 311.343 321.892 323.270 325.956 312.665 306.382 312.227 301.937 269.080 246.467 236.656 265.427 289.045 309.074 321.460 326.797 331.163 337.508 349.121 359.215 341.109 342.444 341.168 337.313 327.624 322.141 331.394 350.971 366.078 377.506 393.365 411.077 404.726 398.205 396.610 412.103 426.294 436.257 422.867 405.153 392.265
230.251 238.611 250.136 260.565 255.666 250.616 246.469 242.195 242.944 242.914 247.347 252.663 260.773 266.752 267.832 268.502 269.219 269.563 273.673 273.097 272.166 271.437 282.049 291.552 297.729 306.126 313.591 312.357 310.744 329.883 327.486 324.525 323.133 305.290 281.088 254.415 242.394 259.730 280.432 301.804 322.033 335.496 343.323 348.886 355.197 363.751 354.156 363.029 364.239 360.138 348.324 341.919 334.288 342.470 358.873 367.021 382.705 398.722 413.741 415.917 400.609 415.461 429.317 442.751 431.426 413.370 394.080
215.726 224.291 237.924 249.675 248.801 241.077 236.064 231.948 228.791 228.646 235.718 241.756 249.241 262.817 266.926 265.893 266.172 270.835 264.940 258.644 260.946 257.402 269.889 282.949 291.686 298.526 298.689 294.915 297.967 319.510 322.898 325.413 325.135 309.072 288.407 266.638 249.208 254.170 268.450 285.945 301.599 319.737 330.663 340.174 346.984 354.250 369.203 379.282 382.896 379.993 366.914 362.092 349.799 339.367 341.936 356.408 369.094 385.861 397.688 417.099 422.406 423.083 431.663 450.056 436.791 416.783 393.718
199.059 213.045 226.569 242.103 239.847 232.713 226.530 219.968 216.804 220.984 229.707 235.561 239.982 245.872 250.297 252.021 252.092 256.316 248.866 245.049 244.709 244.631 254.912 267.359 277.594 284.256 285.413 284.049 288.381 301.521 306.876 317.323 330.437 322.196 302.066 282.538 276.259 270.645 266.819 273.060 287.217 303.465 312.897 320.091 328.178 339.885 353.737 366.440 374.073 385.668 390.781 380.962 363.329 357.407 353.157 347.703 355.021 370.900 384.910 396.088 404.625 417.995 435.782 454.658 441.156 420.260 401.650
193.411 204.306 218.732 234.722 233.022 223.448 216.301 212.082 208.694 215.695 222.665 227.600 228.360 228.371 235.519 240.018 241.203 243.892 242.266 238.843 232.508 230.289 240.969 251.187 261.116 266.499 269.654 273.084 277.144 287.014 301.955 321.073 333.575 334.779 317.492 301.610 304.076 298.472 289.647 286.272 281.386 290.147 311.077 331.871 339.781 340.501 342.036 350.898 361.486 382.319 394.464 397.047 387.588 383.258 372.731 367.522 370.677 362.529 372.962 382.268 394.589 412.607 435.858 458.271 452.726 436.014 414.587
191.024 203.944 218.306 230.755 222.946 211.429 202.595 197.870 203.530 211.680 215.468 214.598 212.665 213.051 219.811 228.870 228.984 230.863 233.145 231.493 221.890 214.449 226.483 236.511 243.572 248.697 249.683 257.839 271.451 292.132 309.361 316.106 323.482 341.680 335.445 325.127 326.460 322.642 314.781 309.231 295.564 300.169 318.210 338.757 359.261 361.643 349.526 349.131 367.440 379.120 394.484 407.704 407.941 401.336 393.340 382.499 382.686 369.636 383.558 391.007 395.562 413.700 434.579 452.884 454.425 438.459 419.008
194.141 204.833 213.647 221.947 213.561 199.838 188.015 184.951 192.285 200.752 206.622 205.322 196.164 195.720 202.900 210.475 211.865 216.076 222.249 223.468 214.102 201.479 211.899 220.518 227.209 229.993 243.452 256.638 271.866 288.536 300.706 301.414 311.630 329.916 347.139 346.180 343.458 347.703 342.917 331.110 316.396 305.964 327.301 346.683 367.354 377.998 365.485 358.640 376.821 387.387 396.966 405.813 403.372 401.172 403.019 399.046 382.450 379.123 392.146 404.869 410.349 415.647 427.167 442.343 452.808 446.226 433.977
191.306 199.364 204.244 211.564 203.976 190.759 174.747 172.121 181.317 186.232 194.667 199.690 191.696 179.393 186.662 194.349 197.251 205.317 211.077 213.983 207.611 191.464 197.707 205.477 205.679 220.782 239.597 253.416 263.521 271.511 271.559 289.748 311.074 332.100 348.628 351.225 352.366 352.865 354.738 351.183 340.467 322.647 323.776 336.344 356.333 372.053 382.607 379.644 388.061 386.900 392.160 395.202 382.290 383.212 396.401 407.700 395.784 398.138 403.833 417.307 426.356 430.572 438.213 447.640 459.022 459.214 445.325
