DFSS/03_Furuegawa/04_EXE_SIMU/02_DF/input/elevation_inDF.asc
ncols  425
nrows  839
xllcorner       9390.000
yllcorner     -10360.000
cellsize     10.000
NODATA_value  -999.000
[rows 58 to 86 of 839, columns 268 to 334 of 425]
495.115 495.114 495.103 495.029 495.146 495.571 496.176 497.216 498.181 499.144 500.414 502.458 504.858 507.463 510.351 513.803 517.178 520.443 524.030 527.990 533.010 538.326 542.030 543.558 542.725 541.959 542.805 544.687 548.134 552.878 557.311 560.667 562.590 563.797 564.491 564.946 565.684 566.500 567.403 568.287 569.089 569.901 570.664 570.734 570.794 570.797 570.663 570.822 571.150 571.273 571.081 571.490 573.405 575.961 579.055 582.492 586.115 589.842 593.376 596.341 598.599 602.862 612.823 620.970 625.813 630.655 636.555
494.850 494.872 494.852 494.702 494.756 495.364 496.408 497.561 498.627 499.723 501.587 503.919 506.360 508.871 511.643 514.536 517.403 520.522 523.994 527.611 531.779 536.633 541.255 544.582 545.932 546.404 547.605 548.896 551.592 555.911 560.675 563.806 565.836 567.151 568.209 568.819 569.599 570.374 571.844 573.341 574.594 575.458 576.044 575.788 575.493 575.449 575.391 575.290 575.034 574.710 574.426 574.575 575.649 576.878 578.947 581.516 584.609 588.015 591.445 594.105 596.447 599.098 608.784 619.831 625.904 631.751 637.620
494.702 494.783 494.772 494.700 494.831 495.517 496.760 497.927 499.011 500.489 502.791 505.213 507.556 510.035 512.589 515.227 517.796 520.710 524.081 527.602 531.425 535.552 539.619 543.606 547.350 550.419 552.331 553.443 555.614 559.397 564.276 567.392 569.271 570.813 572.245 573.058 573.877 574.834 576.646 578.854 580.741 581.418 581.176 580.388 579.757 579.527 579.430 579.270 579.012 578.728 578.448 578.414 578.947 579.601 580.371 581.666 583.596 586.481 589.644 592.228 594.840 597.638 603.233 614.975 622.438 629.070 634.583
494.539 494.620 494.619 494.625 494.833 495.597 496.761 498.001 499.236 501.356 503.962 506.491 508.913 511.009 513.179 515.607 518.118 521.167 524.814 528.372 531.778 535.380 539.177 543.251 547.532 551.804 555.736 558.183 560.203 564.195 568.567 571.623 573.816 575.983 577.286 578.016 578.549 579.525 581.224 583.155 584.558 585.124 584.910 584.412 583.978 583.705 583.569 583.264 582.826 582.542 582.290 582.140 582.231 582.747 583.392 584.229 584.779 585.466 588.177 590.683 593.373 596.249 599.174 605.455 614.357 622.398 628.887
494.519 494.611 494.671 494.681 494.833 495.604 496.691 498.004 499.260 501.453 504.268 507.185 509.817 511.960 513.964 516.022 518.367 521.510 525.402 529.350 532.847 536.056 539.541 543.652 548.285 553.417 558.957 562.947 566.116 569.781 572.864 575.936 578.655 580.589 582.009 582.743 583.253 583.986 585.445 587.248 588.279 588.705 588.873 588.843 588.534 588.107 587.714 587.176 586.610 586.281 586.031 585.895 585.973 586.335 586.755 587.107 587.434 587.705 588.352 589.522 592.068 594.728 597.234 600.392 606.026 612.759 619.424
494.519 494.607 494.660 494.760 494.884 495.656 496.715 497.955 499.300 501.685 504.729 507.947 510.574 512.710 514.666 516.626 518.770 522.493 527.131 531.095 534.340 537.415 541.070 545.584 550.146 555.230 561.497 566.565 570.553 573.890 576.772 579.797 582.636 584.737 586.314 587.407 588.007 588.893 591.240 593.688 594.757 595.032 595.026 594.832 594.039 593.267 592.984 592.579 591.872 591.244 590.832 590.667 590.766 591.215 591.916 592.221 592.198 592.251 591.887 592.048 592.930 593.467 595.414 597.644 600.585 604.568 611.101
494.540 494.572 494.619 494.777 494.923 495.499 496.362 497.600 499.271 502.117 505.488 508.846 511.419 513.456 515.336 517.280 519.559 524.170 529.347 532.896 535.757 538.979 543.220 548.206 552.556 557.259 563.403 569.284 573.661 577.005 580.249 583.301 586.168 589.329 591.983 593.407 594.111 595.373 598.522 601.366 602.740 603.079 602.628 601.876 600.644 599.692 599.556 599.210 598.290 597.483 597.039 597.010 597.185 597.668 598.540 598.660 598.379 598.053 597.323 596.891 596.079 594.982 595.530 596.757 597.791 599.779 604.119
494.581 494.515 494.610 494.699 494.877 495.055 495.479 497.009 499.175 502.622 506.405 509.868 512.432 514.401 516.179 517.995 520.987 526.396 531.348 534.359 537.066 540.670 545.637 550.776 554.999 559.494 565.067 571.387 575.953 579.794 583.319 586.571 590.359 595.414 599.771 601.323 602.189 603.877 606.649 609.017 610.576 611.015 610.202 609.014 607.897 607.181 607.054 606.459 605.179 604.273 603.931 604.337 604.855 605.206 605.707 605.253 604.749 603.866 602.957 602.347 600.779 599.447 598.244 597.703 597.498 598.629 599.655
494.582 494.515 494.600 494.612 494.712 494.812 494.922 497.115 499.335 502.987 507.070 511.036 513.368 515.609 517.611 519.199 523.381 528.907 533.000 536.128 539.208 543.316 548.659 553.259 557.405 561.883 567.325 572.820 577.806 582.540 586.011 589.618 597.079 604.092 608.455 610.221 611.598 613.765 614.554 615.840 616.832 616.618 615.763 614.984 614.648 614.612 614.525 613.552 611.685 610.132 609.649 610.772 612.284 612.518 612.069 610.916 609.754 608.435 607.309 606.932 605.589 604.324 602.640 600.858 599.944 599.793 599.992
494.582 494.515 494.608 494.673 494.629 494.800 494.747 496.605 499.347 503.406 507.560 511.667 515.350 518.017 520.265 522.715 526.450 530.731 534.549 537.909 541.313 545.447 550.641 556.058 560.699 565.635 570.451 574.650 579.258 584.504 588.925 595.785 604.998 611.739 615.722 619.093 623.618 626.124 626.609 626.632 625.732 624.139 622.701 621.611 621.052 620.984 621.091 621.075 620.764 620.331 620.068 620.023 619.930 619.392 618.461 616.911 616.219 615.313 613.883 613.506 611.777 609.748 608.141 607.546 607.237 606.803 605.937
494.534 494.515 494.611 494.697 494.661 494.741 494.702 496.074 499.610 503.821 507.792 511.934 516.188 520.278 524.423 527.553 530.040 532.963 536.263 539.682 543.305 547.205 552.345 558.720 564.192 569.377 574.058 577.934 582.010 587.442 594.382 602.654 611.232 617.600 620.517 624.574 629.700 631.595 631.799 631.676 631.076 629.983 629.221 628.604 628.217 628.166 628.230 628.338 628.370 628.041 627.483 627.113 626.600 625.898 625.151 623.940 623.405 622.664 622.186 621.997 620.742 618.466 616.304 615.771 615.466 614.802 613.346
494.500 494.514 494.607 494.663 494.700 494.700 494.700 495.549 499.829 503.938 507.707 511.840 516.194 521.171 526.890 530.685 532.891 535.217 537.872 541.030 544.642 548.469 553.825 560.849 567.089 572.638 577.617 581.734 585.711 592.046 600.141 608.155 615.893 620.854 623.258 627.096 631.485 634.264 634.715 634.705 634.600 634.142 634.014 634.054 633.995 633.889 633.644 633.485 633.347 632.755 632.103 631.693 631.140 630.447 630.072 630.054 630.498 630.359 630.461 630.418 630.035 628.275 626.001 624.850 624.156 623.099 621.096
494.500 494.514 494.600 494.607 494.701 494.721 494.721 495.104 499.780 503.694 507.333 511.364 515.680 520.591 526.754 531.226 534.264 536.871 539.237 542.119 545.576 549.820 555.771 562.600 569.010 574.992 580.578 585.264 589.830 597.235 604.840 612.549 619.366 622.537 624.964 627.897 631.832 636.409 637.572 637.607 637.529 637.287 637.958 638.778 638.957 638.566 637.547 636.753 636.370 635.616 635.098 634.664 634.074 633.318 633.162 634.474 636.414 637.267 637.343 637.400 637.592 636.678 634.993 633.556 632.380 630.579 628.102
494.500 494.514 494.600 494.607 494.703 494.799 494.800 494.892 499.379 503.274 506.786 510.477 514.818 519.569 525.630 530.589 534.113 537.249 540.349 543.592 547.052 552.379 559.279 564.607 570.086 576.212 582.525 588.045 593.752 600.662 608.015 617.703 622.196 624.921 627.045 629.022 634.269 638.845 640.671 640.878 640.866 640.943 643.554 645.385 645.444 644.412 642.029 640.100 639.489 638.853 638.251 637.639 636.817 635.857 635.568 637.191 640.007 641.931 641.953 642.157 642.060 641.601 640.867 640.354 638.957 636.177 633.607
494.500 494.514 494.600 494.607 494.703 494.799 494.800 494.892 498.658 502.526 506.052 509.555 513.898 519.178 525.086 529.904 533.650 537.143 540.716 544.428 548.986 555.711 562.684 567.204 572.236 578.416 584.685 590.773 596.589 602.421 609.036 620.763 624.632 627.507 630.755 636.256 642.313 644.541 646.094 647.345 648.864 651.327 654.359 655.193 654.512 652.972 650.578 648.244 646.327 644.841 643.431 641.480 639.131 638.309 637.801 637.947 640.188 644.538 644.715 644.996 644.824 644.362 643.699 643.195 642.255 640.272 638.620
494.552 494.514 494.600 494.607 494.703 494.799 494.800 494.892 497.712 501.792 505.329 508.633 513.262 518.769 523.920 528.411 532.326 536.084 540.065 544.493 550.427 558.072 565.059 570.103 574.800 580.041 585.904 591.623 596.853 601.964 609.943 622.152 627.777 631.978 638.126 644.246 649.901 653.048 656.094 659.961 663.169 664.814 665.025 664.124 662.493 660.584 659.320 659.066 658.836 657.213 654.607 652.488 649.365 647.203 643.822 640.623 641.565 647.275 647.474 647.766 647.584 647.122 646.530 645.918 645.242 643.692 642.344
494.582 494.514 494.605 494.649 494.703 494.799 494.800 494.892 497.191 501.147 504.463 507.457 511.244 516.975 522.296 526.802 531.136 535.404 539.777 544.581 550.850 558.432 565.212 570.602 575.294 579.961 585.439 591.263 596.608 601.669 610.896 623.591 630.789 637.286 644.005 650.472 656.572 661.529 665.647 669.418 672.482 674.158 673.404 671.500 669.294 667.547 667.377 668.487 669.557 669.269 667.803 666.574 664.467 662.033 657.655 652.239 651.171 653.662 653.522 653.331 652.230 651.302 650.072 649.111 648.274 647.006 645.723
494.583 494.514 494.610 494.700 494.703 494.799 494.800 494.891 496.905 500.477 503.447 506.144 508.739 513.969 520.034 525.275 530.149 535.047 539.936 544.786 550.348 556.933 563.214 568.511 573.290 577.924 583.198 589.490 595.821 601.793 612.075 625.081 633.457 641.129 646.604 652.383 659.232 665.548 670.442 673.296 675.832 678.934 679.271 677.462 675.421 674.206 674.632 676.257 678.107 679.463 679.747 679.381 678.537 676.335 672.254 666.057 663.240 662.321 662.052 661.112 659.089 657.273 655.028 653.566 652.414 651.174 649.731
494.583 494.514 494.610 494.700 494.702 494.799 494.800 494.891 496.312 499.615 502.381 504.982 507.495 510.797 516.904 523.482 528.834 534.292 539.932 544.727 549.102 554.139 559.680 564.743 569.414 574.233 579.541 586.025 593.552 601.336 612.927 625.802 635.333 641.665 646.006 649.251 655.596 662.130 668.131 672.115 675.488 680.714 683.140 682.525 681.437 680.786 681.284 683.322 686.025 687.996 688.561 688.262 687.472 685.182 681.402 675.563 672.183 671.602 671.679 670.330 668.405 665.593 661.911 659.903 658.621 657.258 655.623
494.583 494.513 494.610 494.700 494.702 494.799 494.800 494.891 495.529 498.718 501.550 504.167 506.563 508.924 513.193 519.160 525.640 532.332 538.629 543.136 545.999 549.576 554.665 559.701 564.607 569.699 575.313 581.589 588.277 597.221 609.295 624.086 633.616 640.875 644.532 647.493 650.006 655.986 662.654 667.893 671.725 679.081 685.436 687.378 687.225 686.914 687.677 690.563 693.898 695.624 696.420 696.621 695.971 694.362 691.840 687.470 684.401 683.415 682.901 682.647 681.740 678.472 670.927 668.278 667.240 666.498 665.508
494.583 494.513 494.610 494.700 494.702 494.798 494.800 494.891 495.056 497.584 500.648 503.191 505.470 507.691 510.758 515.822 521.881 528.607 535.041 539.311 541.746 544.659 548.443 552.222 557.854 565.086 571.824 578.759 585.292 592.313 603.965 616.704 629.727 639.898 643.252 645.572 647.684 650.878 657.190 663.169 667.905 676.803 685.173 689.817 691.663 692.671 694.816 697.534 699.166 699.919 700.417 700.562 700.295 699.645 698.522 696.313 693.099 691.079 689.800 689.325 688.403 684.614 679.067 677.348 677.057 676.973 676.996
494.583 494.513 494.610 494.700 494.702 494.798 494.849 494.849 494.849 496.544 499.755 502.270 504.532 506.760 509.192 513.341 518.469 524.496 530.272 534.312 537.134 540.144 543.710 547.209 552.269 559.855 568.470 576.367 583.203 589.403 599.531 610.034 626.396 638.886 642.285 644.385 646.444 648.545 653.110 659.801 665.380 673.229 682.926 689.885 693.391 696.042 698.908 701.028 701.964 702.455 702.827 702.901 702.759 702.401 701.693 700.519 698.830 697.642 696.763 695.867 693.150 688.943 684.641 682.548 682.461 682.640 682.806
494.583 494.513 494.609 494.700 494.702 494.798 494.864 494.806 494.800 495.859 498.836 501.437 503.747 506.024 508.324 511.795 515.992 520.850 525.653 529.735 533.347 536.913 540.802 544.525 548.620 555.283 565.534 573.972 581.056 587.495 595.848 604.457 622.519 638.341 641.706 643.752 645.769 647.762 650.502 657.641 663.967 670.448 680.194 688.532 693.374 697.198 700.456 702.569 703.761 704.297 704.657 704.507 703.936 703.397 702.686 701.826 701.182 700.704 700.086 698.565 694.912 690.836 686.794 683.620 683.001 682.954 682.997
494.583 494.513 494.609 494.700 494.702 494.798 494.800 494.788 494.798 495.598 498.008 500.775 503.172 505.549 508.026 511.157 514.723 518.377 522.446 526.909 531.257 535.364 539.286 543.017 546.789 552.363 562.812 571.101 578.120 585.126 592.293 599.564 616.707 638.349 641.521 643.423 645.400 647.336 649.186 656.152 663.105 669.472 678.089 686.890 692.829 697.016 700.589 703.378 705.238 705.792 705.809 705.195 703.908 703.097 702.414 701.560 700.416 699.455 698.363 696.185 693.250 689.635 685.315 681.185 679.243 678.332 678.203
494.583 494.513 494.609 494.700 494.702 494.798 494.800 494.714 494.788 495.395 497.891 500.629 503.241 505.764 508.266 511.149 514.417 517.750 521.629 526.279 530.880 534.815 538.134 541.567 545.796 550.766 558.727 566.953 574.013 581.281 588.222 595.338 608.182 638.116 641.623 643.361 645.181 647.090 648.940 654.674 662.033 668.762 676.706 686.064 692.743 696.930 700.430 703.098 705.441 706.172 704.640 703.434 702.224 701.491 700.846 699.746 697.750 696.023 694.467 692.054 689.262 685.292 680.725 676.427 672.401 669.796 669.018
494.584 494.513 494.609 494.700 494.702 494.798 494.729 494.702 494.787 495.255 497.909 500.752 503.340 505.850 508.304 511.191 514.430 517.755 521.622 526.136 530.397 533.863 536.916 540.165 544.103 548.753 554.986 562.624 569.486 576.325 583.705 591.125 599.898 635.142 641.157 643.189 644.819 645.749 647.469 654.453 662.155 668.869 676.345 685.671 692.492 696.564 700.061 702.569 703.843 703.566 702.541 701.416 700.365 699.289 698.101 696.174 694.095 692.285 690.569 687.687 683.667 679.762 675.703 671.281 664.909 662.171 662.826
494.593 494.562 494.609 494.700 494.701 494.742 494.756 494.757 494.844 495.034 496.865 500.132 503.154 505.833 508.309 511.202 514.502 518.065 521.806 525.768 529.673 532.959 535.810 538.767 542.331 546.758 552.051 559.421 566.121 572.418 579.852 587.021 594.776 621.107 639.002 642.162 642.708 642.883 645.349 653.335 661.976 668.705 675.888 685.096 691.812 695.677 699.021 701.150 701.707 701.122 700.129 698.797 697.456 696.082 694.693 692.712 690.474 688.291 686.299 683.008 678.289 674.877 670.936 664.614 657.765 655.396 656.461
494.600 494.600 494.609 494.700 494.701 494.737 494.760 494.796 494.853 494.861 495.865 499.283 502.578 505.454 508.144 511.309 514.914 518.707 522.303 525.738 529.143 532.176 534.909 537.659 540.885 545.099 550.089 557.163 563.960 569.952 577.150 584.005 591.133 607.191 634.281 640.084 640.249 640.007 643.024 652.353 661.629 668.081 675.207 684.066 690.649 694.494 697.326 698.804 698.953 698.287 697.175 695.759 694.214 692.650 690.962 688.990 686.642 684.371 681.560 676.827 672.064 669.893 666.517 659.748 653.195 649.939 650.479
494.600 494.600 494.609 494.700 494.701 494.779 494.723 494.792 494.800 494.816 495.609 498.800 501.969 504.916 507.862 511.424 515.478 519.397 522.835 525.917 528.759 531.417 534.119 536.828 539.835 543.851 548.936 555.750 562.746 568.706 575.567 582.279 588.419 599.446 628.943 636.817 637.825 638.061 640.904 651.611 661.121 667.134 674.358 682.727 689.172 692.989 695.018 695.795 695.694 694.977 693.745 692.089 689.943 688.065 686.345 684.482 682.135 679.652 675.114 668.675 664.195 664.368 662.294 656.891 650.910 645.461 644.736
