DFSS/03_Furuegawa/04_EXE_SIMU/02_DF/input/elevation_inDF.asc
ncols  425
nrows  839
xllcorner       9390.000
yllcorner     -10360.000
cellsize     10.000
NODATA_value  -999.000
[rows 696 to 724 of 839, columns 67 to 133 of 425]
612.592 611.357 610.108 608.388 608.190 609.753 610.871 611.874 613.024 614.471 616.074 617.458 618.076 618.220 618.321 618.460 618.606 618.706 618.809 618.906 619.003 619.099 619.177 619.193 619.290 619.380 619.390 619.410 619.421 619.303 618.301 617.224 617.523 618.571 619.284 619.588 619.570 619.013 618.000 616.846 615.692 614.538 613.340 612.130 610.940 609.447 607.412 606.008 607.151 609.304 611.171 612.922 614.723 616.226 617.717 619.329 620.382 620.607 620.376 619.838 619.050 618.254 617.422 616.691 616.018 615.495 615.607
613.895 612.817 611.570 609.703 608.212 609.385 610.594 612.000 613.560 615.174 616.750 618.056 618.644 618.832 618.970 619.072 619.174 619.305 619.458 619.555 619.652 619.749 619.826 619.843 619.939 620.036 620.128 620.304 620.392 620.805 619.047 617.736 618.407 619.607 620.338 620.700 620.598 619.886 618.813 617.659 616.505 615.351 614.153 612.943 611.753 610.393 608.655 606.735 606.174 608.285 609.963 611.914 614.909 616.800 618.604 620.066 620.890 621.378 621.188 620.586 619.905 619.089 618.290 617.584 616.912 616.249 616.125
615.616 614.560 612.847 611.063 609.475 609.428 611.090 612.614 614.193 615.829 617.401 618.655 619.212 619.367 619.512 619.678 619.843 620.020 620.179 620.298 620.464 620.613 620.705 620.780 620.877 620.974 621.076 621.270 621.716 621.658 619.458 618.391 619.093 620.125 621.079 621.747 621.578 620.686 619.509 618.365 617.244 616.090 614.925 613.904 613.069 611.909 610.014 607.726 606.351 607.309 609.553 612.935 616.591 617.806 619.276 620.437 621.228 621.932 621.900 621.318 620.588 619.807 619.134 618.527 617.881 617.208 616.746
617.396 616.043 614.567 613.132 611.335 609.940 611.168 613.271 615.572 617.093 618.249 619.243 619.817 620.135 620.380 620.550 620.693 620.856 621.033 621.179 621.350 621.583 621.732 621.700 621.798 621.899 622.047 622.188 621.941 621.454 619.675 618.917 619.419 620.331 621.488 622.612 622.517 621.512 620.215 619.030 617.949 616.848 616.011 615.581 615.124 613.907 611.486 608.770 606.974 606.881 609.772 614.986 618.372 619.125 620.044 620.942 621.720 622.490 622.604 622.004 621.244 620.475 619.765 619.153 618.515 617.874 617.363
619.183 617.862 616.771 615.504 613.469 611.462 611.577 613.769 616.854 618.615 619.492 620.191 620.714 621.115 621.418 621.568 621.647 621.769 621.941 622.125 622.314 622.579 622.786 622.680 622.654 622.479 622.603 622.662 621.499 621.486 619.840 619.328 619.654 620.626 621.968 623.429 623.426 622.356 621.017 619.804 618.730 617.860 617.507 617.558 617.403 616.107 613.133 609.965 607.615 606.826 610.276 617.619 620.063 620.500 620.900 621.560 622.324 623.095 623.313 622.701 621.932 621.136 620.330 619.629 618.965 618.327 617.921
620.958 620.325 619.221 617.733 615.737 614.154 613.144 614.144 617.290 619.733 620.849 621.479 621.928 622.196 622.432 622.585 622.623 622.708 622.849 623.073 623.336 623.552 623.791 623.786 623.512 622.675 622.441 622.408 620.990 622.292 620.530 620.145 620.340 621.376 622.794 624.318 624.336 623.237 621.975 620.822 619.769 619.242 619.276 619.410 619.391 618.154 614.879 611.164 608.028 607.004 610.877 619.991 621.563 621.755 621.870 622.294 622.979 623.743 624.030 623.417 622.644 621.803 620.925 620.106 619.390 618.739 618.454
622.586 622.188 621.318 619.992 618.364 616.969 615.793 614.901 617.216 619.569 620.842 621.902 622.807 623.251 623.447 623.595 623.611 623.632 623.823 624.047 624.310 624.526 624.795 624.923 624.575 623.063 621.623 621.436 620.642 622.266 623.197 622.803 622.409 622.820 623.852 625.290 625.310 624.263 623.127 622.174 621.355 620.869 620.853 620.969 620.794 619.638 616.427 611.758 608.243 607.490 611.716 620.611 622.700 622.893 623.086 623.282 623.658 624.391 624.746 624.084 623.295 622.454 621.520 620.623 619.879 619.319 619.103
624.215 624.051 623.129 622.083 620.705 619.478 618.257 617.182 617.508 619.306 620.786 621.970 623.103 624.016 624.500 624.613 624.617 624.651 624.797 625.020 625.304 625.560 625.785 625.993 625.701 624.053 622.017 620.697 620.077 619.761 620.342 620.508 621.854 623.236 624.665 626.184 626.467 625.752 624.831 623.950 623.096 622.647 622.645 622.387 621.520 619.753 616.084 611.131 608.063 608.418 613.776 620.967 623.385 624.110 624.303 624.497 624.726 625.093 625.396 624.799 623.903 623.081 622.226 621.407 620.642 620.050 619.791
625.842 625.913 624.974 624.169 623.028 621.872 620.640 619.586 619.001 619.676 620.826 622.006 623.210 624.346 625.229 625.626 625.659 625.654 625.771 626.076 626.284 626.551 626.763 627.002 626.771 625.044 622.904 621.155 619.378 618.639 619.061 619.478 620.501 622.190 624.589 627.083 627.769 627.239 626.525 625.769 624.933 624.435 623.953 622.857 621.474 619.260 614.951 609.931 607.755 609.296 615.057 621.302 623.891 625.327 625.521 625.714 625.908 626.081 626.149 625.526 624.653 623.850 623.056 622.235 621.481 620.977 620.630
627.469 627.737 627.056 626.348 625.327 624.156 622.918 621.953 620.822 620.454 621.143 622.280 623.485 624.688 625.870 626.593 626.714 626.693 626.744 627.020 627.326 627.564 627.769 627.994 627.859 626.116 624.636 621.487 618.653 618.131 618.539 619.054 619.574 621.865 625.251 628.158 628.956 628.554 627.972 627.309 626.509 625.601 624.366 622.763 621.118 618.343 613.292 608.939 607.631 610.177 616.399 621.829 624.782 626.543 626.696 626.889 627.082 627.040 626.913 626.257 625.446 624.663 623.894 623.061 622.368 621.907 621.476
628.998 629.440 629.206 628.541 627.556 626.323 625.071 624.003 622.313 621.376 621.763 622.827 624.020 625.257 626.567 627.475 627.733 627.770 627.731 627.842 628.369 628.645 628.859 629.077 629.126 627.810 627.246 621.192 618.172 617.839 618.225 618.785 619.630 623.189 627.114 629.437 630.021 629.714 629.141 628.467 627.626 626.122 624.168 622.431 620.579 617.037 611.482 608.386 607.962 611.261 618.116 622.842 626.141 627.736 627.857 627.981 628.061 627.831 627.649 626.988 626.219 625.468 624.706 623.889 623.258 622.754 622.263
630.215 630.890 630.815 630.450 629.634 628.361 627.089 625.237 623.288 622.242 622.524 623.411 624.598 625.947 627.296 628.239 628.640 628.824 628.761 628.744 629.210 629.828 630.139 630.440 630.805 630.952 630.278 620.816 618.331 617.940 618.177 618.746 620.617 625.704 629.391 630.789 631.181 630.878 630.176 629.348 628.271 626.499 624.190 622.108 619.728 615.298 609.973 608.040 608.901 612.815 620.024 624.596 627.693 628.878 629.042 628.943 628.672 628.470 628.361 627.719 626.951 626.253 625.513 624.747 624.101 623.521 622.994
630.946 631.699 631.855 631.505 630.690 629.819 628.185 626.214 624.206 623.135 623.364 624.076 625.210 626.638 628.025 628.933 629.389 629.807 629.870 629.702 630.255 631.990 633.016 633.117 633.457 633.228 630.513 622.926 619.046 618.365 618.511 619.754 623.713 628.458 630.600 631.574 632.311 631.977 631.057 630.116 628.839 626.907 624.598 622.357 619.102 613.750 609.101 607.887 609.809 614.715 621.713 626.259 629.757 630.089 629.784 629.522 629.313 629.120 629.011 628.433 627.682 626.984 626.244 625.530 624.913 624.287 623.725
631.613 632.383 632.887 632.277 631.376 630.427 628.781 626.856 624.852 623.903 624.262 625.212 626.024 627.169 628.657 629.706 630.368 631.149 632.052 632.747 633.300 634.705 635.964 636.128 635.887 633.534 630.124 623.346 620.312 619.504 619.737 622.670 626.950 629.930 631.385 632.451 633.271 632.828 631.778 630.753 629.442 627.453 624.959 622.407 618.466 612.575 608.731 608.173 610.540 616.034 623.093 628.556 630.736 631.305 630.856 630.438 630.110 629.905 629.684 629.200 628.532 627.803 626.998 626.400 625.862 625.229 624.625
632.175 633.072 633.712 632.866 631.829 630.736 629.260 627.417 625.454 624.710 625.323 626.467 627.037 627.737 629.082 630.399 631.426 632.412 633.678 635.026 636.035 637.349 638.567 638.652 637.665 633.464 629.435 624.449 621.849 620.910 622.008 625.207 629.017 631.106 632.411 633.580 634.195 633.615 632.537 631.428 630.147 628.105 625.331 622.518 618.056 611.737 608.634 608.673 611.444 617.473 624.261 629.917 631.346 632.426 631.992 631.559 631.129 630.954 630.647 630.079 629.381 628.590 627.806 627.321 626.836 626.204 625.584
632.788 633.823 634.414 633.444 632.298 631.081 629.716 627.987 626.089 625.629 626.513 627.721 628.248 628.500 629.469 630.973 632.312 633.411 634.615 636.129 637.656 639.155 640.241 640.241 638.784 633.660 628.961 625.892 623.073 622.553 624.628 627.192 630.179 632.142 633.559 634.842 635.141 634.373 633.260 632.071 630.820 628.842 625.984 622.996 618.236 611.631 608.687 609.037 612.130 618.715 625.205 630.379 631.734 633.218 633.148 632.746 632.297 632.139 631.719 631.005 630.214 629.345 628.666 628.257 627.798 627.196 626.525
633.679 634.642 635.220 634.178 633.000 631.590 630.067 628.528 626.725 626.637 627.714 628.987 629.648 629.566 630.105 631.489 632.837 634.145 635.450 636.874 638.281 639.585 640.599 640.809 639.440 634.182 629.118 626.328 623.516 624.490 626.700 629.241 631.341 633.005 634.548 636.062 636.129 635.101 633.842 632.583 631.323 629.637 627.110 623.991 619.302 612.753 608.842 608.968 612.052 619.145 625.819 630.533 631.933 633.561 634.319 633.887 633.507 633.277 632.654 631.899 631.064 630.148 629.579 629.188 628.745 628.196 627.401
634.571 635.534 635.961 634.837 633.372 631.850 630.312 628.773 627.200 627.422 628.759 630.267 631.163 630.895 631.003 632.218 633.566 634.845 636.018 637.231 638.523 639.827 640.871 641.170 639.552 634.491 629.121 626.330 624.214 626.183 628.483 630.819 632.751 634.631 636.192 637.460 637.164 635.946 634.608 633.271 631.933 630.470 628.147 624.856 621.110 615.480 609.248 608.570 611.167 618.429 625.681 630.639 632.337 633.972 635.354 635.018 634.716 634.355 633.577 632.792 632.018 631.237 630.608 630.162 629.719 629.080 628.214
635.531 636.495 636.706 635.249 633.646 632.097 630.557 629.070 627.744 628.275 629.873 631.821 632.902 632.475 632.119 632.916 634.197 635.430 636.585 637.728 638.905 640.271 641.516 641.683 639.861 634.884 629.404 626.477 625.593 627.807 630.124 632.435 634.632 636.338 637.920 638.707 638.240 637.049 635.703 634.396 632.904 631.219 628.994 625.894 622.400 617.493 611.268 608.943 610.505 617.103 625.204 630.588 632.459 634.306 636.102 636.129 635.794 635.350 634.607 633.833 633.065 632.296 631.760 631.265 630.680 629.973 629.063
636.504 637.468 637.732 636.232 634.555 632.913 631.160 629.490 628.598 629.409 631.329 633.526 634.633 634.150 633.326 633.610 634.812 635.997 637.152 638.293 639.477 640.917 642.232 642.071 640.132 635.550 629.996 627.265 626.652 628.998 631.646 634.091 636.419 638.286 639.495 639.820 639.354 638.272 636.826 635.272 633.602 631.822 629.599 626.455 622.747 618.350 612.973 609.434 609.927 615.518 624.344 630.035 632.117 634.252 636.595 637.120 636.847 636.336 635.648 634.889 634.121 633.391 632.831 632.216 631.507 630.756 629.918
637.477 638.441 638.788 637.579 635.947 634.097 632.006 630.036 629.607 630.854 633.117 635.453 636.455 635.854 634.656 634.486 635.583 636.758 637.903 639.046 640.284 641.715 642.941 642.281 640.291 636.247 630.864 628.203 627.534 629.960 632.909 635.643 638.101 639.846 640.622 640.726 640.296 639.302 637.740 635.926 634.080 632.202 629.872 626.510 622.562 618.668 614.249 610.230 609.624 614.168 623.317 629.071 631.881 634.362 637.057 638.092 637.897 637.353 636.666 635.937 635.177 634.453 633.788 633.062 632.314 631.560 630.810
638.486 639.415 639.645 638.903 637.446 635.357 633.004 630.806 630.688 632.597 635.173 637.604 638.402 637.525 636.125 635.639 636.548 637.781 638.939 640.093 641.345 642.652 643.666 642.379 640.356 636.773 631.883 628.818 628.517 630.961 633.922 636.991 639.603 640.699 641.313 641.378 640.859 639.843 638.126 636.114 634.094 632.073 629.571 626.041 622.355 619.185 615.507 611.441 609.689 613.420 622.547 628.487 632.186 634.961 637.656 639.082 638.949 638.395 637.667 636.966 636.228 635.500 634.713 633.916 633.189 632.454 631.736
639.702 640.396 640.694 640.248 638.827 636.871 634.612 632.312 632.376 634.703 637.544 639.654 640.053 639.026 637.587 636.779 637.309 638.650 640.017 641.390 642.643 643.898 644.581 642.602 640.480 637.289 632.769 629.235 629.614 632.094 635.125 638.205 640.430 641.614 642.286 641.798 640.917 639.696 637.423 634.673 632.430 630.681 628.085 624.796 622.476 620.445 617.611 612.769 609.933 613.341 622.757 630.267 632.991 635.688 638.383 639.962 639.986 639.381 638.707 637.958 637.263 636.727 635.851 634.921 634.116 633.347 632.630
640.844 641.519 641.477 640.895 639.970 638.235 635.953 633.628 633.597 636.008 638.824 640.677 640.925 640.042 638.747 637.883 638.283 639.540 640.945 642.449 643.920 644.993 644.359 642.475 640.421 637.372 633.664 630.105 631.026 633.815 636.878 639.574 641.335 642.546 642.536 641.583 640.561 638.833 636.098 633.051 630.575 628.473 626.967 626.518 625.636 623.297 619.382 613.744 610.062 613.679 623.261 630.407 632.301 634.995 638.145 640.038 640.513 640.162 639.718 639.013 638.435 637.945 637.121 636.116 635.156 634.321 633.562
642.146 642.607 642.130 641.370 640.599 639.436 637.303 634.944 634.585 636.929 639.609 641.368 641.748 640.931 639.628 638.831 639.283 640.586 642.072 643.613 645.083 645.754 644.207 642.318 640.288 637.279 633.883 631.046 633.224 636.169 638.938 641.040 642.489 643.418 642.662 641.159 639.649 637.518 634.678 631.948 630.178 629.287 629.092 629.353 628.694 625.913 620.876 614.570 610.175 613.880 623.171 630.397 632.348 633.540 636.230 638.963 640.314 640.786 640.520 640.014 639.655 639.181 638.352 637.367 636.356 635.412 634.557
643.268 643.557 642.829 641.971 641.160 640.325 638.562 636.256 635.433 637.536 640.084 641.939 642.613 641.878 640.550 639.849 640.402 641.758 643.250 644.791 646.067 646.030 644.037 642.080 640.055 637.086 633.793 632.348 635.304 638.399 640.756 642.514 643.872 643.948 642.505 640.617 638.609 636.187 634.047 632.512 631.639 631.571 631.952 632.007 630.929 627.860 622.151 615.150 610.336 614.422 622.980 630.792 634.048 634.681 635.681 637.102 639.618 640.866 641.148 641.029 640.747 640.184 639.346 638.321 637.228 636.277 635.510
644.097 644.387 643.660 642.786 641.919 640.972 639.653 637.538 636.261 637.971 640.413 642.466 643.516 643.002 641.731 641.114 641.743 643.062 644.450 645.959 646.919 645.925 643.822 641.787 639.699 636.795 633.685 633.938 636.829 639.972 642.054 643.870 645.085 644.021 642.062 640.001 637.831 635.680 634.825 634.734 634.460 634.270 634.347 633.871 632.130 628.997 623.120 615.477 610.569 615.315 622.976 631.392 636.620 638.261 637.487 636.184 638.618 640.421 641.452 641.903 641.668 640.949 640.047 638.923 637.808 636.976 636.417
644.990 645.279 644.553 643.608 642.731 641.785 640.591 638.753 637.222 638.512 640.766 642.884 644.401 644.344 643.193 642.679 643.382 644.574 645.858 647.233 647.818 645.851 643.733 641.589 639.226 636.351 633.647 635.271 638.042 640.742 642.920 644.956 645.391 643.752 641.562 639.356 637.620 637.124 637.225 637.377 637.332 637.182 636.745 635.076 632.539 629.438 623.573 615.679 610.895 616.117 623.215 631.448 637.975 640.925 640.485 638.644 637.550 639.853 641.188 642.335 642.491 641.679 640.554 639.406 638.547 637.875 637.356
645.802 646.091 645.366 644.420 643.475 642.452 641.181 639.622 638.197 639.483 641.536 643.531 645.315 645.522 644.526 644.210 645.004 646.167 647.399 648.523 648.410 646.242 644.033 641.764 639.509 637.029 634.768 635.611 638.669 641.315 643.626 645.752 645.946 644.119 641.831 639.932 639.285 639.461 639.660 639.811 639.926 639.796 638.546 635.881 632.972 629.346 623.596 616.696 612.026 617.258 624.396 632.456 639.486 641.655 641.916 640.556 638.280 639.800 641.156 642.521 643.210 642.517 641.367 640.319 639.522 638.849 638.372
