DFSS/03_Furuegawa/04_EXE_SIMU/02_DF/input/elevation_inDF.asc
ncols  425
nrows  839
xllcorner       9390.000
yllcorner     -10360.000
cellsize     10.000
NODATA_value  -999.000
[rows 638 to 666 of 839, columns 201 to 267 of 425]
585.627 585.736 585.834 585.931 585.707 585.063 584.688 584.472 584.216 584.209 584.306 584.464 584.691 584.963 585.448 586.074 586.702 587.342 587.999 588.559 588.685 588.806 588.747 587.812 587.168 586.702 586.083 585.448 584.760 585.202 585.515 585.653 585.504 585.335 585.538 585.616 585.708 586.057 586.066 585.857 585.672 585.578 585.781 586.064 586.265 586.742 587.339 587.859 588.418 588.819 588.832 588.915 589.009 589.068 589.018 588.712 588.330 587.945 587.645 587.357 587.054 586.761 586.454 586.392 586.462 586.562 586.667
586.441 586.629 586.726 586.824 586.242 585.414 584.882 584.634 584.438 584.452 584.549 584.707 584.793 584.963 585.406 586.030 586.701 587.373 588.079 588.718 589.009 589.130 589.039 587.975 587.425 587.574 586.715 585.772 585.006 585.368 585.750 585.545 585.341 585.301 585.598 585.697 586.613 586.940 586.813 586.714 586.565 586.708 587.270 587.653 587.806 588.064 588.110 588.345 588.923 589.387 589.388 589.401 589.484 589.384 589.099 588.716 588.331 587.946 587.646 587.357 586.992 586.680 586.599 586.796 586.898 587.016 587.154
587.113 587.594 587.694 587.447 586.941 586.054 585.317 584.907 584.735 584.719 584.842 585.120 585.255 585.336 585.592 586.067 586.733 587.450 588.159 588.875 589.334 589.436 589.318 588.356 587.873 588.915 587.881 586.473 585.035 585.666 585.791 585.407 585.115 585.435 585.776 586.635 587.578 587.804 587.701 587.562 587.462 587.801 588.530 589.122 589.358 589.284 589.063 589.028 589.471 589.876 589.865 589.791 589.714 589.387 589.021 588.636 588.251 587.937 587.578 587.277 586.973 586.857 587.010 587.282 587.435 587.536 587.641
587.824 588.510 588.612 588.353 587.742 586.915 586.178 585.554 585.254 585.275 585.516 585.872 586.125 586.160 586.164 586.320 586.800 587.531 588.239 588.978 589.533 589.769 589.793 589.224 588.467 589.753 588.486 586.506 585.151 585.428 585.976 585.654 585.638 585.842 586.607 587.843 588.548 588.668 588.594 588.510 588.444 588.631 589.271 590.034 590.408 590.301 589.991 589.881 590.128 590.446 590.495 590.160 589.771 589.387 589.002 588.617 588.232 587.881 587.552 587.258 587.111 587.130 587.398 587.747 587.934 588.031 588.128
588.845 589.366 589.432 589.320 588.641 587.876 587.158 586.401 585.997 586.054 586.353 586.750 587.114 587.192 587.086 586.948 587.023 587.549 588.281 589.056 589.748 590.133 590.213 589.830 588.943 590.165 589.296 587.440 585.258 585.200 586.780 587.508 587.716 587.177 587.712 588.996 589.505 589.571 589.552 589.506 589.437 589.468 589.943 590.732 591.162 591.014 590.714 590.668 590.822 591.005 590.976 590.373 589.769 589.346 589.002 588.617 588.232 587.847 587.547 587.361 587.361 587.507 587.835 588.221 588.421 588.518 588.614
589.975 590.072 590.073 590.040 589.504 588.758 588.004 587.253 586.893 586.966 587.212 587.606 588.034 588.244 588.222 587.933 587.537 587.619 588.301 589.166 590.010 590.484 590.469 589.938 589.251 590.312 590.392 589.325 585.493 585.271 587.641 589.984 590.361 589.108 588.625 589.744 590.367 590.502 590.539 590.485 590.401 590.424 590.770 591.431 591.788 591.509 591.271 591.349 591.504 591.535 591.207 590.446 589.767 589.313 589.002 588.618 588.276 587.957 587.686 587.605 587.691 587.957 588.305 588.683 588.913 589.029 589.086
590.300 590.397 590.398 590.216 590.023 589.327 588.638 587.965 587.800 587.939 588.133 588.449 588.892 589.266 589.355 589.029 588.452 588.066 588.385 589.380 590.191 590.725 590.668 590.013 589.608 590.363 590.975 590.365 586.279 585.540 586.986 589.939 590.909 590.311 588.931 589.782 590.970 591.381 591.433 591.382 591.341 591.440 591.723 592.179 592.373 592.024 591.886 592.048 592.145 592.077 591.297 590.519 589.773 589.393 589.016 588.645 588.449 588.350 588.175 587.984 588.080 588.401 588.720 589.084 589.415 589.588 589.520
590.387 590.639 590.565 590.379 590.187 589.898 589.353 588.820 588.634 588.806 589.078 589.373 589.691 589.952 590.045 589.798 589.162 588.478 588.490 589.354 590.131 590.820 591.091 590.513 590.126 590.525 591.146 590.714 588.736 585.556 585.513 589.566 591.479 590.852 589.722 589.984 590.942 591.894 592.341 592.401 592.396 592.534 592.823 593.003 592.861 592.565 592.488 592.535 592.632 592.521 591.518 590.593 589.779 589.479 589.259 589.121 589.010 588.989 588.893 588.715 588.499 588.548 588.913 589.433 589.871 590.028 589.926
590.469 590.758 590.784 590.603 590.411 590.219 589.906 589.598 589.451 589.588 589.817 590.008 590.212 590.388 590.420 590.188 589.653 588.988 588.760 589.328 590.071 590.885 591.436 591.151 590.867 591.113 591.488 590.790 589.497 585.882 585.360 589.005 591.382 591.642 590.838 590.448 591.000 591.994 592.906 593.362 593.485 593.630 593.770 593.671 593.348 593.084 593.062 593.088 593.128 592.826 591.891 590.940 590.109 589.763 589.635 589.603 589.510 589.561 589.599 589.553 589.364 589.137 589.045 589.643 590.216 590.372 590.301
590.550 590.839 591.060 590.890 590.698 590.506 590.314 590.188 590.120 590.183 590.348 590.480 590.634 590.773 590.705 590.385 589.929 589.399 589.095 589.408 590.031 590.865 591.614 591.834 591.698 591.700 591.483 590.699 589.194 585.734 585.327 588.333 591.030 592.258 591.999 591.382 591.264 592.080 593.277 594.055 594.397 594.565 594.515 594.201 593.823 593.630 593.644 593.680 593.640 593.320 592.447 591.527 590.606 590.185 590.089 590.088 590.086 590.174 590.271 590.288 590.210 589.896 589.280 589.795 590.473 590.675 590.669
590.607 590.896 591.279 591.206 591.023 590.831 590.678 590.648 590.630 590.624 590.737 590.876 591.039 591.166 591.003 590.573 590.112 589.689 589.471 589.653 590.086 590.854 591.686 592.356 592.336 591.954 591.163 590.454 587.940 585.392 585.368 588.221 590.847 592.553 593.054 592.655 591.962 592.316 593.473 594.491 595.073 595.267 595.092 594.678 594.334 594.217 594.219 594.245 594.156 593.947 593.105 592.217 591.169 590.672 590.605 590.632 590.726 590.823 590.920 590.866 590.713 590.337 589.633 590.032 590.696 590.983 591.052
590.607 590.900 591.279 591.492 591.351 591.166 591.134 591.130 591.061 591.032 591.095 591.252 591.441 591.525 591.331 590.901 590.378 589.962 589.919 590.084 590.335 591.025 591.808 592.541 592.513 591.728 590.866 590.074 585.906 585.482 585.973 589.303 591.164 592.631 593.917 593.941 593.224 592.739 593.500 594.761 595.506 595.739 595.605 595.239 594.965 594.855 594.792 594.761 594.685 594.540 593.763 592.850 591.733 591.172 591.182 591.278 591.375 591.463 591.514 591.248 590.714 590.117 589.998 590.404 590.909 591.278 591.436
590.608 590.980 591.283 591.639 591.725 591.639 591.621 591.556 591.526 591.463 591.500 591.658 591.801 591.850 591.696 591.271 590.737 590.430 590.514 590.708 590.880 591.493 592.197 592.828 592.585 591.729 590.864 589.997 585.517 585.077 587.155 590.056 591.745 593.261 594.445 594.827 594.388 593.347 593.647 594.752 595.508 596.090 596.326 596.116 595.851 595.612 595.581 595.492 595.398 595.204 594.472 593.420 592.302 591.742 591.830 591.927 592.024 592.041 591.743 591.152 590.490 589.758 589.980 590.513 590.940 591.324 591.690
590.608 590.993 591.347 591.669 591.905 592.078 592.054 592.016 591.960 591.873 591.906 592.022 592.131 592.175 592.061 591.672 591.251 591.095 591.132 591.284 591.408 591.922 592.643 593.137 592.806 591.940 591.074 590.204 587.435 585.627 588.365 590.680 592.300 593.835 594.902 595.294 595.031 594.214 593.836 594.433 595.295 596.057 596.725 596.878 596.580 596.417 596.410 596.295 595.892 595.339 594.542 593.425 592.463 592.310 592.407 592.504 592.534 592.347 591.742 591.070 590.341 589.947 590.195 590.622 591.061 591.475 591.900
590.606 590.945 591.236 591.525 591.771 592.094 592.268 592.410 592.375 592.313 592.298 592.389 592.477 592.499 592.426 592.146 591.880 591.814 591.786 591.853 591.932 592.311 592.966 593.407 593.056 592.235 591.372 590.555 589.126 586.427 588.545 590.715 592.345 594.045 595.153 595.689 595.513 594.929 594.315 594.411 595.104 595.995 596.970 597.435 597.288 597.212 597.132 596.829 596.084 595.319 594.554 593.536 592.875 592.878 592.975 593.021 592.877 592.413 591.725 591.001 590.322 590.161 590.436 590.822 591.267 591.692 592.130
590.515 590.746 590.967 591.224 591.449 591.836 592.226 592.558 592.698 592.743 592.689 592.774 592.837 592.824 592.806 592.679 592.550 592.513 592.441 592.430 592.489 592.711 593.240 593.711 593.541 592.850 591.988 591.188 590.416 587.850 587.941 590.014 591.727 593.688 595.100 595.899 595.967 595.567 594.957 594.722 595.210 596.170 597.217 597.882 597.981 597.906 597.696 597.088 596.140 595.281 594.576 593.738 593.443 593.446 593.543 593.446 593.041 592.392 591.718 590.993 590.463 590.389 590.679 591.088 591.524 591.935 592.373
590.237 590.353 590.628 590.835 591.124 591.580 591.982 592.366 592.822 593.056 593.081 593.178 593.198 593.154 593.192 593.208 593.174 593.142 593.054 593.019 593.090 593.174 593.575 594.095 594.293 593.860 593.084 592.297 591.657 590.021 587.693 588.954 590.417 592.633 594.713 595.815 596.377 596.251 595.716 595.401 595.844 596.793 597.675 598.354 598.624 598.470 598.138 597.240 596.249 595.310 594.623 594.011 594.011 594.013 594.048 593.705 593.065 592.393 591.719 591.085 590.736 590.655 590.922 591.372 591.793 592.188 592.624
589.752 590.025 590.226 590.502 590.869 591.336 591.738 592.122 592.578 592.977 593.392 593.567 593.569 593.517 593.477 593.562 593.661 593.660 593.623 593.587 593.658 593.706 593.965 594.407 594.590 594.632 594.401 594.082 593.053 591.702 590.548 589.069 588.434 590.778 594.077 595.570 596.454 596.948 596.975 596.817 597.140 598.009 598.681 598.988 599.141 599.012 598.626 597.689 596.541 595.459 594.768 594.579 594.579 594.575 594.298 593.643 593.058 592.393 591.720 591.278 591.041 590.922 591.165 591.615 592.036 592.477 592.906
589.266 589.625 589.890 590.242 590.688 591.105 591.552 592.008 592.482 592.946 593.418 593.734 593.865 593.884 593.873 593.929 594.060 594.177 594.191 594.155 594.226 594.271 594.492 594.795 594.921 595.080 595.103 595.034 594.198 592.804 591.516 590.291 588.626 590.035 592.748 594.899 596.150 596.964 597.508 597.877 598.282 598.777 599.193 599.482 599.656 599.554 599.222 598.545 597.333 596.298 595.856 595.601 595.427 594.826 594.311 593.641 593.058 592.394 591.851 591.566 591.425 591.267 591.434 591.857 592.374 592.924 593.430
588.888 589.325 589.720 590.154 590.678 591.130 591.603 592.085 592.566 593.047 593.529 593.890 594.067 594.169 594.223 594.243 594.350 594.547 594.684 594.723 594.794 594.839 595.040 595.270 595.487 595.766 595.745 595.472 594.814 593.511 592.166 590.927 588.955 589.935 592.658 594.779 595.846 596.703 597.416 597.971 598.486 598.983 599.437 599.793 599.976 599.937 599.774 599.328 598.382 597.568 597.004 596.378 595.770 594.891 594.314 593.642 593.059 592.498 592.254 592.110 591.961 591.779 591.884 592.359 592.945 593.523 593.953
588.706 589.187 589.668 590.149 590.747 591.277 591.765 592.246 592.728 593.209 593.690 594.030 594.213 594.359 594.473 594.527 594.630 594.874 595.144 595.280 595.334 595.407 595.593 595.770 596.070 596.413 596.197 595.679 595.066 593.950 592.688 591.253 589.244 590.596 593.477 595.087 595.759 596.436 597.114 597.707 598.284 598.880 599.452 599.909 600.182 600.247 600.164 599.847 599.143 598.386 597.581 596.679 595.810 594.891 594.275 593.641 593.096 592.786 592.747 592.701 592.539 592.318 592.272 592.835 593.560 594.124 594.412
588.705 589.186 589.668 590.149 590.802 591.393 591.906 592.404 592.889 593.359 593.834 594.147 594.347 594.488 594.624 594.779 594.951 595.239 595.592 595.803 595.856 595.970 596.134 596.272 596.556 596.885 596.458 595.862 595.208 594.296 593.385 591.941 589.543 591.763 594.582 595.624 596.009 596.437 596.980 597.521 598.061 598.675 599.303 599.861 600.299 600.496 600.375 600.057 599.419 598.536 597.574 596.617 595.712 594.870 594.217 593.658 593.272 593.233 593.234 593.234 593.102 592.829 592.540 593.145 594.065 594.652 594.826
588.705 589.186 589.667 590.148 590.801 591.393 591.969 592.545 593.051 593.466 593.915 594.277 594.509 594.650 594.747 594.932 595.260 595.645 595.997 596.257 596.424 596.521 596.636 596.829 597.043 597.361 596.781 596.108 595.530 594.773 594.799 593.876 590.011 592.701 595.256 596.219 596.606 596.958 597.286 597.522 597.914 598.485 599.098 599.730 600.275 600.602 600.491 600.057 599.420 598.538 597.575 596.604 595.561 594.793 594.219 593.750 593.719 593.720 593.721 593.721 593.650 593.339 592.814 593.316 594.374 595.096 595.269
588.704 589.185 589.667 590.148 590.800 591.392 591.969 592.606 593.133 593.601 594.076 594.438 594.627 594.774 594.986 595.290 595.665 596.050 596.429 596.743 596.931 597.089 597.203 597.397 597.594 597.762 597.108 596.514 595.937 595.626 596.047 593.949 590.570 592.992 595.298 596.554 597.251 597.688 598.016 598.252 598.521 598.783 599.075 599.598 600.250 600.683 600.551 600.058 599.421 598.539 597.577 596.606 595.562 594.795 594.298 594.211 594.206 594.207 594.208 594.208 594.197 593.851 593.193 593.691 594.731 595.420 595.678
588.584 589.181 589.666 590.147 590.748 591.380 591.969 592.575 593.178 593.736 594.237 594.600 594.778 594.926 595.285 595.882 596.415 596.742 597.048 597.292 597.469 597.608 597.771 597.965 598.138 598.113 597.560 596.983 596.645 596.734 596.498 593.184 590.812 592.901 595.081 596.260 597.565 598.394 598.747 599.017 599.258 599.393 599.474 599.728 600.154 600.482 600.470 600.059 599.422 598.540 597.586 596.688 595.826 595.123 594.768 594.758 594.759 594.760 594.760 594.761 594.762 594.222 593.595 594.114 595.008 595.611 596.023
588.381 589.094 589.660 590.147 590.713 591.372 591.968 592.545 593.193 593.800 594.341 594.745 594.964 595.131 595.644 596.590 597.318 597.582 597.811 597.909 597.985 598.103 598.296 598.489 598.652 598.530 598.048 597.514 597.443 597.876 596.716 593.221 591.102 592.367 594.260 595.488 597.345 598.838 599.483 599.811 600.006 600.062 600.044 600.099 600.300 600.471 600.464 600.138 599.625 598.839 598.017 597.246 596.524 595.853 595.387 595.329 595.327 595.368 595.375 595.413 595.249 594.553 594.018 594.519 595.249 595.773 596.279
588.137 588.906 589.625 590.143 590.713 591.372 592.093 592.844 593.639 594.414 594.953 595.298 595.523 595.645 596.165 597.296 598.187 598.448 598.578 598.517 598.471 598.590 598.783 598.972 599.114 598.996 598.565 598.206 598.297 598.964 597.194 594.299 591.971 591.863 592.938 594.392 596.806 599.073 600.173 600.584 600.724 600.699 600.655 600.651 600.730 600.736 600.607 600.344 600.025 599.470 598.843 598.171 597.497 596.799 596.126 595.935 595.923 596.009 596.025 596.016 595.558 594.765 594.414 594.884 595.482 595.964 596.482
587.903 588.677 589.539 590.244 590.875 591.574 592.723 594.052 595.293 596.552 596.941 596.911 596.967 596.828 596.950 597.869 598.876 599.240 599.172 599.008 598.958 599.076 599.269 599.448 599.520 599.412 599.143 599.162 599.258 599.952 598.294 595.823 593.862 592.190 591.706 593.190 596.311 599.258 600.704 601.240 601.399 601.307 601.257 601.294 601.307 601.142 600.889 600.703 600.511 600.274 599.787 599.136 598.452 597.683 596.994 596.599 596.572 596.651 596.665 596.395 595.651 594.799 594.719 595.187 595.717 596.206 596.688
587.903 588.754 589.620 592.490 594.150 595.577 596.797 598.108 598.610 598.746 598.778 598.825 598.870 598.196 597.225 597.852 599.427 599.860 599.741 599.553 599.445 599.563 599.756 599.924 599.926 599.828 599.717 599.970 600.069 600.246 599.884 598.018 596.007 594.364 592.962 592.583 595.375 598.969 600.749 601.537 601.926 601.875 601.859 601.882 601.739 601.492 601.316 601.190 600.998 600.787 600.466 600.024 599.264 598.495 597.649 597.249 597.222 597.231 597.233 596.648 595.815 595.076 594.882 595.267 595.893 596.449 596.931
