DFSS/03_Furuegawa/04_EXE_SIMU/02_DF/input/elevation_inDF.asc
ncols  425
nrows  839
xllcorner       9390.000
yllcorner     -10360.000
cellsize     10.000
NODATA_value  -999.000
[rows 290 to 318 of 839, columns 134 to 200 of 425]
504.979 505.089 505.185 505.281 505.377 505.400 505.400 505.376 505.363 505.363 505.309 505.231 505.200 505.156 505.074 505.023 504.937 504.711 504.421 504.229 504.030 503.794 503.515 503.316 503.027 502.738 502.449 502.252 501.971 501.767 501.522 501.289 501.089 500.827 500.604 500.411 500.199 499.992 499.850 499.784 499.781 499.800 499.788 499.777 499.800 499.824 499.900 499.900 499.926 500.109 500.206 500.302 500.398 500.589 500.752 501.000 501.202 501.474 501.687 501.952 502.173 502.366 502.619 502.851 503.097 503.302 503.369
505.032 505.132 505.229 505.325 505.421 505.444 505.444 505.444 505.417 505.400 505.345 505.249 505.179 505.131 505.060 504.967 504.812 504.510 504.214 504.021 503.828 503.628 503.388 503.192 502.946 502.657 502.368 502.129 501.885 501.686 501.413 501.200 500.974 500.764 500.569 500.377 500.184 499.992 499.873 499.847 499.847 499.829 499.800 499.800 499.800 499.824 499.900 499.900 499.926 500.109 500.206 500.303 500.446 500.683 500.879 501.158 501.364 501.636 501.850 502.079 502.319 502.528 502.781 503.013 503.259 503.424 503.450
505.117 505.213 505.310 505.386 505.477 505.519 505.508 505.500 505.438 505.385 505.319 505.236 505.153 505.089 505.034 504.892 504.650 504.332 503.990 503.778 503.585 503.392 503.199 503.006 502.812 502.549 502.286 501.999 501.797 501.582 501.327 501.120 500.874 500.731 500.570 500.377 500.185 499.992 499.900 499.900 499.900 499.872 499.829 499.829 499.829 499.846 499.900 499.900 499.926 500.112 500.237 500.363 500.555 500.842 501.041 501.320 501.526 501.798 502.012 502.204 502.465 502.690 502.943 503.175 503.421 503.562 503.562
505.192 505.288 505.385 505.405 505.484 505.575 505.530 505.496 505.431 505.339 505.245 505.196 505.146 505.052 504.954 504.777 504.486 504.165 503.810 503.542 503.349 503.157 502.964 502.771 502.579 502.386 502.185 501.916 501.716 501.447 501.240 501.048 500.855 500.731 500.570 500.377 500.185 499.997 499.910 499.910 499.910 499.910 499.910 499.910 499.910 499.910 499.910 499.910 499.936 500.129 500.322 500.525 500.717 501.004 501.203 501.482 501.688 501.960 502.174 502.366 502.627 502.852 503.105 503.337 503.577 503.712 503.712
505.192 505.288 505.384 505.471 505.565 505.597 505.531 505.442 505.350 505.305 505.245 505.155 505.065 505.007 504.890 504.615 504.298 503.945 503.648 503.380 503.187 502.995 502.802 502.609 502.417 502.224 501.946 501.821 501.635 501.434 501.240 501.048 500.855 500.731 500.570 500.378 500.185 500.041 499.991 499.991 499.991 499.991 499.991 499.991 499.991 499.991 499.991 499.992 500.017 500.210 500.407 500.687 500.879 501.166 501.365 501.644 501.850 502.122 502.336 502.529 502.789 503.014 503.267 503.499 503.696 503.793 503.793
505.323 505.365 505.453 505.549 505.646 505.619 505.531 505.434 505.338 505.260 505.176 505.080 505.016 504.910 504.672 504.408 504.154 503.825 503.503 503.303 503.178 503.044 502.858 502.729 502.538 502.414 502.195 501.964 501.582 501.421 501.240 501.048 500.907 500.754 500.570 500.378 500.226 500.118 500.072 500.072 500.072 500.072 500.072 500.072 500.053 500.000 500.015 500.085 500.171 500.363 500.561 500.849 501.042 501.328 501.527 501.806 502.012 502.226 502.480 502.691 502.951 503.176 503.429 503.661 503.815 503.874 503.874
505.437 505.493 505.542 505.630 505.688 505.627 505.496 505.384 505.288 505.191 505.123 505.049 504.929 504.718 504.429 504.176 503.967 503.743 503.591 503.525 503.389 503.286 503.143 502.998 502.856 502.710 502.371 501.938 501.551 501.417 501.282 501.101 500.942 500.763 500.571 500.410 500.296 500.199 500.127 500.100 500.100 500.100 500.100 500.100 500.087 500.066 500.127 500.224 500.333 500.530 500.775 501.011 501.204 501.490 501.689 501.968 502.175 502.367 502.635 502.853 503.113 503.338 503.591 503.824 503.934 503.956 503.956
505.553 505.622 505.657 505.718 505.707 505.604 505.452 505.335 505.238 505.142 505.083 505.002 504.796 504.521 504.288 504.105 503.943 503.829 503.846 503.870 503.746 503.646 503.515 503.355 503.192 502.873 502.363 501.789 501.530 501.417 501.320 501.148 500.956 500.763 500.593 500.473 500.377 500.281 500.185 500.134 500.134 500.134 500.135 500.135 500.144 500.193 500.290 500.386 500.499 500.728 500.980 501.173 501.366 501.652 501.851 502.099 502.330 502.529 502.797 503.015 503.275 503.500 503.731 503.949 504.037 504.037 504.037
505.703 505.723 505.798 505.802 505.723 505.554 505.431 505.335 505.231 505.129 505.033 504.893 504.672 504.452 504.353 504.318 504.226 504.167 504.164 504.155 504.138 504.031 503.855 503.695 503.361 502.783 502.205 501.653 501.513 501.417 501.321 501.149 500.956 500.774 500.641 500.548 500.458 500.362 500.266 500.215 500.216 500.216 500.216 500.221 500.259 500.355 500.452 500.551 500.684 500.950 501.142 501.335 501.528 501.814 502.013 502.206 502.481 502.691 502.959 503.177 503.437 503.662 503.855 504.038 504.118 504.118 504.118
505.784 505.875 505.892 505.819 505.724 505.555 505.431 505.335 505.181 505.048 504.952 504.853 504.748 504.684 504.677 504.642 504.576 504.573 504.551 504.479 504.463 504.366 504.231 503.763 503.199 502.621 502.043 501.639 501.513 501.417 501.321 501.149 500.956 500.829 500.670 500.598 500.539 500.443 500.347 500.297 500.297 500.297 500.297 500.327 500.421 500.518 500.614 500.726 500.917 501.112 501.305 501.497 501.690 501.976 502.175 502.368 502.643 502.854 503.121 503.339 503.599 503.824 504.017 504.154 504.199 504.199 504.199
505.791 505.888 505.900 505.820 505.724 505.609 505.506 505.361 505.223 505.117 505.021 504.963 504.939 504.926 504.927 504.918 504.903 504.903 504.898 504.880 504.851 504.643 504.171 503.615 503.037 502.460 501.882 501.624 501.513 501.417 501.321 501.149 501.012 500.857 500.721 500.677 500.621 500.525 500.428 500.378 500.378 500.378 500.405 500.487 500.583 500.680 500.776 500.889 501.081 501.274 501.467 501.660 501.929 502.143 502.338 502.530 502.805 503.016 503.283 503.501 503.707 503.957 504.179 504.271 504.280 504.280 504.280
505.847 505.943 505.956 505.876 505.780 505.643 505.531 505.406 505.295 505.199 505.133 505.085 505.056 505.057 505.057 505.057 505.039 505.000 505.000 505.000 504.958 504.659 504.031 503.453 502.876 502.298 501.720 501.608 501.513 501.417 501.321 501.193 501.045 500.904 500.794 500.759 500.702 500.606 500.510 500.459 500.459 500.482 500.553 500.649 500.746 500.842 500.939 501.051 501.243 501.441 501.689 501.882 502.113 502.307 502.500 502.692 502.967 503.178 503.445 503.663 503.856 504.112 504.305 504.361 504.393 504.423 504.423
505.891 505.987 506.031 505.928 505.824 505.682 505.568 505.472 505.376 505.280 505.237 505.188 505.138 505.138 505.138 505.138 505.107 505.038 505.038 505.031 504.945 504.578 503.943 503.328 502.714 502.136 501.632 501.565 501.508 501.417 501.321 501.225 501.085 500.972 500.876 500.840 500.783 500.687 500.591 500.540 500.557 500.618 500.715 500.824 500.948 501.045 501.141 501.247 501.410 501.644 501.891 502.084 502.276 502.469 502.662 502.890 503.137 503.340 503.607 503.825 504.018 504.274 504.444 504.485 504.515 504.543 504.543
505.909 505.990 506.083 505.955 505.842 505.746 505.650 505.554 505.457 505.372 505.327 505.269 505.219 505.219 505.219 505.219 505.188 505.119 505.115 505.080 504.948 504.606 504.032 503.304 502.632 502.035 501.645 501.530 501.503 501.417 501.337 501.261 501.170 501.074 500.978 500.929 500.864 500.779 500.693 500.643 500.693 500.802 500.899 501.019 501.170 501.267 501.363 501.463 501.599 501.860 502.053 502.246 502.438 502.652 502.846 503.105 503.309 503.502 503.752 503.981 504.180 504.436 504.592 504.623 504.624 504.624 504.624
505.990 506.000 506.083 506.020 505.923 505.827 505.731 505.635 505.539 505.500 505.446 505.350 505.300 505.300 505.300 505.300 505.269 505.200 505.177 505.081 505.001 504.938 504.413 503.467 502.793 502.118 501.726 501.611 501.515 501.419 501.404 501.405 501.334 501.237 501.140 501.045 500.950 500.906 500.856 500.805 500.887 501.040 501.138 501.236 501.332 501.429 501.525 501.637 501.830 502.022 502.215 502.408 502.604 502.886 503.086 503.279 503.471 503.667 503.861 504.121 504.342 504.595 504.705 504.705 504.705 504.705 504.705
506.071 506.150 506.177 506.101 506.005 505.908 505.812 505.716 505.620 505.581 505.528 505.472 505.425 505.381 505.381 505.381 505.350 505.259 505.196 505.162 505.069 504.938 504.428 503.626 502.874 502.121 501.803 501.693 501.596 501.500 501.613 501.649 501.578 501.426 501.302 501.256 501.194 501.106 501.018 500.967 501.015 501.121 501.246 501.398 501.494 501.591 501.687 501.799 501.992 502.184 502.377 502.570 502.844 503.054 503.248 503.441 503.633 503.893 504.104 504.307 504.504 504.706 504.786 504.786 504.786 504.786 504.786
506.213 506.256 506.261 506.182 506.086 505.990 505.894 505.837 505.763 505.689 505.609 505.562 505.516 505.462 505.439 505.378 505.326 505.273 505.200 505.180 505.084 504.947 504.495 503.725 502.955 502.185 501.883 501.774 501.678 501.687 501.899 501.956 501.840 501.701 501.553 501.455 501.373 501.277 501.181 501.129 501.171 501.267 501.376 501.515 501.657 501.753 501.850 501.961 502.154 502.347 502.542 502.798 503.023 503.217 503.410 503.603 503.850 504.081 504.281 504.474 504.666 504.817 504.867 504.867 504.867 504.867 504.867
506.337 506.342 506.307 506.255 506.167 506.071 506.004 505.958 505.882 505.786 505.713 505.665 505.598 505.525 505.462 505.365 505.287 505.241 505.190 505.145 505.084 504.946 504.496 503.807 503.037 502.267 501.964 501.855 501.836 501.954 502.216 502.247 502.126 501.984 501.809 501.677 501.555 501.439 501.365 501.317 501.333 501.430 501.526 501.639 501.785 501.915 502.012 502.123 502.321 502.555 502.750 502.994 503.187 503.379 503.572 503.765 504.000 504.203 504.395 504.622 504.828 504.959 504.996 504.996 505.021 505.045 505.045
506.445 506.427 506.341 506.305 506.243 506.152 506.108 506.036 505.939 505.843 505.800 505.751 505.654 505.558 505.462 505.366 505.269 505.193 505.158 505.095 505.059 504.915 504.425 503.841 503.119 502.349 502.022 501.957 502.083 502.269 502.540 502.531 502.416 502.245 502.070 501.931 501.783 501.641 501.568 501.509 501.495 501.592 501.688 501.785 501.907 502.084 502.202 502.309 502.480 502.687 502.879 503.072 503.264 503.483 503.677 503.870 504.062 504.255 504.448 504.690 504.981 505.150 505.188 505.204 505.254 505.288 505.289
506.591 506.513 506.421 506.322 506.296 506.223 506.130 506.036 505.940 505.843 505.797 505.745 505.649 505.555 505.462 505.364 505.263 505.167 505.094 505.076 504.983 504.833 504.338 503.760 503.188 502.424 502.040 502.116 502.386 502.593 502.859 502.848 502.681 502.494 502.363 502.209 502.071 501.924 501.780 501.676 501.658 501.754 501.853 501.958 502.087 502.278 502.447 502.551 502.636 502.650 502.834 503.009 503.193 503.468 503.668 503.860 504.052 504.253 504.447 504.640 505.077 505.351 505.418 505.486 505.532 505.532 505.532
506.607 506.514 506.488 506.339 506.235 506.142 506.104 506.036 505.940 505.843 505.754 505.664 505.568 505.508 505.462 505.336 505.182 505.086 505.013 505.010 504.971 504.743 504.176 503.602 503.108 502.423 502.192 502.424 502.710 502.918 503.119 503.091 502.925 502.792 502.636 502.501 502.351 502.210 502.066 501.884 501.820 501.916 502.042 502.225 502.411 502.584 502.705 502.875 502.961 502.969 503.072 503.090 503.196 503.393 503.586 503.779 503.971 504.234 504.447 504.640 504.915 505.259 505.561 505.730 505.775 505.775 505.776
506.677 506.581 506.512 506.342 506.225 506.129 506.054 505.968 505.913 505.844 505.747 505.651 505.555 505.472 505.394 505.287 505.170 505.073 504.953 504.781 504.694 504.462 503.956 503.510 503.028 502.421 502.472 502.745 503.035 503.242 503.435 503.353 503.218 503.066 502.928 502.780 502.599 502.459 502.315 502.154 502.066 502.131 502.350 502.522 502.664 502.851 503.021 503.189 503.222 503.288 503.317 503.386 503.414 503.534 503.593 503.769 503.962 504.176 504.375 504.618 504.898 505.249 505.576 505.834 505.983 506.019 506.019
506.710 506.572 506.469 506.332 506.225 506.129 506.032 505.936 505.871 505.795 505.724 505.651 505.555 505.438 505.332 505.266 505.170 505.060 504.882 504.603 504.370 504.142 503.664 503.230 502.797 502.462 502.730 503.064 503.359 503.566 503.720 503.642 503.498 503.320 503.191 503.035 502.872 502.754 502.635 502.468 502.273 502.282 502.587 502.801 502.960 503.141 503.293 503.465 503.515 503.561 503.612 503.658 503.709 503.804 503.812 503.892 504.025 504.166 504.347 504.609 504.898 505.249 505.607 505.918 506.132 506.208 506.208
506.681 506.498 506.412 506.321 506.225 506.129 506.033 505.936 505.840 505.744 505.684 505.621 505.525 505.399 505.288 505.235 505.139 505.025 504.825 504.487 504.098 503.825 503.401 502.953 502.569 502.655 503.029 503.358 503.679 503.891 504.006 503.931 503.756 503.585 503.467 503.312 503.175 503.079 502.967 502.766 502.477 502.422 502.732 503.011 503.251 503.429 503.570 503.749 503.835 503.842 503.935 503.936 504.032 504.097 504.103 504.103 504.184 504.281 504.425 504.654 504.909 505.270 505.648 505.964 506.219 506.368 506.406
506.601 506.426 506.391 506.311 506.214 506.118 506.022 505.932 505.833 505.733 505.636 505.540 505.443 505.347 505.251 505.158 505.070 504.961 504.759 504.343 503.870 503.518 503.233 502.863 502.564 503.033 503.446 503.667 503.999 504.215 504.320 504.192 504.009 503.887 503.791 503.645 503.506 503.397 503.239 503.002 502.721 502.605 502.818 503.141 503.469 503.676 503.880 504.058 504.146 504.165 504.246 504.260 504.342 504.346 504.346 504.346 504.427 504.524 504.609 504.770 504.963 505.322 505.674 505.963 506.252 506.509 506.640
506.528 506.415 506.324 506.230 506.133 506.037 505.941 505.903 505.785 505.651 505.555 505.459 505.362 505.266 505.170 505.105 505.070 504.876 504.416 503.922 503.407 503.203 502.996 502.722 502.969 503.361 503.920 504.226 504.359 504.540 504.582 504.436 504.310 504.212 504.116 504.017 503.867 503.680 503.444 503.200 502.965 502.789 502.925 503.280 503.570 503.855 504.123 504.302 504.398 504.485 504.491 504.584 504.589 504.589 504.590 504.590 504.671 504.767 504.793 504.933 505.125 505.383 505.674 505.963 506.252 506.585 506.837
506.513 506.352 506.245 506.149 506.052 506.008 505.933 505.853 505.751 505.603 505.474 505.378 505.281 505.185 505.089 505.026 504.907 504.498 504.000 503.469 503.083 502.962 502.867 503.094 503.599 504.130 504.359 504.709 504.837 504.892 504.902 504.755 504.633 504.537 504.441 504.345 504.194 503.963 503.686 503.408 503.163 503.002 503.059 503.363 503.672 504.018 504.303 504.556 504.719 504.809 504.810 504.832 504.833 504.833 504.833 504.833 504.914 505.011 505.091 505.143 505.236 505.463 505.752 506.041 506.330 506.629 506.911
506.462 506.274 506.164 506.068 505.971 505.907 505.824 505.762 505.686 505.564 505.448 505.352 505.231 505.104 504.967 504.742 504.408 503.926 503.496 503.266 503.161 503.131 503.229 503.728 504.360 504.723 504.882 505.099 505.163 505.170 505.126 505.008 504.940 504.862 504.766 504.670 504.487 504.218 503.930 503.641 503.370 503.158 503.155 503.461 503.802 504.122 504.411 504.702 504.991 505.134 505.134 505.134 505.079 505.076 505.128 505.136 505.216 505.268 505.351 505.419 505.464 505.590 505.799 506.062 506.351 506.640 506.929
506.421 506.229 506.089 505.986 505.890 505.794 505.697 505.642 505.590 505.528 505.448 505.352 505.211 505.059 504.862 504.460 503.979 503.526 503.269 503.409 503.532 503.614 503.800 504.343 504.910 505.068 505.259 505.397 505.413 505.413 505.336 505.240 505.187 505.110 505.038 504.934 504.733 504.462 504.173 503.885 503.596 503.344 503.289 503.543 503.875 504.164 504.459 504.789 505.120 505.307 505.419 505.419 505.362 505.360 505.413 505.454 505.541 505.561 505.605 505.663 505.681 505.743 505.897 506.122 506.392 506.681 506.970
