DFSS/03_Furuegawa/02_MK_TOPO/01_RR_DR/output/elevation_inRR.asc
ncols  168
nrows  308
xllcorner      10290.000
yllcorner     -12990.000
cellsize     30.000
NODATA_value     0.000
[rows 58 to 86 of 308, columns 67 to 133 of 168]
510.695 510.606 510.591 510.648 510.784 510.561 510.272 509.984 509.495 509.287 509.288 509.297 509.660 510.550 511.661 511.432 510.863 510.780 510.782 510.783 511.200 511.624 511.686 512.342 513.597 514.783 516.910 518.836 521.026 525.172 528.460 532.905 537.846 539.541 541.856 546.633 551.432 556.514 559.588 568.296 582.138 593.353 606.605 628.835 651.028 685.054 718.933 740.279 745.246 748.224 764.830 760.586 775.969 767.892 740.033 722.775 743.769 764.905 780.884 784.310 779.216 791.118 800.539 798.950 799.306 798.921 798.713
511.168 511.069 511.070 511.070 510.886 510.562 510.273 509.984 509.637 509.772 509.823 509.813 509.851 510.456 511.550 512.527 512.187 512.137 512.139 512.101 512.583 512.963 513.166 513.354 514.257 515.780 518.091 522.470 527.460 530.140 531.859 535.411 541.234 546.726 549.515 547.880 552.524 559.237 563.436 570.719 580.300 589.505 597.662 614.768 642.107 676.950 704.500 727.139 751.073 766.615 775.117 768.355 781.367 774.030 750.723 722.775 729.727 750.705 770.548 782.764 791.193 792.017 790.594 797.353 808.476 809.340 799.935
511.734 511.556 511.478 511.466 511.437 511.079 510.664 510.224 510.121 510.158 510.926 511.158 511.137 511.568 512.248 512.972 513.496 513.495 513.416 513.486 513.901 514.130 514.370 514.585 515.317 516.634 515.317 521.234 536.257 535.342 535.517 537.794 541.752 547.327 552.955 555.424 557.913 560.941 565.893 570.917 577.103 583.045 588.817 599.585 627.520 652.035 679.370 712.112 739.030 764.481 780.942 777.540 781.464 781.388 760.076 729.106 728.510 732.527 753.960 765.521 770.830 771.974 782.097 791.677 805.810 811.639 811.928
512.270 512.060 511.944 511.844 511.834 511.823 511.622 511.178 510.971 510.996 511.254 512.035 512.619 513.120 513.513 513.877 514.103 514.382 514.672 514.968 515.368 515.798 516.031 516.461 516.567 515.317 515.512 548.847 553.674 541.867 539.098 542.026 542.915 548.491 554.263 559.837 565.032 568.858 574.187 582.331 589.570 594.251 605.857 615.305 628.009 651.289 677.228 710.011 741.381 764.115 782.136 785.551 788.201 771.689 753.213 744.858 759.964 747.826 738.379 748.806 752.543 759.905 781.576 792.084 799.712 807.503 813.722
512.736 512.483 512.341 512.331 512.232 512.232 512.133 512.095 511.801 511.962 512.152 512.407 513.213 513.890 514.143 514.464 514.663 515.228 516.828 518.562 519.585 518.751 517.416 515.701 515.317 515.317 533.672 580.175 575.688 564.826 550.233 545.118 547.538 549.748 557.358 564.028 570.034 576.854 583.133 593.770 607.051 617.613 630.651 655.543 664.846 656.352 674.184 700.788 740.537 767.534 777.750 782.834 786.863 775.575 769.118 762.370 775.957 767.593 757.928 759.849 777.141 764.515 766.681 790.431 805.846 812.395 817.561
513.223 512.935 512.817 512.755 512.719 512.619 512.620 512.521 512.541 513.046 513.328 513.419 513.507 514.459 515.092 515.230 516.134 517.330 519.030 522.216 523.684 520.255 517.716 515.317 515.317 518.378 563.668 579.581 571.104 562.950 554.861 549.461 551.972 554.526 559.849 568.651 576.991 583.748 591.689 602.704 618.515 637.861 652.935 677.020 688.696 675.873 675.032 700.749 742.479 763.531 768.059 776.252 775.386 775.691 781.370 781.748 789.860 781.887 765.891 761.667 782.854 793.478 771.552 782.583 797.880 816.423 820.805
513.611 513.370 513.219 513.205 513.180 513.106 513.042 513.075 513.265 514.021 514.410 514.475 514.477 514.843 516.542 517.288 517.803 519.051 522.456 527.353 525.365 519.961 517.042 515.317 515.317 540.868 584.030 575.927 567.709 561.581 556.109 554.746 557.317 561.579 566.562 574.013 582.389 589.755 599.929 611.990 626.133 651.861 675.628 691.631 705.755 696.759 685.025 703.666 738.372 753.052 765.561 760.994 758.684 761.966 769.250 777.434 788.561 793.732 784.537 770.276 790.359 803.356 784.220 787.046 790.562 807.565 815.834
514.201 513.810 513.691 513.692 513.593 513.593 513.591 513.792 513.900 514.380 515.419 516.120 515.850 516.186 517.443 519.046 519.639 522.531 527.548 532.440 526.224 519.229 516.241 515.317 517.967 578.065 583.498 574.657 569.680 563.394 557.977 558.640 564.429 570.384 574.701 579.373 588.979 599.663 613.186 631.275 647.939 652.880 669.124 689.711 722.140 737.597 738.648 712.181 721.791 748.045 752.572 746.535 756.232 769.924 771.274 780.858 791.953 797.084 801.742 790.512 791.608 811.326 808.103 803.931 806.449 811.112 818.757
514.587 514.258 514.078 514.079 514.080 514.095 514.246 514.430 514.625 515.106 515.910 516.989 517.353 518.010 518.767 521.119 524.394 527.882 532.990 533.201 524.904 519.045 521.021 521.230 559.385 595.353 581.093 576.931 574.513 569.105 562.639 564.726 570.240 576.052 582.250 589.018 595.489 607.589 627.891 658.198 674.401 673.953 678.631 700.770 732.052 757.471 754.637 738.118 724.555 726.446 730.422 747.718 761.183 764.206 776.894 785.407 798.879 807.547 812.849 815.630 814.403 820.457 820.130 819.710 819.309 819.312 829.125
514.766 514.602 514.496 514.383 514.439 514.535 514.720 514.886 515.242 515.934 516.611 517.475 518.491 519.156 519.815 524.685 529.400 534.246 539.408 541.727 528.180 526.972 538.966 555.200 588.927 601.269 585.602 581.786 578.895 570.563 569.242 574.110 576.503 585.003 592.782 598.537 604.228 613.171 633.628 663.169 683.531 698.523 700.186 718.127 739.074 758.405 767.947 750.886 743.920 753.501 747.543 734.243 748.974 758.022 770.181 783.490 803.261 814.034 820.059 820.756 821.121 821.265 821.980 821.309 821.275 824.074 826.210
515.002 515.037 515.060 514.800 514.700 514.827 514.827 514.929 515.860 516.755 517.372 518.151 519.015 520.616 526.780 532.702 543.161 550.756 547.192 550.593 536.151 535.791 538.766 555.352 597.897 605.904 594.902 587.135 580.874 577.299 579.845 582.903 586.033 597.628 606.444 609.654 615.659 623.904 637.285 654.578 672.724 702.837 728.474 745.402 749.673 766.656 773.260 760.855 755.505 771.625 763.791 740.819 759.547 772.679 784.369 791.922 795.379 806.813 810.148 819.020 820.392 821.812 821.739 820.385 819.538 821.000 821.468
515.807 515.808 515.472 515.180 515.365 515.436 515.537 515.341 516.146 517.134 518.164 519.092 519.647 527.290 547.312 556.328 565.184 566.463 556.178 554.807 552.098 553.891 570.083 595.048 610.773 606.472 598.155 588.382 589.360 585.883 589.919 592.740 596.618 606.053 621.896 628.004 632.372 643.390 660.752 668.010 693.187 721.787 749.141 763.937 757.401 764.799 776.618 771.853 765.153 776.492 771.535 753.077 747.109 760.595 771.821 775.462 780.064 792.149 800.930 805.747 812.856 818.904 821.392 822.694 819.501 818.764 818.865
516.637 516.538 516.303 516.254 516.255 516.356 516.377 516.448 516.647 517.603 518.615 519.364 524.207 533.993 560.995 575.145 573.089 579.789 581.770 567.601 571.851 592.081 602.127 606.276 600.837 595.485 587.833 598.790 600.822 594.085 598.368 603.285 612.446 626.492 642.847 650.719 652.770 658.559 673.096 687.696 713.682 736.117 761.627 773.643 766.249 770.954 776.835 782.841 773.456 778.080 780.483 763.074 761.482 757.479 757.479 765.928 765.928 776.591 789.405 800.496 802.272 808.714 815.883 821.446 824.144 819.874 818.408
517.372 517.269 517.170 517.127 517.197 517.244 517.331 517.381 517.634 517.982 519.270 522.313 527.760 542.795 566.937 580.321 581.864 585.168 590.686 595.320 600.554 601.649 599.639 601.891 597.067 588.530 583.445 593.969 598.747 601.908 607.411 616.912 630.766 649.700 659.458 678.441 685.644 684.022 690.513 711.995 728.835 749.362 771.046 782.249 781.335 784.656 787.606 790.178 788.587 785.584 784.348 776.670 779.604 773.474 777.343 783.228 789.119 789.749 779.773 790.469 800.380 806.455 811.961 821.217 830.352 825.639 820.412
517.999 517.999 517.900 518.001 518.002 518.037 518.129 518.430 518.707 519.011 519.247 524.535 534.399 550.781 571.314 580.267 579.736 580.102 582.222 589.791 593.039 594.095 589.089 590.896 592.033 582.565 576.848 585.161 587.367 590.609 602.538 619.381 638.413 659.984 674.382 690.784 700.901 709.295 718.804 732.266 749.606 756.027 775.392 784.263 784.775 790.627 788.865 785.410 785.793 784.306 782.837 782.573 787.816 788.932 788.797 792.475 798.302 802.274 793.657 801.032 808.320 815.338 818.232 824.794 830.632 830.551 830.375
518.486 518.530 518.630 518.731 518.801 518.926 519.246 519.596 519.681 522.200 527.551 537.102 546.084 557.572 570.383 576.749 570.766 565.623 569.011 573.424 573.399 584.024 582.585 580.001 578.487 572.061 569.547 578.701 581.131 588.154 599.590 612.400 631.997 654.521 664.606 677.865 703.919 735.311 746.649 753.805 763.059 765.656 776.736 772.863 775.765 786.549 777.051 771.626 773.171 770.789 773.012 774.682 780.982 788.036 798.015 800.858 804.633 810.271 808.755 807.041 814.060 819.326 828.700 830.353 830.852 828.944 828.937
519.159 519.328 519.361 519.462 519.607 519.721 519.900 520.761 528.063 534.127 539.775 549.181 561.666 570.479 572.058 573.932 565.556 556.484 552.717 552.778 560.800 575.860 570.936 562.936 562.904 563.270 565.313 572.492 575.940 584.603 593.861 607.429 621.042 631.143 645.240 669.494 699.725 733.822 756.238 758.978 766.626 771.135 768.571 761.893 769.740 776.399 766.591 758.007 757.891 753.541 760.400 764.344 772.918 787.347 791.006 792.855 799.816 808.615 813.016 816.801 820.414 823.679 828.493 827.163 826.870 821.460 819.823
519.930 520.000 520.051 519.814 519.700 519.800 519.900 524.733 537.317 551.016 555.127 560.838 560.461 554.952 552.083 562.659 567.568 552.047 546.009 545.840 551.164 562.023 560.734 556.214 556.396 556.813 561.972 567.685 569.619 578.926 590.798 600.774 609.668 621.893 636.314 665.187 695.568 727.669 746.632 750.693 762.961 763.862 757.727 750.420 763.488 766.545 754.008 745.146 742.215 747.675 752.694 758.012 765.925 774.012 776.839 786.054 796.324 803.722 809.700 815.132 824.814 828.821 827.268 823.409 820.024 814.128 810.650
520.088 520.177 520.340 519.900 519.775 519.832 520.639 533.085 543.626 552.024 556.734 557.052 548.301 540.036 537.340 543.052 549.943 545.949 539.727 539.745 541.929 553.264 554.304 551.495 552.010 553.606 557.714 561.347 566.610 574.175 582.243 591.597 601.081 612.516 628.082 652.712 682.381 717.756 731.932 739.883 745.593 745.701 747.066 740.837 748.983 751.618 738.971 736.357 750.296 759.891 764.361 761.861 764.671 767.274 776.756 791.801 802.998 813.140 820.294 821.336 829.284 830.670 830.257 828.167 823.550 809.833 798.098
520.207 520.394 520.594 519.908 519.810 519.900 529.968 531.385 531.972 535.731 534.608 537.200 530.084 528.568 529.172 529.270 530.498 535.277 534.830 536.287 536.626 539.892 543.325 546.373 547.456 549.737 553.070 557.187 562.284 569.172 577.710 586.340 595.343 606.228 623.519 648.734 677.226 704.628 711.590 714.255 717.057 724.187 728.472 725.458 726.747 728.732 726.470 744.575 755.120 758.461 765.587 777.147 776.951 777.247 779.511 791.324 802.028 810.226 819.098 821.984 820.332 825.407 824.087 823.685 820.800 813.514 802.865
520.621 520.721 520.952 520.254 519.900 519.900 521.606 526.088 525.732 525.697 525.507 525.247 524.653 525.260 526.212 527.227 528.230 529.326 530.958 532.785 533.703 535.684 538.663 541.928 542.962 546.061 550.852 555.334 559.586 565.157 572.004 582.357 591.166 600.418 621.307 644.811 672.892 684.182 679.047 677.636 685.976 700.785 706.720 707.383 711.558 716.263 719.283 732.236 736.789 748.677 758.308 774.296 790.936 793.461 793.964 794.680 800.774 808.100 815.204 814.175 809.434 816.740 812.867 808.132 812.434 806.323 801.008
521.199 521.312 521.512 521.809 521.910 522.011 522.131 522.214 522.398 522.506 522.677 523.495 524.405 525.161 526.085 526.408 528.307 529.285 530.820 532.240 533.586 534.646 536.536 538.303 540.066 544.346 547.750 552.878 557.617 562.466 568.222 578.013 588.561 599.703 618.293 639.874 656.361 658.347 653.267 651.094 655.648 666.471 674.678 696.168 728.694 734.139 737.410 735.534 732.236 739.870 749.369 765.173 782.742 802.738 807.064 806.810 809.429 813.586 813.656 805.300 801.886 809.232 801.469 795.004 791.382 788.853 783.589
521.788 521.971 522.127 522.272 522.397 522.498 522.549 522.503 522.550 522.643 522.787 523.590 524.330 525.071 525.899 525.896 527.250 529.429 530.538 531.689 532.830 533.857 535.414 537.271 538.577 542.166 546.473 551.626 557.216 562.467 569.766 581.323 592.664 599.582 610.356 619.797 629.823 628.108 619.985 619.645 626.205 634.310 657.096 691.249 721.906 739.500 756.393 753.572 749.892 743.553 751.515 764.743 783.204 799.713 808.625 810.954 811.999 811.951 806.892 798.531 795.164 804.851 790.223 773.800 766.875 765.939 764.559
522.281 522.460 522.588 522.740 522.830 522.890 522.793 522.793 522.793 522.793 522.898 523.529 524.258 525.021 525.605 525.509 525.879 528.383 530.537 531.521 532.453 533.806 534.551 534.984 537.311 539.583 545.168 553.765 562.738 566.843 571.822 582.703 587.304 589.292 591.427 597.744 605.196 606.122 603.664 607.762 614.166 619.942 654.016 685.469 711.811 739.448 758.791 762.214 762.807 759.733 760.145 773.841 781.166 780.676 794.558 799.511 808.601 810.027 802.286 791.126 784.813 795.568 795.323 772.547 756.482 746.518 747.543
522.798 522.953 523.070 523.204 523.171 523.136 523.136 523.073 523.073 523.137 523.137 523.502 524.184 524.920 525.223 525.161 525.133 527.625 530.412 531.194 532.080 533.087 533.781 534.793 536.492 539.005 541.777 552.856 557.104 558.372 563.457 569.857 567.971 569.268 574.551 584.651 594.568 599.732 591.596 591.596 609.533 617.965 648.430 677.175 700.058 722.058 739.191 750.649 756.242 758.991 760.134 761.932 761.892 766.413 782.896 801.055 801.060 797.640 792.077 776.352 773.196 780.502 783.061 778.396 763.747 750.310 735.556
523.322 523.372 523.520 523.620 523.558 523.473 523.380 523.380 523.380 523.380 523.321 523.524 524.202 524.847 524.918 524.900 524.817 524.817 529.794 530.933 531.840 532.975 534.033 535.094 536.494 538.043 539.761 546.600 548.360 551.327 556.088 557.416 557.982 561.328 569.861 576.975 589.518 594.028 591.596 591.812 610.664 618.359 653.688 676.362 683.838 699.683 713.715 723.960 732.490 741.137 749.735 753.897 751.070 756.484 773.573 787.957 791.438 788.256 782.899 769.889 759.431 765.867 771.392 768.246 754.139 748.223 718.828
523.842 523.943 523.944 524.084 524.045 523.916 523.746 523.647 523.624 523.624 523.507 523.624 524.176 524.589 524.674 524.674 524.674 524.769 528.832 530.835 532.014 533.197 534.281 535.436 536.707 538.250 539.646 543.986 544.898 547.815 550.988 553.237 556.677 560.924 566.119 569.860 583.274 591.596 593.606 593.983 608.897 617.114 650.291 664.237 659.367 672.693 686.195 709.171 728.634 740.449 751.622 746.168 735.859 751.792 758.346 771.639 781.536 780.256 773.099 760.938 748.701 749.648 764.653 769.845 744.047 727.675 714.030
524.384 524.430 524.493 524.531 524.532 524.404 524.221 524.065 523.936 523.811 523.668 523.561 523.898 524.270 524.431 524.431 524.502 524.694 527.394 530.986 532.141 533.296 534.523 535.685 536.865 538.044 539.291 542.419 546.118 548.646 550.967 554.445 558.025 560.554 564.968 569.009 575.099 581.999 591.701 595.358 602.141 613.642 620.148 629.015 629.773 651.651 673.319 704.560 730.041 743.465 750.272 737.995 725.126 743.005 743.398 757.157 772.343 760.987 753.447 748.942 740.123 746.129 761.211 767.089 752.957 733.997 713.909
524.924 524.932 525.026 525.083 524.966 524.674 524.484 524.321 524.406 524.347 524.161 523.812 523.806 524.034 524.136 524.240 524.401 524.513 525.575 530.970 532.234 533.494 534.749 535.778 536.745 537.880 538.792 539.882 543.257 546.206 550.689 553.382 557.600 562.423 564.581 567.153 569.062 575.401 584.990 590.861 595.028 605.590 606.132 608.203 617.107 646.435 673.036 707.190 720.687 732.435 740.949 728.506 713.830 719.906 738.588 758.454 762.253 745.628 736.010 730.478 727.638 739.060 749.810 758.184 755.696 736.080 712.036
