DFSS/03_Furuegawa/02_MK_TOPO/01_RR_DR/output/elevation_inRR.asc
ncols  168
nrows  308
xllcorner      10290.000
yllcorner     -12990.000
cellsize     30.000
NODATA_value     0.000
[rows 203 to 231 of 308, columns 0 to 66 of 168]
698.166 688.130 669.542 666.317 683.368 698.317 702.628 702.099 697.709 693.152 685.442 695.362 692.678 690.182 676.348 677.380 674.918 669.266 665.998 665.388 668.609 679.098 684.890 686.226 683.365 676.548 676.046 675.367 667.456 666.578 673.155 674.561 671.256 659.976 647.890 642.307 645.174 659.615 660.990 656.170 650.353 641.167 638.770 649.533 643.082 642.977 649.192 645.971 641.797 629.261 631.499 647.747 651.607 652.720 655.232 658.625 659.284 658.695 657.226 658.619 659.960 657.712 655.213 652.424 650.299 650.085 659.145
701.225 694.290 671.020 667.243 684.391 698.789 706.909 708.638 702.962 692.842 692.578 699.769 699.667 685.712 687.439 687.993 686.222 679.286 672.153 669.013 668.281 677.221 686.770 688.036 682.153 679.469 681.401 670.596 670.837 670.627 677.099 676.724 669.619 651.432 642.307 642.307 652.101 663.511 657.790 653.360 651.270 640.215 650.854 653.224 644.299 648.460 650.344 646.825 641.916 631.466 629.684 643.061 642.131 646.488 653.246 657.083 660.763 661.601 660.103 659.612 662.347 661.567 659.168 656.624 654.276 652.627 652.670
703.253 690.382 669.089 673.975 698.323 699.468 710.264 710.990 705.025 695.392 697.046 704.784 698.863 687.231 698.157 697.564 690.573 685.033 677.430 671.136 670.652 679.549 691.226 689.200 684.039 685.148 678.960 672.922 678.991 678.057 681.083 671.770 654.401 642.307 644.751 645.791 658.878 665.008 659.097 660.843 655.404 644.634 654.114 654.652 648.592 650.138 652.075 649.087 641.173 633.324 631.417 632.292 634.395 636.053 650.999 654.870 658.027 661.257 664.436 663.546 665.071 664.395 662.278 660.486 659.326 658.166 653.530
706.203 693.554 671.403 677.242 699.895 701.760 712.560 712.157 708.871 698.799 702.713 708.206 698.001 695.229 703.552 701.176 695.085 683.510 676.198 672.504 675.595 683.692 693.161 691.214 689.429 681.756 677.139 681.008 685.329 683.874 678.268 657.296 643.336 653.952 650.492 655.280 664.475 667.236 664.438 661.959 654.888 647.290 658.023 656.279 649.907 651.985 652.935 650.056 640.213 635.104 636.260 637.125 642.310 635.890 652.739 660.606 659.318 659.433 663.170 667.243 668.296 667.227 665.326 664.721 663.957 660.845 655.956
710.719 701.093 680.624 674.626 698.408 704.685 713.127 715.746 712.473 700.655 707.976 708.158 698.667 704.835 706.687 701.326 693.609 682.075 675.759 675.922 681.240 689.937 691.676 690.938 684.685 680.818 683.946 686.717 684.257 670.853 663.505 652.372 650.657 661.569 655.971 667.816 671.529 670.278 662.961 654.635 647.887 653.748 661.791 656.682 650.003 656.200 650.848 640.865 637.089 637.229 642.682 650.716 639.839 638.549 657.568 662.026 662.147 662.723 663.583 665.346 669.623 670.294 668.655 669.690 666.582 662.935 658.921
713.762 704.233 682.531 677.353 700.066 708.030 714.422 719.291 713.570 703.198 713.387 704.946 709.572 712.093 706.765 697.978 690.964 681.411 676.241 678.261 690.121 693.462 690.643 686.778 688.042 691.870 691.660 686.095 682.671 660.873 650.657 650.657 652.172 663.088 669.427 673.713 672.083 667.476 659.000 651.905 653.465 662.533 662.384 655.058 658.944 655.808 644.599 639.035 645.901 642.935 652.236 650.696 638.549 642.211 657.274 661.676 664.522 666.832 668.468 669.477 668.066 671.164 674.021 672.388 669.156 670.049 661.599
713.686 707.550 682.750 682.702 703.460 713.400 716.016 721.758 715.759 709.595 714.325 711.920 715.099 706.484 695.467 690.526 688.562 679.705 677.059 679.169 694.812 695.694 691.301 693.150 694.962 688.179 677.505 664.836 671.795 663.230 650.657 657.722 661.704 673.662 677.319 674.115 669.294 665.740 657.191 658.067 662.298 666.482 659.411 660.636 661.831 655.056 642.898 639.035 646.257 650.698 656.010 640.572 638.718 648.680 657.179 660.013 663.100 665.967 668.812 672.575 672.257 673.646 676.457 674.690 673.550 668.542 666.230
711.422 716.032 695.627 682.702 698.468 716.667 716.711 723.145 719.214 717.120 716.956 720.476 708.567 691.319 687.923 685.330 681.996 679.451 678.970 685.000 701.370 696.318 700.168 700.217 683.746 665.510 660.670 659.003 660.309 650.657 650.992 671.781 673.307 681.567 677.339 676.712 675.666 669.046 657.838 670.376 670.232 666.018 661.923 665.744 660.894 648.919 639.640 639.552 649.092 656.523 659.619 640.263 639.745 645.622 660.232 664.093 664.406 666.311 669.164 673.294 677.429 676.920 678.887 677.742 674.589 669.248 666.230
717.215 720.488 699.022 685.407 694.437 716.639 722.841 723.486 722.263 722.827 723.566 711.873 694.019 688.260 688.509 688.040 687.907 688.710 694.946 704.918 700.863 702.346 702.214 695.660 687.949 664.705 669.514 660.374 655.882 662.254 670.556 676.352 682.348 683.836 682.293 679.652 671.742 661.044 663.407 672.493 671.856 665.559 667.731 661.623 651.517 639.750 646.104 652.477 652.070 662.229 662.070 647.145 658.248 645.924 653.029 668.918 667.861 670.003 670.369 672.829 678.115 680.592 681.181 679.789 676.037 671.295 667.568
720.604 720.463 694.262 690.496 698.226 714.953 729.509 726.022 729.090 729.550 723.997 704.882 693.993 689.078 694.549 697.438 706.282 707.396 712.089 706.416 707.189 703.099 690.249 679.099 678.185 665.640 672.974 669.375 677.818 680.591 684.953 685.012 687.763 686.581 680.041 669.262 668.059 669.133 667.756 674.691 670.629 668.606 670.210 660.648 644.442 639.898 651.746 660.599 656.907 667.047 662.713 654.362 660.303 645.924 653.959 667.648 671.464 672.694 672.873 673.031 676.056 680.238 682.271 681.505 678.485 676.933 668.500
720.721 720.502 696.791 701.272 720.172 718.259 732.754 730.746 733.578 731.221 722.971 706.017 695.054 689.593 701.484 706.540 715.483 716.070 713.083 711.650 710.286 694.338 675.861 669.803 669.348 670.305 675.791 681.540 695.091 695.594 684.866 691.089 691.056 682.902 675.961 680.757 680.582 670.591 673.797 675.922 670.712 674.080 668.850 664.299 661.102 648.667 646.621 663.019 661.179 670.389 662.694 658.501 661.402 649.985 646.123 661.215 671.093 674.268 676.007 675.962 676.000 678.023 682.339 685.087 683.301 682.913 672.496
722.341 720.852 701.157 707.192 728.303 728.984 735.701 737.721 731.827 723.928 717.854 706.193 700.096 699.087 709.046 710.992 721.065 720.570 716.621 708.496 697.365 685.342 673.205 682.252 685.925 686.614 687.433 691.705 701.373 692.056 690.651 694.915 686.688 680.545 689.007 684.359 675.513 674.290 680.147 676.836 677.404 676.054 672.666 667.584 660.204 648.471 650.974 667.297 665.274 670.745 661.888 662.217 663.118 664.000 648.829 652.286 667.364 673.266 677.330 680.024 679.786 678.105 683.099 687.771 688.443 685.856 679.839
724.769 722.147 703.273 720.675 738.132 739.822 740.680 731.078 715.632 709.021 706.901 702.927 704.911 708.767 715.841 717.000 724.081 720.764 713.956 706.128 701.074 682.578 676.475 691.819 703.377 694.364 700.718 699.620 699.883 691.134 699.122 691.294 684.476 692.918 689.428 680.353 681.565 684.587 682.543 681.284 679.987 674.299 668.575 654.247 648.471 649.433 658.720 670.742 668.038 670.942 661.991 662.182 669.150 671.349 663.208 648.829 667.886 676.605 678.414 682.094 681.890 678.872 683.164 689.944 691.182 689.913 683.866
736.126 724.037 709.791 728.980 742.963 736.804 723.266 715.368 709.325 707.580 707.321 706.112 708.788 716.908 720.058 725.558 726.236 718.466 703.958 686.128 684.057 679.859 679.453 700.680 709.884 696.879 707.203 708.096 696.830 701.189 697.931 688.143 695.991 694.314 689.153 690.962 690.675 688.066 684.580 683.019 679.932 667.999 650.874 650.874 657.632 666.771 671.311 673.364 670.699 670.108 663.623 670.465 670.368 672.961 658.541 651.892 670.507 680.962 683.040 684.641 685.959 682.634 682.941 689.010 692.169 692.596 687.315
745.241 724.711 717.399 739.377 738.237 719.394 715.630 713.618 713.182 714.141 709.506 713.881 722.267 725.173 730.342 732.625 724.118 716.380 700.630 682.309 682.309 679.453 687.778 709.264 710.049 703.910 711.974 706.151 698.934 704.609 692.327 696.964 701.895 696.012 694.701 695.091 691.285 681.310 674.948 677.865 677.368 655.455 654.631 663.847 668.919 675.867 678.766 675.774 671.778 668.053 668.770 673.118 670.983 675.710 656.021 651.892 659.474 672.822 682.112 686.992 689.616 689.230 689.762 685.829 691.645 694.265 686.859
750.661 730.842 719.827 738.529 731.473 717.442 717.464 720.199 723.808 718.035 717.683 728.250 734.807 732.661 738.025 730.690 714.461 697.452 692.748 685.886 690.919 683.259 694.150 714.293 711.112 709.990 713.331 702.804 708.035 703.197 697.150 703.087 704.456 701.771 698.769 692.614 685.146 670.417 662.079 659.239 660.210 655.592 669.830 665.606 676.100 681.911 683.378 680.078 672.660 672.486 670.209 677.546 676.407 678.686 673.454 663.148 651.892 670.592 681.880 686.431 691.247 693.229 693.522 690.526 692.515 696.463 685.430
746.969 731.507 732.498 741.630 724.510 720.185 725.936 730.501 720.367 723.019 729.796 741.548 740.610 742.408 735.498 720.677 702.393 692.504 692.504 687.972 698.548 688.222 701.471 720.010 713.439 714.855 710.459 707.640 711.601 701.019 704.958 709.554 707.771 701.215 693.896 685.946 676.517 664.942 660.526 662.209 658.791 660.837 674.184 667.332 682.380 687.784 686.777 680.724 675.637 676.720 676.631 678.032 680.845 679.666 680.979 673.758 654.687 670.743 682.330 688.594 693.480 697.041 697.156 692.704 696.173 700.256 689.832
735.783 742.579 747.919 731.479 724.166 726.349 733.272 730.448 726.825 739.713 744.347 747.760 746.594 738.861 726.927 714.447 699.329 696.042 713.274 711.281 710.688 695.398 711.981 722.275 715.129 720.382 715.334 713.560 711.733 706.601 712.902 709.221 701.981 694.301 687.688 677.375 666.149 668.400 669.518 676.905 664.634 677.513 681.579 674.607 684.796 691.353 690.151 678.599 683.371 681.439 682.185 681.130 685.331 681.310 673.566 661.426 656.361 665.748 680.431 688.583 692.909 698.918 700.494 697.414 697.611 702.404 697.144
743.742 752.174 736.988 728.339 727.916 734.225 737.033 732.196 736.709 750.141 752.744 749.209 741.835 727.176 710.224 698.877 698.358 697.989 713.972 725.080 711.980 705.370 721.684 719.209 721.510 723.263 716.653 720.418 716.292 714.560 712.189 703.839 694.656 687.628 679.167 667.603 669.864 671.156 673.155 680.151 668.749 686.607 688.215 680.251 690.621 696.756 688.446 682.286 690.012 687.534 686.215 687.335 683.049 675.849 667.942 664.106 672.300 660.945 666.514 679.008 688.752 695.418 700.119 702.634 701.022 702.896 702.815
757.591 746.351 736.058 731.412 738.217 745.669 738.403 749.880 754.178 756.764 751.130 738.401 725.251 713.691 699.310 705.499 710.049 711.899 723.537 728.270 713.362 714.351 729.283 722.208 729.198 723.823 722.187 724.080 720.396 718.291 706.724 693.195 679.886 675.154 671.379 670.687 676.354 672.921 679.957 687.123 674.290 684.610 693.380 688.856 693.276 696.655 685.771 692.372 694.075 690.911 690.656 690.509 685.320 680.840 667.274 671.502 681.395 671.002 667.784 670.975 681.575 689.682 694.497 699.949 706.193 707.609 705.843
768.281 751.510 741.843 734.237 745.794 751.987 749.790 760.266 760.414 750.804 739.535 722.224 709.064 700.489 710.156 710.778 722.048 721.054 737.592 728.733 714.746 724.898 734.256 733.168 732.719 731.190 727.887 722.072 720.793 714.372 700.947 681.143 675.162 677.544 675.488 682.264 674.484 687.671 691.927 693.983 682.458 687.081 699.712 693.347 695.997 693.470 693.080 703.421 697.402 698.101 696.239 688.585 677.256 673.123 667.274 667.449 681.992 685.007 680.655 672.226 673.880 679.999 685.428 692.967 701.313 707.580 708.768
774.110 762.160 746.690 736.315 745.213 761.911 757.824 761.580 746.339 730.085 717.443 706.981 706.287 715.499 727.714 716.093 729.898 730.087 742.824 729.167 723.319 737.240 740.307 735.650 730.143 722.772 715.731 710.166 709.901 710.904 694.611 679.130 686.684 700.172 691.123 680.427 685.744 693.942 706.171 693.806 682.458 696.722 707.570 701.931 700.659 694.883 697.449 710.042 705.658 699.010 687.743 672.643 669.113 667.274 670.203 673.773 676.987 687.131 688.676 690.031 676.907 674.351 688.558 690.564 695.344 701.555 711.810
770.255 757.499 747.358 738.313 746.513 762.953 762.602 752.496 737.500 714.265 713.643 719.004 710.247 728.917 736.785 724.452 743.050 743.549 745.949 730.314 732.755 743.006 738.154 722.800 709.288 703.744 694.326 689.256 688.560 694.294 687.335 683.427 694.943 701.612 690.662 682.772 698.035 698.655 709.934 691.174 689.947 709.111 714.593 704.759 705.362 703.357 702.169 707.985 696.344 683.075 671.968 670.042 688.273 687.123 690.507 670.370 674.876 685.060 693.033 695.056 689.647 683.698 684.931 694.223 695.729 700.884 707.942
769.380 759.590 746.640 739.575 751.335 761.196 748.075 736.940 721.300 714.714 724.641 722.412 722.183 730.812 743.200 732.191 748.484 752.738 743.546 736.249 744.743 743.914 722.631 703.923 698.943 696.870 697.710 700.492 688.444 685.665 683.894 688.998 705.312 697.232 687.975 695.051 707.192 705.921 711.058 691.306 695.704 714.411 716.831 705.586 710.119 712.031 712.493 696.351 689.757 678.710 680.708 682.687 695.843 700.320 680.555 674.753 679.594 684.345 693.576 699.231 694.281 688.881 684.465 699.153 701.266 700.588 705.514
763.653 752.728 745.612 743.132 759.167 747.266 730.235 720.716 720.716 723.663 738.647 724.100 731.178 742.622 750.004 743.604 743.904 756.885 747.149 751.216 749.891 736.492 712.486 703.205 713.814 717.360 717.175 697.164 697.641 695.693 693.862 706.368 710.785 697.804 690.921 710.102 717.141 712.787 710.373 695.049 707.823 718.984 712.011 715.948 715.070 716.703 701.882 683.908 679.016 681.827 692.602 700.424 701.927 700.655 676.257 684.882 685.242 684.922 695.060 703.491 697.075 690.411 687.606 701.087 706.185 708.411 704.594
756.694 752.019 748.118 753.428 747.981 729.363 728.733 733.794 741.505 732.843 738.751 727.646 742.665 757.278 762.031 758.665 747.869 761.240 753.468 740.381 728.730 715.746 707.513 707.674 723.292 717.514 709.587 697.164 708.675 714.444 710.647 721.035 713.044 700.656 690.921 712.733 721.373 718.746 711.283 699.452 716.157 725.312 715.348 720.130 723.690 705.835 688.659 690.610 686.217 694.191 704.128 703.263 698.745 692.100 676.257 687.914 691.786 688.174 694.877 706.852 699.025 691.273 689.902 700.339 706.067 712.040 706.654
754.840 757.652 761.217 742.135 733.083 735.412 746.910 748.675 753.245 743.699 741.699 732.454 746.397 762.258 772.185 765.879 753.913 762.324 737.687 716.646 709.387 709.387 709.389 723.932 710.990 703.848 699.148 707.025 724.346 730.297 725.690 727.597 712.428 700.354 694.472 705.962 725.340 724.719 710.937 712.990 721.676 725.099 726.866 720.426 721.297 698.779 689.819 700.615 691.792 695.250 704.880 708.488 692.499 679.748 693.359 692.519 695.999 694.934 697.668 707.389 695.856 689.902 693.999 702.367 707.185 714.549 708.371
765.523 770.953 746.309 740.528 751.046 757.164 761.400 767.625 755.284 757.273 744.766 736.477 753.787 768.049 778.113 772.909 762.668 760.232 735.156 715.563 721.227 726.812 731.245 730.301 710.902 722.388 708.513 709.997 730.574 739.480 737.959 727.162 712.294 717.253 702.035 703.302 721.314 728.059 710.937 725.293 734.118 729.068 732.729 731.146 714.725 699.474 694.379 701.378 691.792 705.368 715.750 708.605 686.271 692.697 706.007 697.607 699.509 702.707 703.986 696.991 694.698 698.511 702.672 711.905 717.396 721.461 713.335
774.620 759.022 746.718 741.898 760.132 776.574 774.998 776.485 758.683 767.790 744.406 744.145 758.130 776.456 786.428 778.546 773.435 755.475 734.946 717.936 730.417 748.925 747.860 726.858 719.507 734.632 720.069 708.513 729.632 748.928 740.605 723.620 724.756 728.889 709.134 705.951 724.712 728.245 716.902 731.606 736.516 740.518 732.898 716.481 699.474 700.252 703.762 697.444 696.114 715.377 724.346 709.183 691.910 697.136 709.584 703.295 708.763 711.137 704.848 697.922 704.263 702.998 705.585 712.774 724.235 727.635 720.390
