DFSS/03_Furuegawa/02_MK_TOPO/01_RR_DR/output/elevation_inRR.asc
ncols  168
nrows  308
xllcorner      10290.000
yllcorner     -12990.000
cellsize     30.000
NODATA_value     0.000
[rows 29 to 57 of 308, columns 0 to 66 of 168]
499.411 499.361 499.312 499.212 499.134 499.212 499.388 499.577 499.766 500.009 500.973 501.800 501.622 501.553 501.941 502.232 502.683 502.866 502.732 502.590 502.380 501.726 500.973 500.206 499.813 499.525 499.142 498.847 498.950 499.361 499.819 500.343 501.092 501.317 501.166 500.977 500.983 501.175 501.421 501.522 501.622 501.719 501.742 501.746 501.746 501.647 501.647 501.648 501.562 501.831 502.120 502.309 502.499 502.688 502.826 502.955 502.927 502.827 502.796 502.701 502.605 502.508 502.411 502.314 502.229 502.180 502.088
499.555 499.555 499.555 499.546 499.456 499.456 499.551 499.590 499.765 500.008 501.029 502.009 502.273 502.283 502.573 502.963 503.252 503.280 503.138 502.994 502.419 501.660 500.974 500.205 499.814 499.571 499.258 498.947 499.042 499.430 499.819 500.521 501.192 501.463 501.564 501.388 501.264 501.491 501.665 501.765 501.865 501.962 502.051 502.115 502.133 502.067 502.067 502.067 502.062 502.168 502.363 502.553 502.742 502.931 503.120 503.170 503.070 502.995 502.898 502.804 502.712 502.620 502.528 502.436 502.372 502.273 502.196
499.798 499.798 499.799 499.799 499.788 499.699 499.800 499.800 499.800 499.962 500.928 501.895 502.821 503.013 503.301 503.504 503.680 503.705 503.552 503.218 502.441 501.664 500.975 500.206 499.822 499.809 499.728 499.348 499.147 499.436 499.819 500.523 501.389 501.606 501.707 501.807 501.611 501.748 501.908 502.009 502.109 502.205 502.294 502.383 502.472 502.465 502.421 502.422 502.422 502.210 502.366 502.770 502.985 503.174 503.357 503.308 503.210 503.114 503.095 503.001 502.900 502.739 502.649 502.558 502.468 502.400 502.300
500.025 500.025 500.026 500.027 500.028 500.029 500.029 500.030 500.031 500.092 500.927 501.894 502.860 503.595 503.744 503.938 504.080 504.111 503.968 503.294 502.523 501.751 501.031 500.644 500.591 500.641 500.459 499.588 499.270 499.530 499.818 500.522 501.488 501.750 501.851 501.982 502.026 501.992 502.152 502.252 502.352 502.448 502.537 502.626 502.715 502.804 502.808 502.809 502.809 502.602 502.269 502.585 503.000 503.395 503.528 503.435 503.357 503.293 503.198 503.104 503.000 502.870 502.775 502.680 502.585 502.500 502.400
500.670 500.671 500.671 500.672 500.672 500.659 500.573 500.574 500.574 500.575 500.977 501.893 502.779 503.732 504.177 504.364 504.486 504.522 504.138 503.376 502.610 501.985 501.756 501.568 501.651 501.371 500.611 499.637 499.341 499.624 499.818 500.521 501.208 501.497 501.785 502.062 502.248 502.292 502.395 502.496 502.596 502.691 502.780 502.869 502.958 503.047 503.137 503.196 503.196 503.197 503.102 502.981 503.370 503.660 503.651 503.600 503.500 503.401 503.301 503.208 503.102 503.001 502.901 502.801 502.702 502.602 502.503
501.357 501.358 501.358 501.359 501.359 501.191 501.064 501.061 501.092 501.162 501.333 501.835 502.758 503.725 504.625 504.765 504.916 504.912 504.196 503.471 503.259 503.017 502.730 502.538 502.235 501.379 500.612 499.694 499.462 499.629 499.848 500.333 500.657 500.978 501.335 501.662 502.070 502.538 502.639 502.739 502.839 502.897 502.940 503.040 503.177 503.291 503.380 503.499 503.542 503.587 503.682 503.637 503.714 503.866 503.822 503.727 503.644 503.591 503.445 503.349 503.245 503.113 503.019 502.924 502.829 502.735 502.647
502.016 502.017 502.017 502.018 501.944 501.820 501.657 501.648 501.648 501.688 501.791 502.180 502.762 503.732 504.763 505.085 505.120 504.937 504.555 504.485 504.363 504.069 503.693 503.008 502.246 501.380 500.613 499.747 499.588 499.723 499.900 500.206 500.590 500.968 501.273 501.712 502.373 502.871 502.882 502.982 503.083 503.083 503.253 503.379 503.535 503.668 503.807 503.970 503.857 503.885 503.979 503.998 504.086 504.035 503.945 503.887 503.797 503.698 503.588 503.489 503.391 503.289 503.136 503.047 502.900 502.867 502.790
502.646 502.647 502.648 502.649 502.548 502.434 502.236 502.152 502.235 502.253 502.336 502.685 503.056 503.723 504.689 505.085 505.241 505.157 505.110 505.020 504.965 504.325 503.558 502.767 502.025 501.353 500.606 499.798 499.700 499.800 499.900 500.206 500.590 500.967 501.466 502.172 502.850 503.125 503.133 503.226 503.326 503.327 503.427 503.699 503.988 504.141 504.256 504.301 504.153 504.129 504.129 504.229 504.250 504.158 504.116 504.019 503.931 503.827 503.730 503.602 503.506 503.400 503.260 503.168 503.033 502.983 502.929
503.277 503.278 503.278 503.279 503.175 502.982 502.778 502.782 502.822 502.854 502.885 503.301 503.698 503.900 504.711 505.185 505.400 505.363 505.231 505.074 504.711 504.030 503.316 502.449 501.767 501.089 500.411 499.850 499.800 499.800 499.900 500.206 500.589 501.202 501.952 502.619 503.302 503.369 503.447 503.469 503.570 503.570 503.670 503.871 504.160 504.491 504.743 504.572 504.468 504.372 504.373 504.473 504.381 504.330 504.238 504.174 504.074 503.964 503.800 503.706 503.600 503.483 503.386 503.240 503.177 503.177 503.077
503.907 503.908 503.909 503.909 503.699 503.314 503.411 503.413 503.413 503.414 503.510 503.599 504.443 504.705 505.092 505.385 505.575 505.431 505.196 504.954 504.165 503.349 502.771 502.185 501.447 500.855 500.377 499.910 499.910 499.910 499.910 500.322 501.004 501.688 502.366 503.105 503.712 503.712 503.713 503.715 503.813 503.813 503.914 504.085 504.425 504.763 505.000 504.915 504.803 504.631 504.616 504.616 504.542 504.451 504.409 504.311 504.179 504.016 503.918 503.802 503.704 503.600 503.453 503.362 503.320 503.316 503.221
504.538 504.538 504.593 504.466 503.943 503.942 504.042 504.043 504.044 504.045 504.076 504.041 504.744 505.199 505.294 505.542 505.627 505.288 505.049 504.429 503.743 503.389 502.998 502.371 501.417 500.942 500.410 500.127 500.100 500.087 500.224 500.775 501.490 502.175 502.853 503.591 503.956 503.956 503.956 504.056 504.057 504.057 504.157 504.328 504.594 504.948 505.000 505.059 504.994 504.900 504.860 504.768 504.672 504.625 504.561 504.439 504.246 504.153 504.000 503.905 503.800 503.674 503.542 503.500 503.464 503.464 503.456
505.268 505.322 505.063 504.655 504.487 504.581 504.680 504.674 504.674 504.675 504.676 504.584 505.010 505.400 505.688 505.892 505.555 505.181 504.853 504.677 504.573 504.463 503.763 502.043 501.417 500.956 500.598 500.347 500.297 500.421 500.726 501.305 501.976 502.643 503.339 504.017 504.199 504.199 504.299 504.300 504.300 504.300 504.401 504.571 504.760 505.000 505.038 505.101 505.103 505.200 505.014 504.903 504.833 504.800 504.702 504.503 504.377 504.204 504.105 504.001 503.900 503.736 503.700 503.607 503.607 503.606 503.600
505.649 505.406 505.290 505.267 505.268 505.268 505.269 505.269 505.270 505.270 505.232 505.271 505.272 505.442 505.791 506.031 505.682 505.376 505.188 505.138 505.038 504.945 503.328 501.632 501.417 501.085 500.840 500.591 500.618 500.948 501.247 501.891 502.469 503.137 503.825 504.444 504.543 504.543 504.543 504.543 504.544 504.544 504.797 504.928 504.977 505.090 505.227 505.405 505.492 505.491 505.350 505.167 505.047 504.920 504.776 504.600 504.476 504.300 504.200 504.100 503.960 503.866 503.800 503.777 503.751 503.751 503.745
505.913 505.853 505.854 505.754 505.755 505.755 505.756 505.756 505.757 505.757 505.758 505.758 505.759 505.784 505.979 506.177 505.908 505.620 505.472 505.381 505.259 505.069 503.626 501.803 501.500 501.578 501.256 501.018 501.121 501.494 501.799 502.377 503.054 503.633 504.307 504.786 504.786 504.786 504.787 504.787 504.787 504.787 504.978 505.349 505.465 505.577 505.714 505.811 505.880 505.789 505.681 505.490 505.322 505.081 504.854 504.659 504.570 504.399 504.300 504.193 504.094 503.993 503.941 503.900 503.898 503.894 503.895
506.349 506.340 506.341 506.241 506.242 506.242 506.243 506.243 506.244 506.244 506.245 506.245 506.346 506.152 506.418 506.341 506.152 505.939 505.751 505.462 505.193 505.059 503.841 502.022 502.269 502.416 501.931 501.568 501.592 501.907 502.309 502.879 503.483 504.062 504.690 505.188 505.288 505.289 505.290 505.291 505.292 505.293 505.293 505.532 505.829 506.011 506.144 506.241 506.261 506.131 505.943 505.781 505.645 504.900 504.800 504.700 504.576 504.500 504.399 504.300 504.150 504.137 504.100 504.072 504.038 504.038 504.038
506.876 506.827 506.828 506.781 506.729 506.729 506.730 506.730 506.731 506.731 506.732 506.808 506.833 506.728 506.761 506.512 506.129 505.913 505.651 505.394 505.073 504.694 503.510 502.472 503.242 503.218 502.780 502.315 502.131 502.664 503.189 503.317 503.534 503.962 504.618 505.576 506.019 506.020 506.021 506.021 506.022 505.955 505.924 505.942 506.208 506.462 506.552 506.652 506.573 506.377 506.277 506.093 505.380 504.900 504.800 504.700 504.595 504.500 504.479 504.382 504.284 504.280 504.281 504.281 504.281 504.281 504.282
507.414 507.314 507.315 507.300 507.216 507.216 507.217 507.217 507.278 507.318 507.284 507.319 507.320 507.195 506.712 506.391 506.118 505.833 505.540 505.251 504.961 503.870 502.863 503.446 504.215 504.009 503.645 503.239 502.605 503.469 504.058 504.246 504.346 504.427 504.770 505.674 506.509 506.650 506.651 506.652 506.653 506.636 506.554 506.543 506.595 506.884 506.973 507.020 506.907 506.719 506.549 506.425 505.319 504.888 504.790 504.700 504.622 504.622 504.600 504.431 504.822 504.647 504.648 504.638 504.625 504.525 504.492
507.850 507.801 507.802 507.802 507.703 507.703 507.704 507.704 507.805 507.805 507.806 507.806 507.729 507.191 506.614 506.164 505.907 505.686 505.352 504.967 503.926 503.161 503.728 504.882 505.170 504.940 504.670 503.930 503.158 503.802 504.702 505.134 505.076 505.216 505.419 505.799 506.640 507.342 507.381 507.374 507.283 507.284 507.223 507.186 507.124 507.342 507.426 507.340 507.163 507.027 506.870 506.543 505.798 505.189 504.920 504.765 504.766 504.766 504.666 504.874 505.152 505.279 504.930 504.868 504.790 504.700 504.669
508.287 508.288 508.288 508.289 508.190 508.190 508.191 508.191 508.292 508.292 508.293 508.268 507.769 507.192 506.524 505.841 505.632 505.344 505.254 504.816 503.378 504.425 505.105 505.584 505.900 505.631 505.285 504.560 503.830 503.974 504.841 505.707 505.996 506.008 506.108 506.264 506.844 507.675 508.008 508.008 507.913 507.910 507.910 507.816 507.811 507.761 507.806 507.612 507.496 507.314 507.207 506.545 506.049 505.664 505.373 505.084 504.907 504.809 504.800 505.089 505.280 505.477 505.467 505.179 504.919 504.881 504.812
508.774 508.775 508.775 508.776 508.772 508.677 508.677 508.749 508.779 508.779 508.780 508.197 507.483 506.807 506.041 505.436 505.317 504.975 504.557 504.158 503.901 505.099 505.735 506.173 506.568 506.175 505.640 504.904 504.209 504.094 504.800 505.806 506.625 506.738 506.739 506.820 507.210 507.951 508.642 508.495 508.495 508.397 508.397 508.398 508.298 508.277 508.116 507.939 507.795 507.650 507.322 506.825 506.536 506.248 506.012 505.724 505.373 505.000 504.953 505.188 505.431 505.636 505.830 505.611 505.323 505.175 505.106
509.181 509.262 509.262 509.263 509.263 509.164 509.164 509.265 509.265 509.266 509.047 508.034 507.072 506.240 505.555 504.966 504.893 504.893 504.759 503.901 504.272 505.241 506.094 506.844 506.924 506.102 505.385 504.819 504.229 504.525 504.995 505.807 506.870 507.448 507.469 507.470 507.726 508.291 509.056 509.162 508.982 508.883 508.884 508.885 508.733 508.590 508.393 508.271 508.093 507.988 507.694 507.406 507.219 506.931 506.743 506.355 505.970 505.582 505.487 505.591 505.597 505.764 505.999 506.053 505.864 505.698 505.598
509.648 509.649 509.649 509.650 509.653 509.656 509.651 509.726 509.652 509.640 508.953 507.978 506.957 505.990 505.091 504.970 505.476 505.652 505.106 504.130 504.626 505.500 506.297 507.164 507.252 506.434 505.590 504.933 504.462 504.616 505.637 506.469 507.269 508.057 508.200 508.201 508.398 508.681 509.488 509.858 509.605 509.416 509.343 509.193 509.052 508.892 508.716 508.566 508.426 508.375 508.421 508.137 507.949 507.661 507.335 506.973 506.598 506.380 506.380 506.381 506.382 506.441 506.483 506.483 506.353 506.185 506.085
510.000 510.000 510.000 510.000 510.000 510.000 510.000 510.000 510.000 509.857 508.891 507.899 506.883 505.962 505.168 505.118 505.960 505.826 505.073 504.326 505.019 505.986 506.853 507.720 507.789 507.035 506.178 505.443 504.657 504.647 505.447 507.307 508.106 508.687 508.905 508.931 508.944 509.333 509.750 510.000 509.978 509.711 509.679 509.513 509.368 509.180 509.047 508.876 508.681 508.781 509.051 508.868 508.646 508.310 507.969 507.616 507.228 506.965 506.851 506.784 506.868 506.869 506.870 506.885 506.840 506.672 506.572
510.217 510.019 510.000 510.012 510.012 510.012 510.013 510.000 510.000 509.858 508.786 507.874 507.186 506.307 505.574 505.770 506.648 505.869 504.891 504.587 505.313 506.355 507.323 508.306 508.259 507.626 506.820 505.636 504.784 504.647 504.902 507.269 508.760 509.296 509.528 509.661 509.572 510.000 510.021 510.019 509.900 509.891 509.945 509.830 509.668 509.490 509.340 509.203 509.046 509.223 509.437 509.593 509.311 508.923 508.577 508.239 507.859 507.647 507.483 507.359 507.255 507.256 507.328 507.357 507.258 507.511 507.383
510.661 510.438 510.196 510.100 510.100 510.100 510.100 510.030 510.000 509.933 509.213 508.934 507.819 506.713 506.782 507.072 507.184 505.913 504.835 504.833 505.794 507.011 508.167 509.106 508.764 508.148 507.136 505.964 504.866 504.723 504.936 506.868 509.847 509.927 510.042 510.064 510.109 510.165 510.200 510.089 509.901 509.988 510.166 510.066 509.967 509.805 509.657 509.467 509.435 509.568 509.768 509.976 509.917 509.568 509.196 508.878 508.514 508.302 508.114 508.017 507.860 507.743 507.744 507.744 507.797 508.259 508.113
511.148 510.860 510.672 510.384 510.196 510.100 510.100 510.100 510.000 510.000 510.000 509.577 508.034 507.607 507.798 507.920 506.993 505.869 504.900 506.075 507.294 508.459 509.517 509.618 509.356 508.542 507.225 505.441 504.863 504.922 506.682 508.264 509.927 510.205 510.207 510.307 510.352 510.405 510.208 510.099 510.009 510.197 510.409 510.344 510.210 510.067 509.979 509.811 509.711 509.798 509.900 510.079 510.212 510.066 509.876 509.509 509.190 508.920 508.745 508.643 508.533 508.376 508.238 508.225 508.403 508.751 508.748
511.536 511.347 511.059 510.871 510.584 510.486 510.386 510.287 510.130 510.000 510.000 509.398 508.679 508.680 508.649 507.738 506.682 505.848 505.272 505.994 508.138 509.912 510.047 510.048 509.959 508.209 505.626 504.878 504.863 504.863 506.582 509.947 510.094 510.277 510.400 510.528 510.573 510.651 510.542 510.399 510.404 510.499 510.629 510.588 510.425 510.280 510.154 510.043 509.946 509.801 509.994 510.175 510.384 510.433 510.238 510.043 509.786 509.567 509.417 509.280 509.131 508.954 508.787 508.683 508.948 509.238 509.220
512.023 511.771 511.546 511.284 511.070 510.973 510.873 510.774 510.704 510.329 510.057 509.665 509.554 509.385 508.541 507.566 507.043 506.466 505.979 505.711 508.206 510.012 510.291 510.210 509.858 506.520 504.900 504.900 505.115 504.973 505.662 509.219 510.089 510.200 510.368 510.743 510.795 510.795 510.871 510.696 510.790 510.880 510.896 510.797 510.598 510.456 510.299 510.200 510.188 510.097 510.185 510.473 510.663 510.747 510.559 510.370 510.201 510.094 509.806 509.701 509.502 509.303 509.152 509.243 509.535 509.788 509.707
512.610 512.251 512.034 511.745 511.557 511.369 511.360 511.292 511.261 510.947 510.628 510.417 510.227 509.461 508.663 507.822 507.265 506.806 506.343 505.878 509.089 510.245 510.434 510.211 509.639 506.942 505.172 504.944 506.476 505.549 506.767 509.134 510.162 510.451 510.803 511.038 511.038 511.038 511.039 511.039 511.139 511.140 511.140 510.961 510.768 510.658 510.782 510.783 510.721 510.684 510.676 510.860 511.049 511.091 510.920 510.787 510.688 510.584 510.295 510.005 509.805 509.662 509.540 509.492 509.729 510.332 510.294
