DFSS/03_Furuegawa/02_MK_TOPO/01_RR_DR/output/elevation_inRR.asc
ncols  168
nrows  308
xllcorner      10290.000
yllcorner     -12990.000
cellsize     30.000
NODATA_value     0.000
[rows 232 to 260 of 308, columns 0 to 66 of 168]
770.437 765.528 761.491 745.763 760.394 782.463 786.849 783.189 772.602 768.439 750.751 756.869 764.314 784.273 791.646 778.234 769.449 754.052 735.749 722.211 740.027 756.292 741.390 723.546 737.695 749.953 732.214 711.547 731.148 751.994 740.220 733.256 735.441 729.293 708.126 708.405 727.636 728.935 732.237 746.335 744.546 739.421 723.530 704.435 714.614 711.323 700.428 705.670 716.963 724.941 732.203 714.049 694.235 703.475 715.074 707.911 711.533 712.182 701.114 704.846 712.222 709.154 709.597 713.436 725.299 731.083 720.721
775.342 773.747 761.458 748.391 764.979 788.067 803.655 797.280 791.839 772.141 766.698 772.322 778.446 793.753 788.368 772.052 756.966 739.000 726.082 728.074 748.685 761.086 742.619 731.018 753.140 756.035 734.560 714.259 733.164 755.284 742.308 743.787 743.049 726.098 721.049 716.018 732.055 734.512 740.499 752.109 740.913 727.169 712.225 716.547 724.401 706.293 713.539 718.733 733.857 736.461 732.621 710.405 696.048 710.789 727.386 723.273 716.196 716.435 701.487 711.689 717.136 712.383 716.280 720.935 731.981 729.462 721.562
782.546 763.230 758.430 754.449 762.150 785.669 806.091 811.770 800.601 781.337 782.458 787.700 790.917 803.342 786.782 769.506 749.557 728.083 732.990 744.787 761.711 765.910 748.204 737.013 759.541 759.457 735.007 717.967 735.596 759.686 749.087 754.846 754.074 731.431 735.278 724.991 739.703 739.375 750.204 744.619 722.734 716.911 720.797 732.616 721.180 709.131 722.279 733.456 744.286 736.659 722.215 704.811 707.902 721.428 734.105 723.470 724.686 723.218 706.084 713.814 724.264 715.444 722.171 728.154 740.395 728.452 724.582
783.767 763.584 775.873 761.771 764.866 786.257 806.334 823.555 810.270 799.579 799.359 805.001 807.467 806.554 784.879 762.476 740.380 729.594 748.028 755.716 770.534 773.363 756.018 743.018 764.681 761.708 732.613 727.152 746.738 765.301 760.111 769.256 753.005 737.708 746.218 738.586 752.322 747.283 757.423 736.855 720.369 737.065 737.654 729.871 714.573 720.675 729.811 745.077 742.638 725.484 707.608 706.624 715.366 731.239 737.513 727.418 730.226 729.672 715.691 712.821 730.947 725.505 722.263 728.285 742.646 730.289 727.410
776.945 777.078 790.250 769.468 770.446 786.869 806.528 827.512 824.768 810.028 818.386 822.727 819.096 798.698 778.860 759.840 736.948 746.441 755.901 770.980 783.007 782.261 767.832 751.022 769.196 760.241 730.704 744.427 759.723 777.602 776.407 770.138 748.137 751.358 751.612 752.404 762.305 757.509 760.265 732.479 728.804 753.233 752.025 733.318 734.183 739.043 750.393 752.991 738.131 724.939 719.798 713.699 723.149 739.409 741.709 734.804 737.785 739.104 721.336 712.821 728.042 737.214 725.034 732.077 744.697 733.821 728.837
777.322 789.576 800.832 783.304 770.798 788.990 806.725 827.320 838.058 827.358 835.826 828.148 810.239 787.739 765.487 747.978 738.930 756.691 762.873 778.816 796.504 792.065 769.290 761.592 777.398 760.163 737.422 760.399 770.998 786.800 788.196 769.002 756.964 767.779 765.457 771.291 772.141 771.911 756.569 733.609 745.627 768.501 757.151 737.261 753.423 757.399 763.557 754.909 737.379 719.798 723.817 730.299 735.999 748.887 748.419 742.948 751.419 739.757 721.126 712.821 731.186 741.401 728.129 739.095 752.210 738.866 734.295
789.410 801.503 810.657 794.719 777.108 790.231 807.088 827.705 846.705 844.098 837.203 812.398 795.225 779.835 750.372 747.103 751.790 771.440 784.702 789.408 806.961 794.465 771.990 773.688 786.490 764.411 747.241 769.752 787.962 799.610 795.396 772.204 773.214 778.528 780.061 785.777 781.276 767.860 745.781 742.153 762.786 780.276 765.341 748.608 767.079 773.930 777.387 760.547 733.217 723.681 727.214 745.634 747.637 762.064 753.858 752.530 758.360 737.835 717.698 721.982 742.329 746.130 731.116 745.056 758.522 741.243 738.509
802.654 815.163 820.476 803.961 785.472 796.198 812.429 831.946 851.838 858.294 832.491 811.674 790.819 765.558 748.445 759.881 774.430 786.163 804.170 801.894 815.793 795.621 780.718 789.087 797.416 774.300 765.388 786.798 801.286 811.128 800.240 789.313 790.101 798.738 794.560 782.691 767.223 756.938 753.480 768.852 780.000 786.264 765.859 768.615 782.970 790.463 780.473 760.781 728.453 735.368 730.883 748.554 765.724 775.090 763.596 766.952 747.716 729.058 719.578 733.610 752.978 749.919 737.654 750.404 758.826 742.745 742.862
819.132 833.283 828.766 812.113 795.295 805.149 821.970 836.907 858.545 864.403 845.200 825.408 796.459 770.767 751.750 769.693 789.318 806.380 813.694 824.854 824.427 803.973 798.059 807.504 806.576 781.459 782.790 802.483 817.926 824.623 812.140 807.689 810.372 803.755 789.782 773.365 762.688 764.416 769.122 785.863 799.453 785.498 768.702 790.229 802.842 792.172 775.293 751.857 737.403 747.579 745.870 759.323 775.472 785.268 776.408 766.818 745.175 725.422 735.443 746.173 762.062 750.837 754.677 764.280 757.839 748.880 757.164
834.306 847.932 835.963 819.950 805.511 816.445 832.560 846.929 865.886 867.113 848.681 825.360 794.792 772.953 756.516 774.691 796.849 817.521 832.301 839.477 829.775 809.129 811.720 822.126 806.873 783.561 797.621 814.724 835.005 839.899 830.579 823.091 810.848 793.401 779.778 772.229 771.567 783.050 786.653 804.545 805.002 793.652 789.781 812.316 809.259 791.713 772.425 746.218 751.482 750.556 758.195 769.883 788.916 783.037 766.487 749.200 732.885 728.908 747.263 758.027 770.472 755.912 765.099 776.144 765.890 762.489 767.411
848.836 859.440 844.911 829.398 815.552 826.807 845.034 859.236 874.811 870.402 851.700 826.297 786.424 771.934 760.085 779.079 795.817 815.899 839.112 850.099 835.154 817.005 826.973 827.992 805.364 797.282 810.759 833.269 849.534 852.498 837.046 817.125 799.269 789.057 780.090 778.688 788.827 798.000 807.630 822.816 817.776 805.422 814.475 821.312 802.003 785.933 766.938 749.020 761.757 760.208 768.403 781.330 796.627 779.161 759.862 742.333 733.125 746.639 757.342 774.864 775.370 760.724 768.839 785.368 781.971 778.042 774.695
866.636 872.291 856.199 842.959 829.510 837.747 854.633 873.759 886.660 873.713 849.468 814.948 783.488 760.276 778.505 789.123 800.290 817.193 840.778 856.553 842.760 828.742 841.012 828.395 821.154 810.008 829.112 847.502 862.645 853.799 834.820 814.596 800.726 806.389 790.747 803.510 804.576 808.732 831.623 838.579 824.866 819.804 828.648 812.967 796.875 781.622 759.532 766.438 769.186 775.283 783.065 798.645 797.585 780.442 757.323 739.035 746.230 760.931 774.494 782.378 771.180 774.796 785.065 790.016 776.781 762.113 755.433
882.738 883.046 869.718 857.625 842.830 850.750 869.035 888.304 889.587 870.049 848.138 818.906 794.180 771.004 775.524 793.419 806.715 822.930 841.086 863.725 854.941 844.511 852.422 839.562 829.028 825.755 841.494 860.149 869.928 850.087 829.190 810.919 812.799 808.466 818.416 828.663 826.365 827.223 844.267 849.644 834.008 835.513 824.695 804.630 788.748 772.403 763.936 776.759 779.363 790.388 803.323 810.460 797.592 780.714 753.441 753.719 759.002 774.614 789.820 783.429 782.240 781.497 772.581 770.008 762.580 755.433 755.859
900.933 899.492 884.630 869.952 857.106 869.334 882.521 900.146 886.031 863.216 838.750 815.635 800.694 784.335 771.496 787.770 805.526 824.137 841.774 865.194 868.518 860.492 863.772 852.745 833.616 837.612 855.139 872.367 866.814 846.791 826.826 813.686 822.880 825.256 838.000 847.058 847.923 849.665 863.305 863.440 851.750 834.517 812.120 791.617 778.077 766.650 783.434 780.236 795.903 806.505 817.712 811.379 795.536 777.595 753.441 768.580 773.339 783.588 797.272 795.748 790.106 772.417 764.504 758.850 758.850 757.127 767.760
913.013 913.086 899.403 881.333 873.465 884.971 899.365 905.746 886.839 862.856 841.109 821.458 803.949 788.560 777.158 799.702 809.421 826.127 844.086 866.348 881.129 878.920 874.358 854.664 845.657 853.179 871.006 882.049 865.549 846.878 833.834 827.740 831.198 840.400 848.352 868.522 874.087 880.393 881.682 869.704 852.992 829.066 801.933 779.003 783.993 787.480 795.838 795.360 809.139 819.850 826.822 809.440 793.460 774.763 761.062 782.235 790.308 798.748 802.273 794.283 778.918 768.610 781.891 776.612 772.471 759.213 766.115
923.855 928.989 908.929 894.947 890.568 902.758 912.751 909.215 886.561 864.643 846.274 828.887 813.968 797.543 779.135 795.653 813.921 831.928 853.211 870.225 891.821 893.428 879.815 860.052 865.318 874.597 884.224 882.518 866.069 848.553 834.297 833.540 850.831 845.912 867.395 882.955 890.785 889.310 878.963 859.222 847.418 823.672 805.883 798.476 788.059 810.579 813.420 813.024 825.431 834.811 822.021 804.864 785.867 766.510 778.347 791.467 806.487 803.461 794.350 780.034 768.610 777.821 796.046 793.563 780.081 767.732 765.712
935.029 944.361 923.896 908.683 912.204 920.633 927.257 909.960 885.524 863.538 843.162 821.356 802.928 788.961 789.329 803.927 822.611 841.070 861.235 880.426 903.722 903.329 887.911 882.064 888.770 892.990 895.680 885.771 873.336 859.188 836.908 835.791 860.638 864.562 877.333 892.284 887.517 876.460 863.997 843.343 829.956 819.288 811.155 799.163 802.316 816.169 829.509 827.618 840.008 829.253 809.553 797.649 779.193 773.673 790.042 810.000 806.584 794.567 786.418 775.051 782.944 795.475 800.890 794.636 787.459 770.580 766.695
943.989 955.264 937.429 930.494 932.129 938.414 931.749 909.805 887.135 869.690 845.658 820.115 799.087 793.862 804.450 813.312 833.377 856.438 876.643 893.102 912.835 912.053 899.602 901.349 907.724 906.917 896.492 881.911 868.071 854.964 835.791 840.365 855.743 870.513 881.750 894.103 881.295 868.262 852.540 833.510 817.544 811.403 818.933 821.211 826.585 837.888 843.035 841.101 839.886 820.801 804.172 787.517 775.129 793.473 810.438 812.118 802.214 792.330 787.261 775.051 782.942 803.205 805.008 798.688 788.089 774.209 767.902
952.714 968.179 953.986 951.598 952.786 949.447 928.826 911.406 888.908 866.332 844.597 826.451 804.524 802.766 818.810 823.788 834.422 859.009 882.712 903.329 922.825 923.782 916.632 922.293 922.982 910.396 892.854 875.103 860.122 845.909 847.522 854.408 861.612 877.034 891.081 897.468 890.928 878.213 864.320 850.998 836.462 824.087 840.723 834.057 846.835 853.959 849.554 839.002 826.040 813.966 797.228 780.955 793.796 809.743 815.791 811.349 811.690 809.709 795.261 777.899 785.849 809.776 806.158 798.282 789.194 775.844 771.467
958.436 979.408 974.735 971.866 963.783 944.549 924.273 901.916 879.996 861.199 843.894 824.398 803.432 804.038 826.482 845.867 858.065 862.918 883.956 907.423 928.596 934.925 933.896 939.940 929.062 911.848 892.651 874.094 860.477 845.909 855.690 871.673 873.682 877.809 896.135 906.275 897.052 879.800 865.812 853.051 837.749 832.113 853.049 858.404 862.640 852.005 834.808 816.768 804.972 799.013 790.398 793.916 812.436 824.107 823.989 825.518 820.805 812.506 793.237 777.899 794.175 811.586 805.140 795.128 780.379 772.558 777.959
961.273 984.937 993.700 977.637 956.521 934.841 918.195 897.200 870.808 850.518 832.264 823.053 808.438 811.804 826.642 848.400 871.207 884.383 893.138 909.556 931.519 953.541 954.803 947.466 927.580 906.333 883.435 876.217 863.048 855.260 868.343 879.421 898.456 894.356 908.843 903.927 884.361 867.847 855.722 841.549 842.447 846.219 864.807 873.672 856.105 841.070 819.742 805.228 806.564 802.260 802.966 816.911 829.043 830.272 830.513 828.922 817.197 798.758 788.618 779.529 802.021 806.008 794.239 786.883 778.573 777.353 792.371
965.311 987.774 995.451 971.874 951.283 931.152 908.722 884.057 870.666 857.064 836.833 817.978 820.933 828.317 827.864 846.742 870.847 891.563 915.820 927.284 941.621 961.861 960.271 938.532 916.774 897.914 888.061 879.877 865.770 870.563 882.449 894.670 912.653 918.294 911.542 894.087 873.761 857.820 853.182 864.108 853.204 867.345 877.205 873.635 851.195 828.834 810.400 825.222 827.973 816.599 826.847 828.606 819.395 820.477 822.431 809.752 802.995 793.552 789.205 799.991 811.369 804.868 791.076 783.942 779.880 795.074 810.783
973.497 990.459 995.644 973.271 953.175 928.042 907.873 894.557 876.586 854.147 831.835 819.253 830.882 843.951 835.127 843.073 864.289 890.613 916.950 937.289 957.228 969.914 958.538 936.179 919.833 918.260 906.831 889.058 876.967 888.860 893.644 913.156 926.357 926.574 908.852 889.325 868.429 871.454 866.408 873.837 870.564 886.277 887.901 866.612 848.102 831.500 813.287 838.502 843.602 837.084 836.225 824.295 827.334 809.290 810.710 796.109 789.896 789.205 802.737 817.038 802.629 793.197 788.651 784.266 799.380 814.115 804.110
982.508 995.821 996.641 975.904 953.458 928.777 907.561 884.787 877.926 867.786 850.525 823.542 842.564 857.262 848.729 854.279 868.354 893.160 918.469 935.229 958.163 971.557 962.598 948.044 932.916 920.144 904.570 886.948 894.545 904.145 915.522 926.405 938.858 930.003 911.471 887.742 868.429 882.680 874.958 886.023 890.255 895.723 880.570 852.692 831.596 824.107 834.756 849.412 852.159 840.782 830.698 836.205 830.915 811.344 799.383 800.710 807.161 806.172 814.179 809.925 793.254 793.105 790.758 793.140 810.442 811.764 793.745
997.393 1002.497 989.936 967.515 945.335 923.627 903.282 898.493 895.935 881.179 857.366 834.581 849.124 866.682 861.396 871.007 884.219 903.668 920.238 942.452 960.684 973.790 960.608 941.586 920.471 905.359 899.418 898.390 904.272 922.944 931.918 941.931 945.580 932.420 908.240 883.824 881.194 893.756 889.880 900.532 909.156 895.638 873.461 853.473 838.109 844.064 852.936 861.609 847.262 837.410 840.586 849.139 825.703 805.115 811.178 821.987 824.668 820.258 824.200 805.866 795.512 799.541 799.868 809.834 818.663 801.431 788.611
1011.602 1007.003 987.138 963.953 944.570 930.385 923.292 913.956 893.456 880.042 850.696 843.315 860.821 871.128 872.261 878.181 904.590 918.681 934.406 947.472 965.949 973.969 953.155 933.104 916.749 903.261 910.013 909.415 913.109 935.976 945.326 956.062 948.629 930.520 906.240 897.677 898.396 910.746 907.761 920.085 905.411 885.362 864.805 847.481 852.925 865.972 866.057 855.118 845.263 851.005 855.946 846.781 828.931 808.974 825.245 832.080 835.476 829.320 825.613 803.985 799.994 810.875 812.830 822.117 810.084 791.618 792.370
1025.642 1010.999 989.890 972.804 956.628 933.609 911.053 897.209 875.235 860.142 848.875 851.769 874.373 886.723 884.012 899.041 917.631 938.158 953.466 966.505 980.263 976.107 955.009 935.752 916.159 915.019 916.842 919.095 929.983 941.233 960.525 965.097 950.481 931.703 921.076 917.657 917.594 927.165 928.488 906.259 884.270 869.639 866.960 868.312 877.993 881.890 877.890 873.998 872.286 874.419 864.487 840.522 818.725 818.970 836.504 842.698 844.722 840.712 823.816 805.851 805.707 816.763 827.781 816.104 797.379 793.950 801.601
1033.290 1016.450 999.706 981.372 960.430 941.933 919.629 901.305 893.070 875.312 853.008 869.525 893.600 904.171 904.996 900.834 929.905 949.115 966.775 979.445 993.991 977.823 958.759 938.715 917.878 931.902 933.097 924.415 948.188 954.546 972.096 969.682 956.195 951.256 930.960 938.724 936.417 940.384 925.877 899.093 889.822 891.018 890.892 891.282 894.797 883.650 891.146 891.743 890.896 876.552 857.624 832.712 834.591 836.695 845.133 854.140 853.651 843.582 825.195 809.755 805.707 826.140 827.584 807.318 800.806 813.870 803.201
1039.521 1022.571 1004.529 982.946 969.628 959.875 946.181 923.616 910.268 882.664 867.446 891.780 920.309 925.685 928.326 924.908 934.206 957.497 974.283 993.229 1000.682 978.040 961.682 942.337 930.181 943.368 951.467 936.287 959.348 974.292 982.709 978.186 971.991 960.718 953.332 957.329 957.295 941.984 917.747 905.242 908.158 916.372 916.312 916.706 905.703 894.491 906.772 905.333 886.773 868.285 848.766 843.763 852.232 848.452 857.952 865.077 850.830 837.402 823.071 815.747 807.803 831.618 815.806 801.837 810.357 818.160 803.186
