DFSS/03_Furuegawa/02_MK_TOPO/01_RR_DR/output/flowAcc_inRR.asc
ncols  168
nrows  308
xllcorner      10290.000
yllcorner     -12990.000
cellsize     30.000
NODATA_value    0
[rows 0 to 72 of 308, columns 0 to 95 of 168]
1 1 1 1 1 1 1 1 1 1 1 1 1 1 1 1 1 1 1 1 1 1 1 1 1 1 1 1 1 1 1 1 1 1 1 1 1 1 1 1 1 1 1 1 1 1 1 1 1 1 1 1 1 1 1 1 1 1 1 1 1 1 1 1 1 1 1 1 1 1 1 1 1 1 1 1 1 1 1 1 1 1 1 1 1 1 1 1 1 1 1 1 1 1 1 1
1 3 73 1 1 1 16 1 4 1 2 1 4 768 2 1 2 1 1 2 1 1 2 8466 2 1 1 1 1396 5 3 5 4 1 1 2 1 38 1 22 1 1 2 3 3 1 11 2 507 4 3 2 1 4 1 32 1 1 1 15 3 1 1 1 6 83 1 2 1 42 1 3 3 13424 15 1 1 1 2 1 51 2 1 1456 1450 1447 1445 1422 1421 1416 1414 1413 1410 1340 1339 1334
1 1 70 1 1 1 1 11 1 3 1 1 2 1 764 1 1 26 20 1 1 1 2 4 8456 2 1 1 1389 8 1 2 1 3 1 1 1 36 1 20 1 1 2 2 5 10 1 27 475 4 3 2 1 3 1 2 26 1 1 12 1 1 1 5 1 74 1 1 1 40 1 2 1 13405 1 14 13 1 1 47 1 2 1 1 3 1 1 20 1 1 1 4 1 62 1 1
1 1 1 67 1 1 1 6 2 1 1 1 1 1 728 32 31 1 1 16 1 1 3 1 8450 2 1 1 1380 34 7 6 3 2 1 1 31 1 1 17 1 1 1 4 1 3 26 3 3 464 1 2 1 2 1 2 21 1 1 8 2 1 1 2 1 71 1 1 37 1 1 1 6 13392 4 3 1 11 1 1 45 44 1 1 1 1 1 1 17 1 1 2 49 1 11 1
1 1 5 57 2 1 1 1 4 1 1 1 1 725 1 1 1 1 2 2 9 1 1 2 8447 2 1 1 1342 1 33 1 2 1 1 1 29 3 1 14 2 1 3 1 2 25 2 2 3 450 9 1 1 1 1 1 2 17 1 1 6 1 1 2 3 65 1 1 33 1 1 4 2 12155 1234 1233 1 1 9 8 1 1 43 1 1 1 1 1 1 13 1 1 47 1 1 8
1 3 1 1 54 3 1 1 1 1 1 3 2 719 1 1 1 1 1 2 2 4 1 5 2 8437 2 1 1340 1 25 6 5 2 1 6 1 17 1 1 12 1 2 1 24 1 1 2 4 445 2 7 6 5 1 1 1 2 12 1 2 1 1 1 62 1 1 29 2 1 2 1 2 10 12142 1 1232 1230 1228 1 6 4 1 40 2 2 1 1 1 1 10 1 1 44 1 1
1 1 1 2 46 1 1 1 1 1 1 1 5 708 5 3 1 1 1 1 1 2 4 1 3 8428 3 2 1 1339 1 24 1 2 1 5 1 15 1 1 8 1 1 1 20 1 1 3 1 442 1 1 1 1 2 1 1 1 10 1 1 1 1 2 57 1 1 25 2 1 1 1 9 1 1 12138 2580 1 1 1226 9 1 2 1 36 33 25 23 1 1 8 1 1 1 41 1
1 2 7 1 42 2 2 1 1 2 3 1 1 705 1 1 2 1 1 1 1 1 2 2 3 4 8420 2 1 1 1336 1 21 2 1 2 1 1 13 1 6 1 1 2 16 1 2 1 6 432 1 24 1 20 1 1 1 1 1 5 1 16 17 19 36 1 16 1 7 1 1 8 1 3 9554 2 1 2578 3 1 1216 7 5 1 1 2 4 1 20 1 1 4 1 1 5 34
1 3 1 17 3 21 2 1 1 2 3 595 634 1 69 3 2 1 2 2 1 1 1 2 3 5 8412 3 2 1 1335 1 18 16 2 1 1 1 9 1 1 4 1 14 1 1 1 4 14 417 28 2 21 1 17 10 5 1 1 1 2 15 1 1 35 1 14 1 5 1 1 6 1 2 9550 2 1 2573 1 1 1215 1 1 3 1 1 1 2 1 18 1 1 1 4 2 1
1 2 8 2 3 13 2 1 1 2 588 1 1 35 5 59 19 16 12 8 5 1 1 2 4 5 8401 2 1 1 1 1331 1 1 13 12 2 1 7 1 1 2 1 10 1 1 2 13 1 416 8 1 1 2 4 1 3 3 1 1 2 12 1 2 31 1 10 1 3 1 3 1 1 1 9545 2 1 2570 2 1 1 1211 1180 1178 1 1 1 1 1 2 13 1 1 2 1 1
1 5 1 2 2 7 1 1 2 580 1 3 34 1 1 2 37 1 1 1 1 3 1 3 4 104 2 8294 2 1 1 2 1326 23 2 1 9 7 1 6 1 1 1 7 1 1 12 1 4 373 1 7 6 2 1 3 1 2 1 1 2 9 1 28 1 1 8 1 2 1 2 1 2 3 9541 1 1 2569 2 1 1 28 1 1 1176 2 1 1 1 1 1 9 7 5 1 1
1 3 1 1 1 6 1 1 521 2 52 1 1 33 1 6 1 29 2 1 1 1 2 3 103 1 2 8291 2 1 1 2 1300 1 20 19 1 1 5 1 3 1 5 1 1 10 1 2 6 366 1 1 1 1 1 1 1 1 1 1 2 6 1 23 2 1 5 1 1 1 2 3 4 1 9534 1 1 2565 1 1 27 25 3 1 1 1170 2 1 1 1 1 1 1 1 1 1
1 2 1 1 2 1 1 515 2 1 1 51 1 32 1 3 1 23 3 2 1 1 2 3 99 1 1 8286 4 3 1 1 4 1293 4 1 17 15 1 4 2 1 4 1 2 6 1 5 1 365 2 3 1 1 2 1 2 1 1 1 1 2 3 17 2 1 3 1 1 2 1 1 1 9530 2 1 1 2562 1 1 1 20 3 2 1 1 1164 2 2 1 1 1 1 1 1 1
1 2 3 2 1 1 510 2 1 1 47 1 1 31 1 2 1 4 17 2 1 1 2 2 95 1 1 8276 3 1 2 3 1 1287 1 2 1 1 13 3 1 1 3 1 5 1 3 1 2 229 129 1 35 33 29 26 2 2 1 1 1 2 2 16 2 1 1 1 1 1 3 2 49 9524 1 1 1 2 2557 1 1 15 4 2 1 2 1 1157 1140 1139 1089 1086 1077 1075 1069 4
1 2 3 7 500 503 2 3 1 1 45 1 1 23 5 1 3 1 10 3 2 1 1 1 2 94 1 8275 1 1 1 2 5 1 1279 16 15 6 2 7 2 1 2 1 2 1 4 5 225 2 1 124 1 1 1 1 21 2 2 1 1 1 2 8 1 1 1 1 1 2 39 45 1 9466 6 1 1 1 2552 2 1 10 2 3 1 1 9 1 4 47 1 3 4 4 6 1057
1 2 3 4 490 3 1 1 2 1 3 39 2 17 5 4 2 1 1 7 1 1 1 85 90 1 1 8269 2 1 1 2 2 6 1 1256 19 8 5 1 6 1 1 1 2 3 1 210 1 8 1 88 2 1 1 1 1 16 2 1 1 1 2 7 1 1 1 2 28 35 1 1 1 9465 1 4 1 1 2550 2 1 7 2 1 2 1 1 6 3 1 45 2 3 3 5 3
1 2 3 376 1 105 2 1 1 2 2 32 2 1 16 4 3 1 1 2 2 1 83 2 1 1 1 8264 3 2 1 1 3 2 1 1235 2 18 7 4 1 4 1 1 2 3 4 204 1 7 1 1 83 2 1 4 1 1 10 8 1 1 2 1 1 1 2 24 2 2 1 1 2 9458 2 1 2 1 2546 2 1 4 1 1 1 1 2 2 1 2 44 1 2 2 4 2
1 2 368 3 1 1 104 1 1 1 2 26 3 1 1 14 3 2 1 1 1 5 1 76 1 1 1 8259 3 1 1 2 1 1 1 1231 1 1 17 6 2 1 1 1 4 5 6 197 1 2 1 1 2 76 5 1 1 1 1 1 3 1 1 2 3 5 18 1 1 1 1 1 2 2 9453 1 1 1 1 2541 1 1 1 2 1 1 1 1 1 1 1 42 1 1 3 1
1 358 4 3 2 1 1 99 1 1 24 1 1 2 1 10 2 2 1 1 2 1 11 74 1 2 6 8258 11 1 6 1 1 1 2 1223 3 1 14 2 5 1 1 3 1 2 185 1 11 2 1 1 2 3 64 4 2 1 1 1 2 1 2 3 4 9 1 1 1 1 1 224 1 9442 1 8 5 1 1 2521 17 4 3 4 2 2 1 1 2 1 1 1 40 1 1 2
1 354 1 3 2 1 1 95 1 1 1 21 1 1 1 6 2 1 1 1 2 10 1 1 61 2 1 8246 3 10 1 4 1 1 8 1213 1 1 2 11 1 4 1 1 3 4 182 1 4 2 1 1 2 3 55 1 9 7 4 1 1 1 2 3 4 1 1 1 1 2 222 1 227 1 9213 1 1 3 1 2520 2 12 10 1 3 2 2 3 1 2 1 1 2 36 1 1
1 346 6 5 2 1 1 2 91 1 1 19 1 1 1 3 1 1 1 2 7 1 2 58 1 1 2 8236 2 2 2 1 1 5 1 1212 1 1 5 1 4 2 1 1 2 3 1 174 1 2 1 1 2 3 40 10 1 1 1 1 1 2 3 4 5 181 184 191 193 195 23 1 3 6 9206 2 1 1 2515 1 1 1 1 4 3 3 4 2 10 7 5 2 1 2 31 1
1 340 5 2 4 1 1 8 1 79 1 1 17 1 1 1 1 1 1 4 5 6 52 2 1 1 2 8230 1 1 1 1 3 1 1 1207 1 1 1 3 2 1 1 1 1 2 141 1 30 1 1 1 2 2 2 35 2 4 2 1 1 2 3 4 175 1 3 1 1 1 21 2 2 1 9203 1 1 1 2513 2496 2494 2493 1013 1012 4 5 3 11 1 1 1 1 1 1 1 27
1 335 3 2 1 3 1 6 1 13 62 1 1 14 1 1 1 1 2 4 1 42 2 1 1 1 3 8222 1 1 1 1 1 1 1 1187 18 1 1 1 1 1 1 1 1 136 1 1 27 1 1 1 1 1 20 1 10 1 1 1 2 3 4 166 2 2 1 1 1 20 1 1 3 9198 1 1 10 11 3 1 1 1479 4 2 1004 997 12 2 2 2 1 1 1 1 1 1
1 331 2 2 1 2 1 4 12 1 56 2 1 1 10 2 1 1 3 1 1 40 1 1 1 2 1 8218 2 2 2 1 1 1 1 1184 1 15 1 1 1 1 1 2 2 135 1 1 23 2 1 1 1 1 17 1 1 3 1 1 2 3 4 5 161 1 1 1 16 1 1 2 1 9193 1 6 1 2 1 1 1 1474 4 1 1 1 981 3 3 2 2 2 2 1 1 1
1 329 1 1 1 1 3 1 10 1 1 54 1 1 1 5 1 1 1 6 34 2 1 1 1 1 1 8202 14 11 7 4 1 1 2 1180 1 7 5 3 1 1 3 2 128 1 1 1 1 21 12 9 1 1 2 13 1 1 1 2 10 11 12 152 2 1 1 12 1 1 1 1 1 9188 3 1 4 1 1 1 554 909 5 3 1 1 3 971 3 3 3 3 2 2 1 1
1 2 323 1 1 1 1 1 2 6 1 1 48 1 1 1 1 1 4 2 23 1 1 1 2 2 4 8196 1 1 1 1 1 1 1179 1 1 1 5 2 1 1 1 16 1 106 2 2 1 4 3 1 6 1 1 2 8 1 2 7 1 2 135 1 3 1 1 8 1 1 1 1 2 9181 3 2 1 1 1 552 1 1 906 4 1 2 1 1 962 4 4 3 3 2 2 1
1 1 322 2 1 1 1 1 1 3 1 1 2 42 1 1 1 1 1 19 2 1 1 3 5 8 1 8185 9 1 1 1 1 1 1155 19 16 1 1 2 1 1 10 1 1 2 100 3 2 1 3 2 1 4 1 1 6 1 4 1 2 128 1 3 1 1 6 1 1 2 2 2 2 9176 2 2 1 1 548 1 1 1 7 898 3 2 1 1 2 951 4 4 3 5 2 2
1 2 1 314 2 2 1 1 1 1 1 1 1 40 2 2 1 1 3 13 2 1 1 1 1 1 10 8173 1 6 4 2 1 1 2 1151 1 14 3 2 1 1 5 1 1 1 3 90 12 11 1 2 1 2 1 5 1 2 1 2 119 1 5 1 1 4 1 1 2 1 3 3 9172 1 2 1 1 25 1 520 1 3 1 1 897 1 1 1 2 2 938 4 7 1 3 3
1 1 10 1 299 2 2 2 1 1 1 1 3 23 9 2 1 1 2 9 1 1 1 1 2 2 1 8170 1 1 1 2 1 1 2 1146 2 1 9 3 2 1 1 3 1 2 3 72 2 1 9 1 1 1 1 3 1 2 6 110 1 5 3 1 2 1 1 2 3 3 2 9158 3 5 2 1 1 23 1 1 519 1 1 1 893 1 1 1 1 2 2 925 1 4 4 4
1 7 1 1 2 291 101 2 2 2 1 1 1 20 1 4 1 1 6 1 1 1 1 2 2 3 62 8105 2 13 11 6 1 1 1 2 1142 1125 1 5 4 3 2 1 1 2 3 3 68 1 1 6 2 1 2 1 2 3 1 100 2 3 1 2 1 1 2 3 1 4 13325 1 9151 2 2 1 19 1 1 1 516 1 1 890 3 2 1 1 1 1 1 2 913 907 895 4
1 3 1 1 2 184 1 96 3 2 1 1 1 12 6 3 1 1 3 1 1 1 2 2 3 56 1 8089 14 1 3 2 3 1 1 2 13 1 1123 1122 3 2 1 1 1 2 2 3 63 1 1 1 2 1 1 1 2 3 90 5 4 1 2 1 1 2 3 4 8 13316 1 9143 5 2 1 1 17 1 1 511 1 1 1 885 43 2 3 1 1 1 1 1 3 1 3 886
1 31 2 1 1 182 1 1 88 2 2 1 1 1 9 2 2 1 1 1 1 2 2 42 49 1 1 1 8087 4 1 2 1 1 1 1 2 9 1 1118 5 4 3 2 1 1 2 3 1 54 1 1 1 1 1 2 3 83 1 2 4 3 1 1 2 3 4 5 13304 1 1 9141 1 4 1 1 14 1 1 507 2 1 1 839 2 42 1 6 2 1 1 1 1 2 2 33
1 27 2 1 1 2 178 1 1 81 2 1 1 1 5 2 1 1 1 1 2 2 37 2 1 1 1 1 8077 2 1 1 1 1 1 1 1 7 1 1112 5 4 3 2 1 1 2 6 7 6 38 2 3 1 1 2 3 1 75 1 3 1 1 1 2 3 4 13295 1 2 1 9136 3 2 1 1 11 1 499 1 5 1 1 836 1 1 37 1 2 2 1 1 1 1 2 29
1 23 2 1 1 1 177 1 1 73 2 2 1 1 1 3 1 1 1 2 24 28 2 2 1 1 1 2 8072 2 2 1 1 3 1 1 1 1 2 22 1084 3 2 1 1 1 5 2 5 24 1 9 1 1 2 3 67 71 2 1 1 1 1 2 3 4 13287 2 1 1 1 9132 3 2 1 1 10 1 494 3 2 1 1 833 1 2 28 1 7 4 2 1 1 1 2 3
1 19 2 1 1 3 172 2 1 41 30 2 2 1 1 1 1 1 2 16 2 2 1 1 1 1 2 2 8028 41 2 1 1 18 12 8 2 1 21 1 1 1078 5 3 1 4 1 2 2 21 1 1 2 1 2 60 2 1 3 1 1 3 4 5 1 13279 2 1 1 1 9122 2 6 2 1 1 7 1 490 3 2 1 1 826 3 2 1 27 1 1 2 2 1 1 2 2
1 2 15 1 1 1 166 2 1 39 1 25 2 2 1 1 1 2 9 2 1 1 1 1 1 1 3 3 8023 1 36 35 22 1 4 3 1 1 19 1 1 1071 1 1 1 3 1 1 2 18 1 1 1 2 53 1 3 1 1 1 1 1 1 2 13273 2 2 1 1 2 9116 2 1 5 1 1 5 1 485 3 2 1 1 2 822 1 1 1 17 1 12 2 1 1 1 1
1 2 11 1 1 2 162 2 1 1 37 1 20 2 2 1 1 3 1 1 1 1 1 1 3 1 1 4 8017 1 6 5 5 2 2 1 2 1 3 13 1 1068 1 1 1 1 1 1 2 3 11 1 1 4 1 46 1 1 1 4 1 1 3 1 13265 2 1 1 2 3 9115 1 1 3 1 1 4 1 481 1 2 1 1 2 817 1 2 1 1 13 1 5 2 1 1 1
1 2 7 1 1 2 159 2 1 1 34 1 1 15 7 4 1 1 1 1 1 1 2 2 2 4 2 2 7997 17 1 5 4 4 1 1 1 2 3 9 1 1065 6 2 1 2 1 1 2 2 7 1 2 1 42 1 1 1 2 1 5 2 1 13256 3 2 1 1 2 9101 2 7 6 1 2 1 2 467 3 10 1 1 1 1 815 3 1 1 7 6 3 1 1 1 2 3
1 2 4 1 1 142 1 12 1 1 2 29 1 4 1 1 1 1 1 1 2 2 39 46 47 54 1 7991 3 2 9 4 4 3 3 1 1 2 3 5 6 1052 21 2 3 1 1 1 1 2 4 1 2 37 2 1 1 2 1 1 2 6 3 13250 2 2 1 1 1 9098 13 1 4 1 1 1 3 463 6 2 8 1 1 3 804 2 2 8 1 1 1 1 1 1 7 2
1 1 1 1 130 8 1 9 2 1 1 27 1 1 3 1 1 1 2 24 33 35 1 1 1 1 55 7984 4 2 1 4 3 3 2 1 1 2 4 5 5 1025 2 20 2 9 1 1 1 3 1 2 31 2 1 1 1 1 3 5 2 3 13202 2 41 1 1 1 2 9083 1 12 1 2 1 1 2 454 453 5 1 6 1 1 5 797 9 2 2 1 1 1 1 42 30 25
1 1 46 113 8 7 7 6 2 1 1 20 2 1 1 1 1 6 20 2 2 1 1 1 1 2 7504 345 78 3 1 1 3 2 2 1 1 3 4 4 5 1017 2 1 14 1 6 1 2 1 2 3 24 1 1 1 1 2 2 1 6 13188 2 2 1 40 1 3 5 1 9073 1 10 9 1 1 1 3 449 3 4 3 2 1 1 2 785 3 2 2 1 1 48 2 2 2
1 44 1 2 63 7 6 6 5 1 6 1 12 4 1 1 3 3 7 2 1 1 2 1 2 7497 3 343 1 77 2 1 1 2 1 1 2 3 3 4 4 1010 1 1 1 2 3 1 3 4 5 20 2 1 1 1 3 2 3 3 13174 3 2 1 1 39 1 1 1 115 1 8955 1 5 2 1 1 1 443 2 2 3 2 1 1 2 3 774 742 2 1 50 1 1 1 1
1 41 1 2 54 6 6 5 5 4 3 2 1 5 1 1 2 4 1 1 1 1 1 3 7491 1 1 2 342 1 76 2 1 1 1 1 2 2 3 3 4 1003 1 1 1 1 1 2 4 5 6 13 1 1 1 2 1 5 3 12897 270 2 2 1 1 38 1 1 3 109 1 1 8952 1 4 2 1 430 1 10 1 1 2 1 1 2 3 26 2 735 51 3 1 1 1 1
1 39 1 2 47 4 5 5 4 4 3 2 1 3 1 1 1 1 1 1 1 1 1 7485 2 1 1 3 337 1 1 71 2 1 1 1 1 2 2 3 4 4 994 3 2 1 1 3 1 2 6 1 1 1 2 1 3 1 12888 2 267 2 1 1 4 35 1 1 1 108 1 6 1 8943 1 1 1 428 1 1 9 1 1 1 1 2 1 24 1 2 680 1 2 2 2 2
1 38 1 1 46 6 3 4 4 3 3 2 1 1 1 1 2 1 1 1 4 2 1 7481 1 1 2 6 335 1 1 2 64 5 1 1 1 1 2 3 3 4 5 980 2 1 2 1 2 3 1 6 3 1 2 3 2 12880 1 1 265 1 1 3 3 29 1 1 2 102 1 1 4 1 8941 1 1 4 421 1 1 7 5 1 1 1 2 21 1 1 2 672 3 293 292 289
1 34 1 1 31 6 5 2 3 3 2 2 1 1 1 1 1 3 3 1 1 5 7474 2 1 1 5 1 328 1 1 1 2 54 2 1 1 1 2 2 3 4 971 3 3 1 1 1 2 3 4 1 7 4 12863 12867 12872 1 1 263 1 1 2 2 1 23 1 1 3 96 2 1 1 4 8935 1 3 1 9 408 1 1 1 2 1 1 4 14 2 1 1 3 662 1 1 1
1 2 30 1 2 27 5 4 1 2 2 1 1 1 3 3 2 1 4 8 2 7463 2 1 1 3 1 2 321 1 1 1 1 2 50 2 1 1 1 2 3 1 966 3 2 1 1 2 3 4 9 1 2 12853 2 2 1 1 259 1 1 1 1 1 2 20 1 1 1 95 2 1 3 1 8932 1 2 1 8 1 405 1 1 1 1 2 10 2 1 1 2 3 4 360 1 1
1 2 27 1 2 21 3 4 3 2 1 1 1 1 1 9 1 2 1 1 7456 1 2 1 1 1 1 1 317 2 1 1 1 1 2 43 1 1 1 2 2 961 1 3 2 1 1 2 3 4 1 10 12839 2 2 1 1 2 255 1 1 1 1 2 14 2 1 1 3 91 2 1 2 1 4 8925 8923 2 5 1 1 401 2 1 1 3 4 2 1 1 2 3 3 4 350 1
1 2 24 1 1 20 3 2 3 1 1 1 1 2 2 12 1 1 213 1 7444 1 1 1 1 1 1 1 1 316 2 1 1 1 2 39 2 1 1 1 2 954 4 3 2 1 1 2 3 4 12819 12822 3 2 1 1 1 4 10 240 216 1 1 1 2 8 1 1 1 85 3 1 1 3 1 3 8917 4 1 4 1 1 395 2 1 1 1 3 1 1 2 2 3 4 4 339
1 2 20 1 1 12 2 2 1 1 1 1 2 4 1 3 204 208 1 7434 7 2 1 1 1 2 2 2 301 1 9 6 1 1 2 26 7 1 1 1 2 951 5 2 2 1 1 2 12806 12809 3 2 1 2 1 2 3 9 19 1 2 213 1 1 1 5 1 1 4 74 2 2 1 1 2 3 8909 2 3 2 1 1 393 3 1 2 1 1 1 1 1 2 3 3 4 326
1 2 17 1 1 8 2 1 1 1 1 2 2 3 5 188 1 1 1 7217 1 6 4 1 1 4 9 19 277 1 1 1 3 1 1 23 1 4 1 1 1 941 2 2 1 1 1 2 12801 2 2 2 1 1 1 4 8 17 1 1 27 181 2 1 3 1 1 2 1 73 1 1 1 1 2 2 8904 1 1 2 1 1 19 366 3 1 1 1 1 1 1 2 2 3 3 321
1 1 14 1 1 5 1 1 1 1 2 2 143 148 178 2 1 1 1 7214 1 1 1 1 1 2 7 1 3 272 1 1 1 1 2 4 16 2 1 1 1 937 2 1 1 1 2 3 12798 3 1 1 1 2 3 3 1 7 8 26 1 179 176 4 1 1 1 3 5 56 9 3 2 1 1 2 8900 5 4 2 1 18 1 2 359 2 2 2 2 1 1 1 2 2 2 318
1 3 12 1 1 3 1 119 1 123 132 140 2 1 24 1 1 1 2 7200 11 7 1 1 1 2 4 2 1 266 2 1 1 1 3 2 10 1 1 1 2 936 1 1 2 3 4 5 12784 2 2 1 1 1 2 5 6 7 24 1 2 2 169 1 3 1 1 1 1 55 6 5 4 1 1 2 2 8890 2 1 1 17 1 1 354 3 3 3 2 1 1 1 1 1 2 2
1 1 4 2 1 1 1 117 120 7 2 1 1 21 1 1 1 1 7194 2 3 2 4 1 1 3 1 1 1 257 7 4 1 2 1 2 6 1 1 1 929 1 1 1 1 2 3 8 12774 1 1 1 1 2 4 1 6 1 22 1 1 2 165 3 2 1 1 2 3 39 5 5 3 3 1 1 2 8887 2 1 1 2 13 1 1 349 4 3 2 2 1 1 1 1 1 1
1 3 1 11 12 17 114 1 4 1 1 1 17 2 1 1 1 2 7192 1 1 2 1 1 2 1 1 1 254 1 1 1 1 1 1 1 4 1 3 5 919 2 1 1 2 3 4 1 12773 1 2 1 1 1 1 4 1 18 2 1 1 1 158 3 1 1 1 2 3 34 1 4 1 2 2 1 1 8882 2 1 1 2 9 1 1 2 337 3 3 2 2 2 1 1 1 1
1 1 10 1 4 91 3 2 1 2 1 7 8 1 1 1 4 7 7179 1 1 1 1 1 1 1 2 2 218 31 1 1 1 1 1 1 2 1 9 916 3 2 1 1 2 3 4 29 1 12740 5 3 1 1 2 1 12 3 1 1 1 2 152 2 1 1 3 5 8 21 4 2 3 1 1 1 1 8876 1 1 1 2 5 1 1 29 1 300 3 3 3 2 2 8 6 4
1 3 5 2 9 84 6 2 1 1 5 5 1 1 1 1 1 1 1 7176 5 2 1 1 1 2 17 212 1 4 29 1 12 5 2 1 1 8 1 903 4 2 1 1 1 2 23 1 1 12727 4 3 2 1 1 3 6 1 2 1 2 19 151 1 1 1 1 2 3 20 1 1 1 1 1 1 1 8873 1 1 1 1 2 1 1 27 1 1 291 4 3 3 9 1 1 1
1 4 1 8 1 72 2 5 1 4 2 1 1 1 1 6 1 1 1 7166 2 1 1 1 2 13 2 192 1 1 2 26 2 4 1 1 2 4 17 879 1 3 1 1 2 18 1 1 1 12 12725 3 2 1 1 2 3 1 5 15 16 118 2 10 1 1 1 2 3 12 2 1 1 1 1 2 8816 54 2 1 1 1 1 3 5 3 18 1 2 280 191 187 176 173 1 1
1 2 7 1 2 64 4 1 4 1 2 1 1 1 3 1 7 9 7164 1 1 1 1 2 11 1 1 186 1 1 1 2 8 1 3 1 3 16 2 1 875 1 1 1 4 3 8 1 11 2 12709 4 3 1 1 2 3 4 9 1 2 115 2 1 8 1 1 2 3 9 1 1 1 2 2 2 8814 1 53 2 1 1 1 1 2 2 15 1 1 83 1 1 1 2 169 167
1 1 5 1 52 2 9 3 2 1 1 1 1 2 1 1 2 1 7150 1 1 1 1 4 1 1 8 176 1 1 1 1 6 1 1 2 15 1 2 867 3 3 1 1 2 3 4 9 1 6 12691 5 2 1 1 2 3 8 1 2 103 7 2 1 4 1 1 2 3 1 1 7 9 8749 8761 8806 1 1 1 48 43 1 1 1 1 2 11 1 1 2 79 1 1 1 1 1
1 3 1 1 51 1 1 8 2 1 1 3 6 8 3 2 2 3 7131 15 2 1 1 2 4 6 1 172 2 1 1 1 1 3 1 3 11 1 3 864 1 2 1 1 2 3 2 6 5 12687 1 3 2 1 1 2 3 1 1 10 88 2 6 1 2 1 1 2 2 4 5 1 8738 1 6 2 42 1 1 1 1 40 4 1 1 5 3 2 1 1 2 74 1 3 1 1
1 1 1 1 45 1 1 5 1 1 1 1 1 1 9 4 3 7129 1 1 11 1 1 1 1 1 1 154 16 15 1 1 1 1 2 3 7 2 6 859 5 2 1 1 2 1 5 4 5 3 12677 2 2 1 1 2 1 7 8 56 26 5 1 5 2 1 1 1 1 1 9 8726 6 4 3 2 1 40 1 1 1 32 1 2 1 2 2 2 1 1 1 1 69 2 1 1
1 1 2 11 32 1 2 1 1 1 1 1 1 74 76 88 5 7116 1 1 6 1 1 1 1 1 150 2 1 1 10 3 1 1 2 6 1 5 5 847 3 2 1 1 2 4 3 4 2 1 12674 3 1 1 1 2 5 1 52 2 1 25 4 3 2 1 1 2 3 7 1 8715 1 5 3 2 1 1 37 1 1 1 30 29 5 1 1 1 1 1 1 1 60 2 1 1
1 4 7 26 2 3 1 1 1 1 2 54 70 1 2 1 7114 1 1 1 3 1 1 4 7 9 137 1 1 1 1 3 1 1 2 3 4 4 5 838 4 2 1 1 1 2 3 1 1 12664 2 3 2 1 1 2 2 3 45 2 1 1 23 2 2 1 1 2 3 1 8678 4 31 28 4 2 1 1 1 32 1 1 22 1 1 3 1 1 1 1 2 56 2 1 1 1
1 1 3 6 16 1 1 1 1 2 50 10 2 2 1 1 1 7022 3 1 1 1 1 1 1 1 134 1 1 1 1 1 1 1 2 3 3 4 4 828 20 3 1 1 1 2 1 2 3 12662 1 1 2 1 1 1 1 10 1 33 1 1 18 1 1 1 1 2 3 19 3 8657 3 2 27 3 1 1 1 2 26 1 1 19 3 1 1 1 2 2 49 2 1 1 1 1
1 2 5 1 13 1 1 1 2 44 1 1 9 1 1 1 7017 2 1 1 1 1 1 1 1 2 130 1 23 19 1 2 1 1 2 2 3 3 2 803 2 19 2 1 1 1 2 3 12571 85 1 1 1 1 1 1 3 4 1 31 1 1 14 2 1 1 1 1 15 2 409 8651 2 2 1 26 2 1 1 1 21 1 1 14 1 1 1 1 2 37 6 2 1 1 1 9
1 2 2 10 1 1 1 2 37 2 1 1 6 1 1 2 7009 1 1 1 1 2 32 35 41 42 1 86 1 1 16 1 2 1 1 2 2 1 1 796 2 1 18 1 1 1 2 3 12562 2 84 81 2 2 1 1 1 2 2 27 1 1 11 1 1 1 2 13 1 408 8239 38 2 1 1 1 24 1 1 1 18 1 1 10 2 1 1 2 32 1 2 2 1 1 6 1
1 1 2 6 1 1 1 27 3 3 1 1 3 1 1 1 7005 2 1 1 2 28 1 1 1 1 7 53 1 1 1 11 1 1 1 1 1 1 1 794 1 1 16 11 1 1 2 12557 2 2 1 1 77 4 2 1 1 1 2 23 1 1 8 1 1 2 9 1 407 2 8200 1 37 1 1 1 1 20 1 1 1 15 1 1 8 1 1 4 23 1 1 1 1 3 1 1
1 1 1 3 1 1 2 20 2 2 2 1 1 1 1 7001 2 1 1 1 7 16 1 1 3 6 2 1 49 1 1 4 2 1 1 1 1 2 2 788 1 3 1 5 2 11 12 12552 2 1 1 2 72 4 3 2 1 1 2 18 2 1 5 1 1 4 1 405 1 1 8189 6 1 36 2 1 1 1 16 1 1 1 10 1 1 4 1 13 1 8 3 1 1 1 1 4
1 1 1 1 1 1 15 2 2 1 1 1 1 1 2 6994 2 1 1 4 1 13 1 1 2 1 1 1 44 1 1 1 1 1 1 2 2 2 786 1 1 2 4 1 10 2 12537 1 2 1 1 2 57 4 3 2 1 1 1 1 16 1 3 1 1 5 404 1 1 2 8188 1 4 1 32 2 1 13 1 5 1 1 7 1 1 2 2 8 2 2 1 1 1 1 1 1
1 1 1 1 1 9 2 1 1 1 1 1 1 2 6991 1 1 1 1 1 2 9 1 1 1 1 1 38 2 3 1 1 1 1 2 2 3 776 3 1 1 1 2 9 1 2 12533 1 1 1 1 2 2 52 4 3 2 1 1 11 2 1 2 1 4 3 397 1 2 3 8174 7 3 2 1 27 1 1 12 1 3 1 1 4 1 1 4 2 1 1 1 1 1 3 1 1
1 2 2 1 1 4 1 1 1 1 1 2 2 6488 498 1 1 1 1 1 1 1 6 1 1 2 2 32 1 1 1 1 2 2 455 460 3 766 1 2 1 1 2 6 1 1 12526 2 1 1 1 1 1 31 15 3 2 1 1 7 2 1 1 2 2 1 393 1 2 3 8173 3 3 2 1 1 23 1 1 5 2 2 1 1 1 1 1 1 1 1 1 1 3 6 1 1
1 35 2 1 1 1 1 1 1 2 3 1 6482 1 1 497 2 1 3 1 1 1 2 1 1 2 24 3 4 2 1 1 2 451 1 1 761 3 1 1 1 1 1 3 1 1 36 12488 2 1 1 1 2 23 5 11 2 1 2 2 1 1 1 1 1 1 391 1 1 3 8163 3 2 2 1 1 2 17 5 2 2 1 1 1 1 1 1 1 1 3 1 1 1 11 1 1
