02_Arimura/02_MK_TOPO/01_RR_DR/output/elevation_inRR.asc
ncols  240
nrows  260
xllcorner     -32410.000
yllcorner    -160030.000
cellsize     10.000
NODATA_value     0.000
[rows 145 to 173 of 260, columns 134 to 200 of 240]
282.406 281.316 279.979 277.492 275.295 272.967 270.735 269.461 267.203 264.243 261.413 257.342 252.807 250.046 249.835 249.749 247.936 246.037 244.785 243.026 240.349 238.130 235.677 232.775 230.953 228.540 224.192 219.311 214.429 210.928 208.769 205.643 201.360 199.329 202.095 206.768 208.960 208.954 208.574 209.181 209.878 210.233 209.112 206.926 204.119 201.181 198.480 195.730 192.588 187.562 181.583 178.489 179.401 180.547 179.701 180.198 183.953 187.700 191.979 196.391 199.192 199.492 199.016 197.457 194.448 190.205 184.293
281.303 280.058 278.186 276.121 274.324 272.106 269.836 268.358 266.714 264.560 262.372 259.332 254.650 250.487 248.335 246.541 244.006 242.186 241.677 240.698 237.955 235.774 234.276 231.514 229.020 226.981 223.793 220.076 215.302 210.583 207.253 204.424 200.481 197.294 199.053 203.992 205.969 205.164 204.992 205.476 205.810 206.467 205.005 202.781 200.228 197.523 195.255 193.321 190.841 186.064 180.769 177.741 178.075 179.011 178.852 180.131 183.457 186.532 189.882 193.891 196.807 196.883 196.391 195.163 192.660 188.602 183.727
279.867 278.145 275.615 273.882 272.544 270.543 268.250 266.620 265.160 263.567 261.965 259.742 256.356 252.758 249.134 245.368 242.240 240.335 239.311 237.488 234.537 232.520 232.366 230.257 226.861 224.248 221.660 219.068 215.762 211.649 207.469 203.646 199.350 195.146 196.072 201.280 202.673 200.681 200.458 200.558 200.390 202.039 200.809 198.763 196.616 194.102 192.110 190.403 188.273 184.584 180.229 177.141 176.660 177.033 177.796 180.359 183.262 186.044 189.066 192.262 194.148 194.049 193.645 192.715 190.488 187.039 182.686
277.581 275.371 272.904 270.905 270.190 268.836 266.172 264.347 263.347 261.893 260.391 258.082 255.399 253.033 250.479 247.443 244.590 242.124 238.832 233.954 230.595 229.510 229.462 228.639 226.316 222.822 219.055 216.712 214.607 211.635 208.121 204.434 199.852 193.634 193.153 198.760 199.187 195.363 193.806 193.834 193.882 197.045 196.888 195.330 193.284 190.805 189.397 187.937 185.507 182.835 179.768 176.954 175.244 175.511 177.738 180.607 183.327 185.934 188.386 190.589 191.631 191.525 190.967 190.033 187.945 185.252 181.554
273.666 272.072 269.821 267.911 267.427 266.456 264.390 262.022 260.845 259.791 257.714 255.070 252.387 250.152 247.982 245.588 243.659 242.007 239.125 235.061 231.321 228.141 224.448 223.954 224.093 222.248 218.638 214.408 211.474 209.571 206.358 203.088 198.774 192.117 190.557 195.103 195.932 192.553 188.429 186.038 187.592 191.062 192.206 191.802 190.236 188.853 187.674 186.042 183.899 181.635 179.198 176.703 174.874 175.287 177.599 180.044 182.487 184.713 186.812 188.591 188.315 188.220 187.887 186.808 185.060 182.762 179.579
270.098 268.782 267.189 265.333 264.442 263.926 262.331 259.585 257.161 255.900 254.642 252.442 249.514 246.776 244.449 242.454 240.942 239.322 236.876 234.355 231.594 228.033 223.788 220.645 220.797 220.819 217.925 213.719 209.986 207.484 204.177 200.742 195.871 189.171 187.152 190.625 192.359 191.229 187.313 182.534 182.308 186.182 188.373 188.873 187.595 186.336 185.190 184.410 182.868 180.841 178.328 175.722 174.260 175.203 177.609 179.544 181.201 183.249 185.228 186.598 185.029 184.168 184.011 183.236 181.813 180.093 177.412
267.994 265.868 264.532 262.684 261.493 261.070 259.817 256.741 253.268 251.777 251.029 249.572 247.075 244.171 241.384 239.057 237.404 235.499 232.727 230.819 229.070 226.828 223.415 219.655 216.905 217.177 215.642 212.443 208.306 205.094 202.413 199.499 195.029 189.131 185.068 184.596 185.876 186.918 185.629 181.863 179.103 182.481 184.890 186.280 185.070 183.835 182.540 182.366 181.494 179.709 177.171 174.463 173.560 175.204 177.565 179.032 180.161 181.885 183.694 184.266 181.973 180.585 180.538 180.412 179.385 177.697 175.745
266.395 263.622 261.831 259.833 258.311 257.883 257.019 254.065 250.162 247.976 247.188 246.347 244.538 241.758 238.622 235.833 233.664 231.232 227.989 225.825 224.791 224.085 221.897 218.794 213.731 212.573 211.950 209.832 205.787 202.411 200.425 198.289 194.876 190.432 185.027 180.775 179.825 180.603 182.026 181.258 177.279 178.860 182.080 183.841 182.809 181.609 180.004 179.998 179.680 178.050 175.662 173.082 172.979 175.017 176.258 176.934 178.561 180.438 182.095 181.725 179.515 178.035 178.018 178.538 178.281 176.267 174.935
264.615 262.060 259.603 256.934 254.838 254.486 254.091 251.774 248.201 244.915 243.493 242.848 241.550 238.911 235.627 232.598 229.809 226.846 223.620 220.959 220.196 220.081 218.831 216.122 211.972 208.654 207.497 205.878 202.429 199.513 197.445 195.599 193.055 190.213 186.652 182.529 178.634 175.894 177.147 177.845 175.255 174.078 179.974 181.348 180.969 179.633 177.665 177.766 177.777 176.057 173.756 171.600 172.668 174.288 172.480 171.551 174.947 178.378 180.150 179.459 178.018 176.425 176.334 176.993 178.203 176.547 174.940
262.660 260.850 259.036 254.506 251.429 251.154 251.056 249.249 246.602 243.037 240.268 239.376 238.410 235.588 231.686 227.965 224.799 222.022 219.227 216.828 215.599 215.686 214.958 212.652 209.733 206.004 203.050 201.496 199.171 196.351 193.978 192.170 190.488 188.915 187.059 184.419 181.552 178.552 174.353 170.918 171.097 168.893 174.787 178.239 178.414 177.184 175.494 175.657 175.843 174.237 171.963 170.505 172.068 173.257 171.245 169.958 172.168 175.452 176.868 177.600 176.278 175.126 175.036 175.542 176.891 176.546 175.050
262.213 260.845 259.059 254.745 250.792 247.849 246.633 245.145 243.934 241.640 238.591 236.691 235.225 233.141 229.650 225.212 220.949 217.561 215.188 212.769 211.135 211.626 211.075 209.010 206.392 203.057 199.022 196.474 195.084 192.956 191.051 189.691 188.464 187.098 185.606 184.116 182.592 180.266 175.798 169.635 165.075 164.182 171.779 174.744 175.571 174.578 173.242 173.752 174.139 172.863 170.856 170.017 171.698 172.545 170.668 169.342 170.484 172.650 173.942 175.168 175.538 174.754 174.536 174.948 176.141 176.354 175.197
261.183 259.925 258.043 254.600 251.123 247.286 243.988 240.936 239.367 237.709 235.071 233.641 232.492 230.642 227.510 223.278 218.853 214.759 211.375 208.863 207.069 206.921 206.716 205.304 203.024 200.040 195.951 191.856 190.319 189.613 188.731 187.677 186.593 185.308 183.840 182.524 181.438 179.690 175.700 169.354 162.998 161.341 168.482 171.494 172.707 172.042 171.040 171.772 172.282 171.329 169.423 169.406 171.366 171.962 170.303 168.948 169.478 171.168 172.470 173.853 175.045 174.494 174.260 174.685 175.576 176.006 175.177
259.778 258.003 256.048 253.558 250.956 247.460 243.423 239.273 236.195 233.128 230.870 229.977 228.927 227.019 224.420 220.974 217.059 213.022 208.878 205.865 203.523 202.028 202.033 201.317 199.639 197.003 193.521 188.588 185.605 185.794 186.312 185.791 184.764 183.561 182.086 180.294 178.537 176.694 173.392 168.456 162.681 159.833 165.179 168.284 169.786 169.641 169.027 169.890 170.191 169.343 167.592 168.660 171.014 171.364 169.745 168.422 169.142 170.896 172.231 173.597 174.750 174.337 174.017 174.356 174.956 175.422 174.906
258.492 255.968 253.803 251.727 249.876 247.037 243.769 239.891 235.424 230.161 227.124 225.370 223.750 221.751 219.576 217.127 214.345 211.207 207.404 203.818 200.511 197.446 197.308 197.132 196.119 193.922 191.115 186.646 181.697 181.786 183.585 183.860 182.976 181.848 180.366 177.940 174.950 172.333 169.675 166.327 161.621 158.792 162.466 165.030 166.746 167.272 167.229 168.243 167.983 166.947 165.770 167.935 170.537 170.605 168.683 167.651 169.479 171.243 172.626 173.936 174.837 174.517 173.869 173.784 174.140 174.530 174.350
257.830 255.117 252.382 249.759 248.336 245.505 242.903 240.058 235.779 230.734 224.682 219.730 217.101 215.120 212.476 210.879 209.996 207.759 205.032 201.859 197.902 193.534 192.895 193.236 192.300 190.708 187.869 184.600 179.264 179.311 181.320 181.970 181.360 180.260 178.433 175.691 172.573 169.469 166.441 163.485 160.132 157.572 160.414 162.438 163.614 164.472 165.360 166.541 166.156 164.909 165.054 167.268 169.540 169.477 167.074 166.883 170.192 171.706 173.677 175.585 175.395 175.008 174.426 173.649 173.165 173.545 173.375
256.576 254.327 251.756 249.271 246.952 244.275 241.002 237.605 233.915 229.638 223.945 219.176 215.513 212.476 209.380 206.851 204.182 201.205 199.814 197.586 193.747 189.344 188.493 189.428 188.723 187.512 185.340 182.090 177.109 175.640 177.976 179.166 178.941 178.121 176.431 174.002 171.383 168.605 165.368 162.241 159.089 156.246 158.072 159.922 161.431 162.530 163.754 164.992 164.536 163.148 163.205 165.173 166.817 166.252 165.149 167.128 171.313 173.593 175.255 176.005 175.889 175.504 175.062 174.138 173.161 172.700 172.458
254.285 252.166 249.360 246.650 244.671 243.554 241.000 237.034 233.151 228.503 222.926 218.843 215.344 212.036 208.789 205.591 202.158 198.068 194.773 193.092 189.720 185.372 183.424 185.210 185.331 184.565 182.845 179.265 173.862 171.824 173.762 174.829 174.368 174.287 174.040 172.563 170.203 167.199 163.822 160.835 158.189 155.663 156.427 158.338 159.680 160.832 162.144 163.488 162.902 161.547 161.273 162.449 163.308 163.505 164.713 167.959 172.134 174.954 175.762 176.173 176.233 175.986 175.495 174.596 173.466 172.581 171.953
250.195 247.591 244.554 242.870 242.423 242.096 240.091 236.578 232.918 228.542 223.738 219.876 216.506 213.260 209.999 206.365 202.388 197.369 191.710 188.288 184.998 181.193 177.895 180.156 181.821 181.479 179.834 176.397 171.079 168.226 169.264 170.441 170.221 170.642 171.251 170.475 168.491 165.565 162.233 159.436 157.147 155.070 155.236 156.927 158.144 159.324 160.542 161.661 161.236 160.016 159.376 159.721 160.347 162.458 166.086 169.679 173.203 175.866 176.103 176.290 176.524 176.357 175.749 174.928 173.863 172.873 171.865
245.817 242.340 238.524 237.923 239.344 239.438 237.721 235.091 231.930 228.302 224.490 220.647 217.188 214.059 210.938 207.189 202.834 197.531 190.818 184.969 181.043 177.173 172.919 174.053 176.848 177.296 176.030 173.374 168.910 164.933 165.031 166.612 167.272 167.823 168.088 167.308 165.849 163.707 160.868 158.232 155.966 154.077 154.091 155.329 156.642 157.755 158.776 159.371 159.262 158.266 157.664 157.914 159.381 163.711 168.842 172.147 174.784 176.669 176.914 176.589 176.884 176.625 175.942 175.153 174.138 173.071 171.931
242.874 238.526 233.129 231.715 234.352 235.625 234.308 231.908 228.947 225.738 222.376 218.900 215.360 212.218 209.347 205.818 201.526 196.772 191.129 185.228 180.191 174.465 170.023 167.430 168.998 170.941 171.373 169.802 166.385 161.780 161.500 163.197 164.655 165.284 164.643 163.205 162.068 161.201 159.618 157.282 154.919 152.814 152.557 153.786 155.020 155.616 156.446 156.821 156.359 155.777 156.448 158.338 161.858 167.140 171.740 174.367 176.383 177.609 177.658 177.555 177.430 177.022 176.260 175.317 173.922 172.683 171.455
241.258 236.284 230.392 224.920 227.803 231.385 230.541 227.303 224.162 221.320 218.716 215.425 212.062 208.857 205.635 202.177 198.355 194.192 189.931 185.872 181.654 177.042 171.456 166.370 162.343 163.363 165.571 165.229 162.637 157.891 158.651 161.108 162.615 162.781 161.758 159.751 157.926 157.405 156.842 155.327 153.035 151.300 151.233 152.080 153.083 153.372 153.966 154.174 153.863 155.117 157.328 160.760 165.964 170.772 173.966 176.122 177.692 178.345 176.891 176.333 176.393 176.824 176.337 175.093 173.675 172.293 170.979
239.567 234.695 228.811 220.594 219.918 223.665 223.209 220.684 218.234 216.065 214.060 211.266 207.862 204.602 201.585 198.271 194.444 190.843 188.037 185.270 181.890 177.889 172.469 166.860 161.620 158.653 158.876 159.548 158.677 154.655 154.631 157.294 159.594 159.821 157.865 155.180 153.733 153.855 153.897 153.036 151.285 150.214 150.150 150.431 150.901 151.048 151.476 151.782 153.449 156.388 159.426 163.856 169.224 173.471 176.298 178.243 179.181 178.607 176.249 175.204 175.528 176.335 176.389 174.445 173.070 171.654 170.607
237.383 232.515 226.141 216.931 212.212 214.748 214.765 212.366 209.988 209.132 207.741 205.325 201.567 197.490 194.807 192.862 190.349 187.608 185.313 183.379 180.994 177.248 172.133 167.022 161.996 156.973 153.753 153.437 154.031 151.823 150.595 152.994 155.727 156.137 154.005 150.923 149.572 150.381 150.987 150.635 149.659 148.858 148.667 148.811 149.345 149.703 150.081 151.074 154.738 158.708 162.916 167.623 171.863 175.319 178.072 179.760 180.165 179.303 177.110 174.640 174.555 175.124 175.295 173.544 172.212 170.870 170.270
234.790 230.313 223.048 213.821 206.912 206.487 206.057 203.492 200.297 200.151 199.375 197.299 193.552 189.137 187.204 186.948 185.937 184.083 182.016 180.382 178.550 175.049 170.439 166.155 161.770 156.813 151.625 149.096 149.039 148.360 146.605 148.724 151.617 152.348 150.441 147.071 145.699 147.210 148.224 148.271 148.009 147.379 147.473 148.047 149.190 150.505 151.574 153.545 157.803 161.774 166.749 170.855 173.537 176.249 178.923 180.338 180.496 180.256 178.860 174.973 173.803 173.601 173.339 172.509 171.331 170.234 169.878
231.636 227.836 219.969 211.131 204.390 199.963 197.602 195.073 190.714 189.913 189.147 187.624 184.836 181.217 180.078 180.806 180.531 179.377 178.129 176.468 174.500 171.492 167.736 164.078 160.496 156.642 152.614 148.436 144.920 143.723 142.578 144.835 147.928 149.057 146.984 143.324 142.465 144.591 145.630 146.018 146.252 146.425 147.689 149.020 150.957 154.140 157.167 159.746 162.623 165.564 169.280 171.933 173.751 176.207 178.841 180.255 180.500 180.419 179.376 176.360 174.125 172.946 172.175 171.410 170.743 170.168 169.347
227.273 223.103 216.284 208.287 201.564 194.908 189.700 187.468 183.358 181.377 178.178 177.899 177.019 173.503 170.691 171.438 172.339 171.962 172.411 171.507 170.074 167.630 164.498 161.086 158.903 157.204 153.549 150.519 145.538 140.700 139.548 142.196 144.620 144.965 142.912 140.451 140.398 141.995 142.966 143.817 145.156 146.960 148.491 149.763 154.317 157.559 160.443 162.600 165.705 168.797 171.399 173.481 175.023 176.605 178.641 180.127 180.506 180.605 179.918 177.586 174.482 173.480 172.409 171.490 170.746 170.166 169.277
223.402 217.542 211.057 205.453 199.560 192.611 185.740 180.676 176.672 174.658 170.806 169.925 169.907 167.481 163.630 161.724 161.483 162.593 165.586 166.915 166.127 163.993 161.261 159.081 157.427 155.914 153.987 151.474 147.285 141.900 137.315 138.994 141.735 142.329 140.933 139.078 138.941 140.305 141.545 143.245 145.808 147.908 149.782 152.387 157.110 160.418 162.922 165.193 168.280 171.465 173.879 175.381 176.476 177.510 178.838 179.972 180.350 180.419 179.698 177.451 174.604 173.593 172.579 171.569 170.687 170.100 169.033
222.967 216.761 210.212 204.508 198.505 190.746 182.713 175.974 170.486 167.715 164.813 164.692 165.085 163.049 158.750 154.912 153.172 154.804 159.132 161.745 162.015 160.594 158.884 157.302 155.739 154.227 153.001 151.265 148.176 143.412 137.758 135.424 136.792 137.750 137.316 137.008 137.597 138.917 140.498 142.885 146.213 148.987 151.892 155.648 159.562 162.363 164.715 167.283 170.584 173.820 176.181 177.375 178.048 178.464 178.972 179.578 179.750 179.455 178.549 176.604 174.550 173.597 172.646 171.647 170.699 169.945 168.652
222.289 216.556 210.339 204.497 198.790 191.028 181.904 173.301 166.168 161.425 158.937 159.874 160.748 159.049 155.061 149.921 146.480 148.101 153.200 156.744 158.004 157.551 156.920 155.555 153.984 152.438 151.295 149.824 147.597 143.989 139.020 133.078 132.046 133.038 133.748 134.952 136.385 137.874 139.709 142.467 146.548 150.203 154.075 158.402 161.378 163.689 166.107 168.819 172.347 175.672 178.113 179.122 179.376 179.220 178.918 178.859 178.673 177.905 176.747 175.164 174.057 173.455 172.508 171.561 170.614 169.619 168.250
