02_Arimura/02_MK_TOPO/01_RR_DR/output/elevation_inRR.asc
ncols  240
nrows  260
xllcorner     -32410.000
yllcorner    -160030.000
cellsize     10.000
NODATA_value     0.000
[rows 116 to 144 of 260, columns 0 to 66 of 240]
590.355 590.140 591.233 589.792 587.630 585.469 584.552 584.923 585.344 584.668 583.403 582.636 582.411 582.045 582.382 584.136 584.709 585.092 587.303 590.974 592.590 592.482 591.511 590.468 590.827 591.288 589.993 587.060 583.292 578.749 573.767 568.579 562.660 556.700 552.094 548.098 544.758 541.328 538.292 535.831 530.982 536.292 539.909 540.780 540.096 538.664 535.597 530.918 525.423 519.623 513.655 508.347 504.143 499.580 493.996 489.213 485.761 482.718 480.230 476.458 472.258 466.678 456.156 445.511 436.852 433.263 434.283
585.917 585.947 585.263 582.930 581.298 579.986 580.148 580.648 581.195 580.964 579.891 578.810 578.332 577.940 578.114 579.603 579.729 579.716 581.761 584.428 585.128 584.037 583.807 582.308 581.993 582.670 581.866 579.614 576.665 572.893 568.541 564.221 559.518 554.209 549.063 544.134 539.946 535.927 532.121 527.960 523.695 528.372 532.767 533.782 532.962 532.256 530.442 526.273 520.486 513.200 507.308 503.665 499.698 494.841 489.510 485.668 482.597 479.629 478.129 476.416 473.136 470.425 459.274 447.624 436.818 427.612 422.329
581.621 581.418 579.368 577.267 575.905 574.968 575.856 575.781 576.036 576.281 576.266 575.599 574.671 573.451 572.442 573.130 573.077 572.961 574.789 577.981 578.079 576.858 575.950 574.220 573.780 574.141 573.837 572.684 570.392 567.218 563.557 559.705 555.436 550.482 545.314 540.406 536.064 531.795 526.663 522.420 516.560 520.859 524.799 525.273 524.354 524.782 523.539 519.643 512.986 507.328 503.563 499.473 494.474 489.598 485.893 482.377 479.311 476.981 475.247 475.523 473.475 471.190 464.408 452.734 441.009 430.489 420.251
577.323 575.128 575.388 573.140 571.270 570.653 571.577 570.844 569.883 570.214 571.302 571.659 571.033 569.887 568.465 567.587 567.553 567.504 568.292 569.892 570.324 570.258 569.749 566.476 566.160 566.593 566.109 564.832 563.163 560.895 557.996 554.573 550.622 545.943 540.846 536.687 533.206 527.954 520.919 516.229 510.292 513.165 517.091 517.220 516.874 517.956 516.819 512.586 507.694 503.470 499.395 494.751 490.210 486.675 483.418 480.053 476.577 473.761 472.114 472.792 473.079 471.404 467.001 457.391 445.804 434.328 423.068
571.054 568.051 567.717 567.238 565.855 565.397 565.851 565.855 565.047 565.601 567.030 567.509 566.855 566.159 565.440 564.122 563.283 563.085 563.848 564.608 564.476 563.424 562.012 559.781 559.621 559.843 559.214 558.160 556.937 555.258 552.793 549.573 545.699 541.231 536.505 532.168 528.396 523.383 516.104 510.802 505.987 507.538 509.881 509.795 509.738 511.291 510.693 507.343 503.334 499.460 495.179 490.397 485.955 482.694 480.289 477.568 474.108 471.123 469.624 469.848 471.082 470.651 467.349 460.982 450.800 438.966 426.682
563.870 560.905 560.520 561.012 559.761 559.645 560.187 560.574 560.195 561.482 563.182 563.403 562.706 562.472 562.281 560.847 559.061 557.754 558.195 558.791 558.527 557.215 556.125 554.863 554.396 554.160 553.360 552.318 551.216 549.453 547.115 544.360 540.953 536.917 532.495 528.015 523.780 518.532 511.490 505.887 502.161 502.113 503.080 502.870 503.185 504.940 504.987 502.806 499.356 495.448 491.091 486.502 482.141 478.645 476.544 474.262 471.259 468.511 467.254 467.765 469.041 469.402 466.489 462.492 454.750 443.661 430.802
556.730 554.477 554.305 555.187 553.938 553.861 554.540 554.599 555.149 557.113 558.453 558.352 558.174 558.600 558.554 557.047 554.629 552.210 551.597 551.617 551.409 550.740 550.845 550.516 549.858 549.186 548.262 546.988 545.598 543.459 541.246 539.179 536.482 532.816 528.462 524.112 519.625 513.694 506.818 501.241 497.896 496.342 496.393 496.490 497.000 498.818 499.640 498.575 495.751 491.879 487.532 483.218 478.970 475.123 472.609 470.276 467.828 465.635 465.158 466.646 467.554 467.975 465.374 462.231 456.900 447.226 434.816
550.805 549.160 548.579 549.686 548.663 548.128 548.819 548.204 549.978 552.052 552.251 552.082 553.156 554.406 554.220 552.624 550.105 547.477 545.264 543.237 542.174 542.564 543.920 545.117 545.019 544.278 543.345 541.687 539.669 537.549 535.842 534.348 532.049 528.321 523.830 519.721 515.223 509.025 502.095 496.576 492.762 490.505 489.475 490.617 490.596 492.681 494.664 494.807 492.859 489.297 484.987 480.692 476.322 472.142 469.115 466.437 464.092 462.668 464.181 465.557 465.940 466.425 464.663 462.111 457.244 448.076 437.317
547.596 544.620 542.038 543.038 542.502 541.702 543.461 543.226 544.763 546.548 546.325 546.835 548.966 550.262 549.891 548.421 545.957 543.247 540.141 534.454 529.035 531.195 535.245 538.047 538.733 538.683 537.723 535.164 532.763 531.634 530.944 529.095 526.079 522.482 518.376 514.454 510.115 504.281 497.213 491.085 486.667 484.410 482.868 483.200 482.850 486.361 489.847 491.000 490.182 487.173 482.903 478.221 473.209 468.667 465.117 462.189 460.372 461.628 463.135 463.608 463.914 464.772 463.740 461.623 456.697 447.997 437.339
544.355 541.427 537.213 536.871 536.529 537.440 538.378 538.481 541.104 542.739 541.679 541.594 543.604 545.297 545.577 544.590 542.277 539.097 534.528 527.087 520.589 520.503 526.272 530.026 530.869 530.719 530.200 528.863 527.079 526.015 524.968 522.155 518.337 515.309 512.312 508.245 503.801 498.217 490.781 484.564 480.780 478.588 477.096 476.670 476.926 480.245 484.299 486.365 487.110 485.466 482.050 476.839 470.611 465.737 461.540 458.299 457.056 460.610 461.846 461.662 462.013 463.130 462.821 460.981 455.862 447.653 436.607
539.677 536.414 531.104 529.846 530.574 532.555 533.011 534.149 536.967 537.837 536.616 536.800 538.811 540.571 541.282 540.679 538.332 534.663 529.698 522.104 514.612 511.878 518.993 524.344 525.477 524.583 522.919 521.878 521.078 520.397 519.041 515.908 511.489 507.537 504.577 501.462 497.495 492.244 485.151 479.166 475.833 473.428 471.437 470.498 470.640 474.159 478.662 481.836 483.761 483.545 481.374 476.138 469.071 463.446 458.455 454.555 452.722 457.103 458.640 458.267 460.426 461.808 461.749 459.263 453.847 445.316 434.670
533.911 530.091 524.759 522.441 524.370 526.214 526.168 528.797 531.739 531.642 531.020 532.373 534.608 536.169 536.843 536.305 534.008 530.312 525.431 518.603 510.723 505.638 511.816 519.027 520.746 519.221 516.051 514.671 514.511 514.332 512.966 509.764 505.001 500.091 496.745 494.641 491.642 486.921 480.550 475.003 471.198 467.726 465.300 464.264 464.014 467.518 472.470 476.734 479.621 480.698 479.675 475.235 468.463 462.052 456.045 451.038 447.788 451.057 453.119 453.705 457.506 459.551 459.287 455.512 449.196 440.480 430.753
526.863 522.993 518.382 515.245 517.712 518.457 518.322 522.166 525.109 524.445 524.953 527.751 530.373 531.745 532.082 531.347 529.227 525.987 521.460 515.738 508.604 501.616 504.319 512.304 514.761 513.443 509.771 507.870 507.662 507.736 506.467 503.175 498.550 493.804 490.288 488.450 486.394 482.337 476.648 471.563 466.475 461.283 458.962 458.144 457.948 460.384 465.343 470.214 474.124 476.292 476.061 473.190 468.094 461.553 454.408 447.981 443.439 443.766 445.819 448.493 450.856 453.990 453.389 448.704 440.668 433.492 424.293
518.111 515.547 511.346 508.808 510.541 510.209 511.648 515.356 517.085 516.937 518.579 521.939 524.924 526.542 526.852 526.037 523.860 520.937 517.737 513.200 507.824 499.234 499.012 504.164 507.089 507.389 504.870 501.932 501.485 501.341 499.627 497.101 493.921 489.118 484.929 483.830 481.631 477.898 473.163 468.232 463.312 458.812 455.547 454.439 454.014 455.918 458.587 462.974 467.171 469.986 471.076 469.628 465.889 460.426 453.105 445.712 440.131 436.837 438.415 438.376 439.354 440.269 439.721 436.402 430.845 424.121 418.361
511.541 508.446 505.246 502.865 504.185 504.274 506.711 509.398 510.451 511.440 513.990 516.879 518.939 520.376 521.007 520.319 518.590 516.173 513.253 509.481 504.431 498.205 495.885 498.879 501.466 502.030 500.249 496.990 495.569 495.565 494.580 492.361 488.795 483.439 478.769 477.127 475.499 472.185 468.941 465.346 461.334 456.813 453.126 450.995 450.410 450.624 451.692 456.031 460.692 463.490 465.042 465.101 463.057 459.067 452.982 445.815 438.874 431.279 431.565 431.547 430.862 430.524 429.785 424.888 421.138 417.540 413.809
507.146 502.806 499.480 497.252 497.681 499.417 502.664 504.349 504.825 506.609 509.398 511.494 512.755 513.631 513.952 513.641 512.839 511.344 508.829 505.609 501.570 496.893 493.188 494.292 495.727 496.587 495.537 492.423 489.803 489.370 488.783 486.720 483.167 478.018 472.777 469.734 468.586 466.929 464.980 462.108 457.892 453.832 450.044 447.722 447.250 446.994 447.743 450.536 453.752 456.293 458.072 458.887 458.519 456.335 451.645 445.333 437.645 427.933 423.782 423.966 423.540 422.853 421.803 417.778 414.950 412.449 409.200
503.518 498.545 494.215 492.050 491.841 495.106 498.549 499.559 499.738 501.784 504.618 506.426 507.314 507.748 507.484 506.961 506.907 506.246 504.234 501.582 498.528 494.774 490.676 489.881 490.347 491.203 490.730 488.333 485.057 482.754 481.051 479.574 477.431 473.474 468.332 463.787 461.528 461.533 461.021 458.949 454.269 450.333 446.687 444.497 444.218 444.180 444.856 446.245 447.906 449.249 450.423 451.657 452.591 451.891 448.522 443.158 435.488 425.945 418.192 416.329 416.636 416.424 415.377 413.130 410.635 407.783 404.538
500.266 495.471 490.377 487.326 486.590 490.875 494.219 494.885 494.993 497.052 499.853 501.726 502.530 502.681 501.858 500.763 501.081 501.109 499.639 497.481 495.039 491.912 487.968 485.492 485.578 486.205 485.974 484.502 481.210 476.557 472.599 471.415 471.247 469.166 465.061 459.640 455.102 455.825 456.865 455.993 451.815 447.455 443.622 441.422 441.253 441.420 441.673 442.667 443.822 443.031 442.812 444.378 445.761 445.743 443.636 439.047 432.050 424.110 416.752 410.724 410.107 410.823 410.248 408.004 405.633 402.742 399.951
497.294 493.183 488.500 483.122 481.540 486.200 489.596 490.203 490.509 492.851 495.456 497.105 497.734 497.495 496.340 495.144 495.619 496.394 495.433 493.428 491.229 488.726 484.585 481.291 481.386 482.025 481.487 480.305 477.031 472.250 466.856 463.711 463.484 463.139 460.521 455.414 450.172 450.444 452.533 452.767 451.315 446.955 441.299 438.981 438.818 438.921 439.098 439.248 439.807 437.581 436.742 438.010 438.226 438.164 437.437 433.805 427.898 421.281 415.909 410.235 405.401 406.348 405.781 401.470 399.177 397.245 394.466
494.050 490.630 485.631 479.560 477.075 479.926 482.243 483.758 486.080 489.074 491.306 492.502 492.824 492.100 490.713 489.979 490.741 491.779 491.125 489.098 486.750 484.177 480.344 477.736 477.968 478.684 476.657 473.334 469.875 466.382 461.872 456.681 455.170 456.290 454.742 450.458 445.015 444.021 446.748 449.292 448.845 445.717 441.341 438.609 436.778 436.440 436.523 435.877 435.025 432.674 431.366 431.576 431.357 431.130 430.970 428.571 422.708 416.601 412.906 409.442 403.348 402.865 403.787 399.923 394.655 392.021 389.342
490.579 486.758 482.128 476.179 471.777 473.575 476.045 479.427 482.790 485.193 486.161 487.152 487.843 487.547 486.671 485.808 485.641 485.349 484.062 483.419 481.840 479.653 476.824 474.238 474.840 476.000 473.857 470.092 465.172 459.837 454.527 449.363 447.992 449.561 449.334 446.713 441.506 439.390 442.798 445.817 445.800 444.787 441.544 438.763 436.310 434.527 433.566 432.432 430.773 429.019 427.146 426.390 426.918 427.055 426.476 425.062 420.952 414.526 409.425 406.033 401.470 399.825 401.719 399.154 393.609 389.970 386.898
486.329 482.375 478.557 473.489 468.089 469.440 471.376 475.031 478.769 480.501 480.655 481.580 482.700 482.856 482.387 481.555 480.228 478.181 476.724 477.021 476.626 475.169 472.949 470.448 471.663 473.299 471.897 468.126 462.845 455.454 448.801 443.654 442.375 443.775 443.985 443.031 438.845 435.288 439.126 442.383 442.919 443.063 440.937 438.417 435.790 433.174 431.503 429.814 427.598 426.153 424.131 422.572 423.310 424.001 422.892 421.828 420.000 414.872 409.388 405.062 399.929 397.101 398.281 397.105 393.703 390.371 387.013
482.161 478.163 474.947 470.340 464.325 466.381 467.999 470.963 474.255 475.394 475.157 475.529 476.489 477.084 477.041 476.336 474.442 471.420 469.775 470.404 471.268 470.663 468.316 465.909 467.359 469.536 469.264 465.937 461.384 453.567 446.271 440.692 438.368 438.595 438.767 438.950 435.750 431.535 435.745 439.131 440.415 440.474 439.086 437.316 434.773 432.185 430.336 428.130 425.541 423.701 421.895 419.555 419.277 420.630 419.611 417.852 417.564 415.355 411.888 407.688 400.151 395.883 394.504 393.435 392.085 390.336 387.333
478.861 474.424 471.063 465.815 459.511 463.088 465.024 467.533 469.848 470.502 470.013 469.192 469.198 470.148 470.646 469.989 468.455 465.790 463.307 464.059 465.919 466.171 463.042 460.181 460.902 463.789 464.726 462.719 458.921 453.022 446.685 440.747 435.894 433.460 433.959 434.594 431.252 428.594 433.521 436.245 438.096 437.648 436.013 435.703 433.782 431.239 429.017 426.774 424.187 421.495 419.602 416.291 414.284 416.571 416.734 413.029 412.533 411.891 410.176 409.476 404.694 398.925 394.323 389.938 386.000 384.554 382.720
476.529 470.674 466.313 460.296 456.528 459.774 460.284 463.259 465.738 466.308 465.739 464.796 464.362 464.658 464.998 464.657 463.171 460.381 457.594 458.557 460.637 462.306 458.331 452.945 452.797 456.279 459.187 458.926 455.856 451.610 446.835 441.592 436.169 431.111 429.657 431.533 429.040 426.280 431.503 433.807 435.512 433.987 431.813 431.994 432.331 430.629 428.099 425.430 422.926 420.110 417.049 413.617 410.585 410.989 413.382 411.691 408.927 408.434 405.194 403.568 404.483 401.100 396.582 392.197 387.512 381.654 377.405
474.222 468.598 462.931 457.607 453.404 455.060 457.101 459.729 461.767 462.087 461.296 460.001 459.266 459.302 459.499 459.038 456.947 453.719 451.872 454.350 455.764 455.835 451.435 447.071 446.337 450.184 453.782 454.300 452.408 449.157 445.369 440.970 436.237 431.799 427.898 425.480 424.706 424.576 429.629 431.899 433.397 431.808 428.449 427.694 428.498 428.636 426.711 424.142 421.609 419.034 416.243 413.470 410.232 408.405 409.860 410.184 407.090 404.724 402.793 398.866 400.404 400.614 396.672 392.985 388.739 383.210 376.963
472.350 467.236 461.455 455.782 450.697 451.839 454.370 456.610 457.888 457.346 455.678 454.211 453.995 454.289 454.150 453.267 451.009 448.023 446.921 449.975 450.831 449.641 445.568 441.747 440.258 442.873 446.667 448.295 447.493 445.424 442.755 439.717 436.430 433.071 428.629 423.422 421.082 422.375 427.096 429.948 431.290 430.070 426.095 423.037 423.537 424.952 424.618 422.649 420.151 417.631 415.046 412.551 409.163 405.501 405.064 406.764 404.605 400.926 401.025 396.428 394.180 395.359 393.747 390.358 386.097 381.958 376.193
470.595 466.074 460.999 454.668 449.029 449.248 451.599 453.475 454.108 452.868 450.556 448.779 448.683 449.190 449.077 448.143 446.089 443.408 442.085 445.057 445.502 443.734 439.591 435.788 434.644 436.560 440.107 442.005 441.749 440.605 439.203 437.841 436.011 433.467 429.797 424.144 419.071 419.560 424.224 427.573 427.970 427.631 424.388 420.005 418.496 419.944 421.169 420.236 418.290 415.828 413.122 409.896 405.964 401.647 399.911 402.283 401.476 397.316 397.914 395.382 389.588 388.199 387.511 384.272 380.201 376.963 373.200
468.831 464.835 460.676 454.106 448.312 446.542 448.543 450.174 450.543 449.270 447.008 444.701 443.617 443.906 444.373 443.860 442.032 439.094 436.706 439.396 439.696 437.587 432.986 429.415 429.987 432.838 435.733 436.514 436.075 435.300 435.145 435.327 434.433 432.343 429.397 424.530 418.510 416.635 421.544 424.671 422.945 423.836 422.815 419.878 414.501 414.365 415.846 416.203 415.751 413.776 410.704 405.552 400.610 397.372 395.895 398.384 398.710 394.199 392.212 393.683 390.227 384.589 378.972 376.379 374.423 371.872 368.824
