02_Arimura/02_MK_TOPO/01_RR_DR/output/elevation_inRR.asc
ncols  240
nrows  260
xllcorner     -32410.000
yllcorner    -160030.000
cellsize     10.000
NODATA_value     0.000
[rows 29 to 57 of 260, columns 67 to 133 of 240]
756.445 750.503 743.637 740.054 737.123 733.377 728.515 724.133 719.429 712.739 705.057 699.274 695.207 691.371 684.517 677.220 671.238 666.318 661.718 655.884 649.350 644.163 639.167 633.306 627.679 623.354 618.744 611.671 605.866 600.448 595.608 591.049 584.990 578.309 571.542 564.202 558.054 553.620 549.374 545.424 541.704 537.193 530.127 521.630 515.694 510.316 504.255 499.002 494.607 491.131 486.192 480.609 474.972 470.494 467.975 466.280 463.902 460.622 457.603 455.777 454.021 452.175 449.551 446.660 443.716 440.859 437.850
751.743 745.643 739.094 735.795 733.524 729.901 724.904 720.279 715.144 707.977 701.559 697.052 693.330 688.893 681.635 674.393 668.528 663.380 658.340 652.450 646.290 641.386 636.446 630.948 625.854 621.223 615.499 609.116 603.999 598.764 593.825 588.668 582.385 576.120 569.845 563.108 557.389 553.010 548.743 544.643 540.532 535.378 528.274 519.819 514.193 508.613 502.011 496.769 491.724 487.038 481.010 475.811 471.249 467.777 465.366 463.335 461.085 458.216 455.114 452.698 451.072 450.029 448.115 445.571 442.905 440.072 436.933
746.727 740.890 735.131 731.874 729.668 726.079 720.597 715.297 709.500 703.151 698.210 694.603 691.055 685.997 679.081 672.198 666.245 660.782 655.523 649.956 643.937 638.624 633.728 628.634 623.809 618.563 611.890 606.657 601.672 596.368 591.240 585.382 579.157 573.510 568.014 562.066 556.650 552.121 547.753 543.547 539.128 533.480 526.588 518.936 513.439 507.750 501.876 496.396 490.594 484.273 477.563 471.970 468.000 464.766 462.413 460.822 458.766 455.770 452.549 449.715 447.688 446.238 445.033 443.242 441.434 439.189 436.608
741.331 736.114 731.274 728.001 725.579 722.014 716.435 710.372 703.581 698.406 695.067 691.878 688.145 682.922 676.399 669.764 663.701 658.442 653.801 648.422 641.816 636.005 631.176 626.402 621.295 614.822 608.358 603.877 598.789 593.091 587.459 581.635 576.014 570.787 565.928 560.795 555.648 550.899 546.371 541.915 537.034 531.482 525.451 518.453 512.672 506.990 501.491 495.818 489.793 483.887 477.412 470.853 465.613 461.385 458.940 457.129 454.690 452.005 449.461 447.250 445.033 442.896 440.691 439.825 438.944 437.776 435.520
737.347 732.823 728.464 724.823 721.189 716.589 710.462 703.628 698.185 694.186 691.200 688.052 684.200 679.474 673.162 666.960 661.416 656.242 651.312 645.642 639.315 634.060 629.034 624.157 618.798 612.007 606.390 601.607 596.355 590.706 584.895 578.839 572.820 567.754 563.215 558.528 553.567 548.728 544.186 539.628 534.834 529.462 523.418 517.270 511.275 505.591 499.938 494.481 488.615 482.602 476.401 470.513 465.465 460.821 455.848 452.055 449.926 448.287 446.996 445.686 443.329 440.840 438.921 437.589 436.663 435.606 434.233
734.765 730.327 726.252 722.649 718.581 712.863 705.418 698.931 694.650 690.705 686.280 682.901 679.582 675.009 669.977 665.145 659.909 654.305 648.673 642.792 636.999 631.835 626.866 621.984 616.087 609.541 604.703 599.807 594.462 589.043 583.349 577.128 570.846 565.615 560.898 556.034 551.080 546.330 541.786 537.187 532.366 527.057 521.103 515.086 509.203 504.001 498.377 492.443 486.565 480.633 474.711 469.351 464.644 459.501 453.410 448.647 446.333 445.218 444.536 443.705 441.862 439.678 437.920 436.312 434.912 433.478 432.396
731.336 727.353 723.262 719.160 715.102 709.208 701.274 696.027 692.131 687.872 682.723 677.665 673.335 669.966 666.911 663.283 658.243 652.166 645.900 639.944 634.539 629.363 624.402 619.241 613.003 607.316 602.862 597.701 592.045 587.168 581.941 575.628 569.353 563.936 558.961 553.930 548.681 543.649 539.071 534.444 529.440 523.936 517.874 511.881 506.903 502.128 496.325 490.130 483.918 478.291 472.866 467.947 463.409 457.937 451.538 446.336 443.484 442.366 442.018 441.477 440.212 438.268 436.652 435.093 433.763 432.020 430.363
727.106 723.912 719.431 714.329 710.139 704.759 698.217 693.965 689.878 685.299 680.053 673.867 668.082 665.228 663.601 660.546 655.614 649.479 642.982 637.040 631.792 626.639 621.553 616.064 609.969 605.127 600.644 595.099 589.462 585.036 580.113 573.832 567.737 562.220 557.102 551.945 546.226 540.755 536.144 531.459 526.260 520.540 514.215 508.408 504.380 499.699 493.615 487.439 481.008 475.837 470.885 466.205 461.713 456.392 450.209 444.728 441.129 439.553 439.293 439.133 438.330 436.188 434.499 433.404 432.657 431.069 428.565
722.046 719.746 714.681 708.177 703.856 699.588 695.793 691.726 687.217 682.500 677.461 671.762 665.274 660.868 659.030 655.990 651.396 645.927 639.789 633.937 628.654 623.548 618.272 612.753 607.353 602.775 597.887 592.089 587.263 582.926 577.644 571.474 565.555 560.049 554.923 549.521 543.464 537.907 533.305 528.499 523.228 517.525 511.022 505.618 501.474 496.481 490.336 484.098 478.162 473.422 468.519 463.709 459.378 454.876 449.338 443.559 439.221 436.883 436.226 436.718 436.457 433.760 431.401 431.131 430.572 429.731 427.413
715.731 714.064 708.692 700.409 697.224 695.091 692.534 688.467 683.648 678.913 674.421 669.015 662.755 655.128 650.873 648.239 645.227 641.135 635.873 630.348 624.961 619.635 614.448 609.425 604.894 600.179 594.386 589.050 585.132 581.302 575.168 568.715 562.835 557.407 552.067 546.322 540.801 536.017 531.409 526.398 520.833 514.683 508.365 503.365 498.341 492.975 486.906 480.745 475.384 470.596 465.976 461.085 456.795 452.695 447.692 442.245 438.144 435.422 433.665 433.808 434.241 432.453 429.907 428.571 428.385 427.698 426.294
709.795 706.601 701.832 696.652 693.177 690.791 687.676 683.614 679.320 675.326 670.997 665.984 659.420 651.853 645.664 641.506 638.896 635.891 631.523 626.541 621.139 615.347 609.766 604.774 600.603 596.222 590.527 586.433 582.569 577.498 571.083 564.889 559.419 554.275 549.210 543.893 538.800 534.208 529.199 523.211 516.809 510.564 505.237 500.144 494.400 488.337 482.150 476.455 471.705 467.498 463.296 459.116 455.219 451.162 446.458 441.375 437.260 434.180 431.620 431.056 432.317 431.745 429.307 427.008 426.058 425.339 424.609
704.667 700.774 697.619 694.019 689.944 685.905 681.938 677.881 674.302 670.644 666.879 662.206 655.323 648.747 642.491 636.851 633.552 631.040 627.317 622.722 617.517 611.742 605.846 600.501 596.431 592.242 587.066 582.901 577.995 572.245 566.187 560.660 555.676 550.962 546.335 541.558 536.906 532.389 527.218 521.035 514.427 508.082 502.751 497.539 491.951 485.255 478.420 472.479 467.973 463.988 460.299 456.912 453.532 449.626 445.031 440.507 436.792 433.615 430.590 429.106 430.207 430.547 428.731 426.095 424.107 423.089 422.664
700.025 696.568 694.623 691.592 687.139 682.043 677.693 673.622 669.297 665.638 662.392 657.344 651.108 645.723 639.902 633.453 628.814 625.632 622.182 618.121 613.375 608.115 602.529 597.005 592.771 588.578 583.742 578.498 572.441 566.664 561.187 556.336 551.810 547.495 543.310 539.105 534.869 530.416 525.355 519.499 513.111 506.914 501.393 496.180 490.959 483.859 476.249 469.761 465.258 461.128 457.630 454.645 451.596 447.906 443.406 439.478 436.394 433.408 430.260 427.738 427.346 427.607 426.848 425.210 422.760 421.226 420.485
695.830 693.245 691.708 688.650 684.215 679.264 675.034 670.549 664.160 660.198 657.072 651.833 647.129 642.716 637.160 630.813 625.107 620.333 616.260 612.476 608.360 603.951 599.164 593.959 589.520 585.207 580.221 573.907 567.554 562.108 557.055 552.456 548.197 544.061 540.180 536.491 532.577 528.170 523.292 517.750 511.682 506.099 500.956 495.822 490.519 483.106 475.093 468.542 464.041 459.682 455.813 452.670 449.568 446.025 441.824 438.325 435.646 432.992 430.024 426.618 423.903 422.788 422.919 423.612 421.928 419.865 418.095
692.048 689.549 688.003 684.706 680.543 676.326 672.144 666.322 658.229 653.601 649.966 646.738 643.345 639.580 634.366 628.875 623.682 617.586 611.198 606.279 602.711 599.183 594.721 590.262 586.095 581.736 576.241 570.465 565.327 560.123 555.159 550.013 545.529 541.208 537.346 533.857 530.089 525.609 520.531 514.947 509.380 504.805 499.934 494.622 488.927 480.495 472.713 467.314 462.891 458.533 454.282 450.918 447.607 444.189 440.716 437.540 434.668 431.997 429.421 426.553 423.682 421.522 419.919 420.434 420.633 418.718 416.332
687.051 683.622 682.218 679.778 675.782 671.768 667.553 661.361 654.192 648.869 644.118 641.377 639.061 635.590 631.219 626.375 621.178 615.371 609.069 603.014 597.845 593.382 588.940 584.821 581.235 578.155 573.638 568.397 563.280 557.938 552.430 547.779 543.472 539.304 535.325 531.187 526.248 521.225 516.545 511.709 507.134 502.895 497.971 491.990 485.369 477.606 470.560 465.748 461.162 456.592 452.516 449.091 445.774 442.436 439.356 436.544 433.865 431.245 428.842 426.697 424.450 422.219 420.436 419.779 417.442 416.234 415.124
679.691 677.738 676.485 674.386 670.927 667.637 663.657 658.343 652.217 647.034 642.200 638.283 634.976 631.413 626.926 622.351 617.646 612.551 606.941 601.111 595.755 590.693 585.255 580.099 576.817 574.190 570.464 565.179 560.009 554.901 549.851 545.589 541.457 537.121 532.734 527.682 522.074 516.881 512.431 508.453 504.776 500.627 495.047 488.492 481.182 474.764 468.541 463.951 459.314 454.673 450.577 447.198 443.991 440.994 438.351 435.888 433.490 431.234 429.230 427.433 425.526 423.486 421.907 420.187 417.104 415.029 414.411
672.902 671.599 670.617 669.426 666.697 664.317 660.926 656.757 651.703 646.415 640.973 636.223 632.127 627.284 622.171 618.064 614.157 609.482 604.235 599.027 594.053 588.770 582.688 576.705 572.718 569.761 565.882 560.984 556.186 551.576 547.154 543.104 539.088 534.625 529.987 524.763 519.014 513.304 508.593 505.203 501.886 497.360 491.157 484.280 476.920 471.505 466.423 461.914 456.908 452.261 448.372 445.416 442.523 440.047 437.911 435.725 433.583 431.709 430.000 428.291 426.473 424.509 422.829 420.557 417.854 414.956 414.227
666.290 664.865 664.836 664.918 662.693 660.632 658.245 655.150 651.180 645.769 639.508 634.230 629.630 623.754 618.016 613.761 609.955 605.437 600.622 596.132 591.607 586.383 580.279 574.021 568.710 564.762 560.512 556.420 552.346 548.274 544.303 540.332 536.358 532.048 527.502 522.763 517.104 510.623 505.236 501.804 498.512 493.656 487.123 480.407 473.523 468.155 463.883 459.492 453.825 449.366 445.959 443.523 441.180 439.346 437.787 435.935 434.036 432.320 430.605 428.865 427.003 424.901 422.730 420.433 417.899 415.384 414.432
659.022 657.605 659.263 660.270 658.039 655.229 653.892 651.860 649.053 644.157 637.899 631.800 626.207 621.139 615.182 609.240 603.907 599.597 596.063 592.416 588.182 583.171 577.318 570.956 564.710 559.423 555.992 552.395 548.897 545.133 541.495 537.561 533.585 529.756 525.550 520.863 515.034 508.422 502.394 498.047 495.254 491.360 484.630 478.881 472.370 466.069 460.564 456.389 450.508 446.923 443.611 440.677 439.017 437.974 437.078 436.049 434.560 432.801 431.056 429.158 427.078 425.013 422.981 420.770 418.385 415.937 414.446
652.304 651.363 653.132 653.665 651.556 648.313 646.016 645.899 644.785 641.200 636.317 630.469 623.577 617.361 611.374 604.870 598.645 594.193 591.269 588.168 584.143 579.734 575.070 569.458 562.826 557.522 553.870 550.274 546.852 543.165 539.195 534.812 530.792 527.151 523.379 518.524 512.631 506.519 500.939 496.497 493.090 489.330 484.278 478.901 473.028 466.840 459.728 454.476 449.645 446.458 443.642 440.931 437.628 435.818 434.860 434.251 433.801 432.834 431.190 429.239 427.153 425.072 422.999 420.826 418.227 415.582 414.357
645.103 643.936 645.840 646.308 644.348 641.245 639.124 638.031 637.794 636.248 633.371 628.322 622.101 614.359 608.090 602.369 596.849 591.810 587.211 582.811 578.810 575.460 571.601 566.257 559.658 554.863 551.555 548.152 544.745 541.190 536.894 532.481 528.138 524.593 520.776 515.573 509.915 504.490 499.495 495.260 491.479 487.536 483.102 478.319 472.918 466.943 460.595 454.854 449.341 444.982 441.895 439.711 436.737 434.182 432.666 432.121 432.176 431.923 430.795 429.035 426.990 424.904 422.819 420.647 417.943 415.327 413.418
638.531 636.378 637.780 639.139 638.689 636.628 634.585 631.871 629.400 628.249 627.249 624.374 619.659 612.001 604.522 598.746 594.199 589.752 584.912 579.996 575.605 571.438 566.487 561.426 555.547 550.884 546.857 544.761 541.591 539.108 534.914 530.852 526.037 521.476 516.822 511.858 507.009 502.226 497.540 493.223 489.200 485.279 481.091 476.902 472.211 466.930 461.690 455.767 449.463 443.980 439.865 437.408 435.155 432.609 430.529 429.813 430.267 430.607 429.891 428.281 426.327 424.350 422.343 420.273 417.830 415.407 412.605
635.523 631.593 630.841 632.829 634.044 633.059 630.623 626.743 622.145 619.632 619.180 618.766 616.114 610.130 602.327 595.810 590.729 586.720 582.714 578.145 573.627 568.404 562.083 556.960 551.879 546.600 541.560 539.691 537.110 536.212 533.390 529.943 524.669 518.401 512.426 507.899 503.915 499.697 495.313 490.821 486.509 482.364 477.962 474.256 470.602 466.567 462.159 456.210 449.553 443.731 438.602 435.069 432.747 430.753 428.539 427.428 427.949 428.692 428.305 426.858 425.102 423.338 421.491 419.645 417.701 415.554 412.140
637.301 631.614 627.195 627.646 628.776 628.218 625.297 621.434 617.113 612.609 610.940 612.023 611.467 608.072 602.128 595.006 587.453 582.372 578.815 574.782 570.977 566.479 560.321 554.496 549.636 543.404 538.267 533.920 531.842 531.928 531.890 529.250 523.873 516.286 509.152 504.453 500.627 496.892 493.163 488.838 484.082 478.918 473.632 470.164 467.551 465.045 461.510 455.712 448.992 443.570 438.532 433.971 430.262 428.446 426.818 425.048 424.601 425.432 425.746 424.812 423.445 421.892 420.221 418.613 416.906 415.028 411.243
642.053 636.699 629.107 623.234 620.089 619.344 617.406 615.059 611.815 607.472 604.089 604.897 604.958 603.932 600.552 594.048 585.342 578.111 573.012 568.888 566.329 564.105 559.089 552.458 547.218 542.108 537.723 532.677 528.521 527.124 527.700 526.418 522.433 515.092 507.862 501.986 497.412 493.596 489.670 485.064 480.090 475.292 470.367 466.137 462.633 460.512 458.269 453.395 447.595 442.396 437.712 433.227 428.942 426.256 424.889 423.003 421.592 421.974 422.709 422.353 421.297 419.938 418.607 417.425 415.912 413.889 410.336
643.977 639.617 633.518 626.330 619.222 612.868 609.588 606.553 605.581 601.179 596.615 595.665 596.669 597.001 595.241 590.806 583.519 576.647 570.896 564.968 560.777 559.453 557.240 551.964 546.133 541.200 536.566 531.665 527.307 523.375 522.405 522.201 519.084 512.767 506.971 501.621 496.661 491.941 486.872 481.373 476.218 472.321 468.757 464.774 460.710 456.063 452.775 449.353 445.125 440.439 436.091 431.827 427.880 424.532 422.630 421.162 419.304 418.860 419.688 419.609 418.921 417.953 416.775 415.665 414.407 412.316 409.299
644.450 640.175 634.602 627.810 620.769 613.103 606.441 600.878 598.260 596.126 591.733 587.792 587.444 588.616 588.769 586.631 581.522 575.785 570.043 563.553 557.855 555.176 554.314 550.909 545.966 541.307 537.068 532.588 527.911 522.090 518.150 516.801 514.006 509.752 505.603 501.212 496.597 491.942 486.746 480.867 474.857 469.515 465.774 463.036 459.537 453.158 447.557 443.121 440.852 437.445 433.571 429.866 426.464 423.044 420.346 418.722 416.922 415.992 416.424 416.523 416.279 415.729 414.824 413.780 412.645 410.611 407.781
644.519 639.537 633.591 627.321 621.148 614.161 605.833 598.140 592.974 589.852 586.282 581.240 578.405 579.256 581.616 581.901 579.261 574.964 569.576 563.091 556.021 551.098 550.062 548.058 545.136 541.289 537.489 533.545 528.919 522.230 515.966 511.667 508.378 505.376 502.809 499.717 495.798 491.619 486.947 481.314 474.601 467.465 462.354 459.423 456.819 450.776 444.086 437.846 435.403 433.498 430.397 427.410 424.452 421.379 418.305 416.062 414.308 413.307 413.328 413.568 413.634 413.299 412.699 411.833 410.716 408.662 405.905
