02_Arimura/02_MK_TOPO/01_RR_DR/output/elevation_inRR.asc
ncols  240
nrows  260
xllcorner     -32410.000
yllcorner    -160030.000
cellsize     10.000
NODATA_value     0.000
[rows 0 to 28 of 260, columns 0 to 66 of 240]
925.233 926.201 928.471 931.479 935.025 939.167 943.844 948.281 950.979 952.012 952.963 953.752 954.920 956.292 957.509 958.875 961.564 966.694 970.687 974.034 977.823 981.811 985.836 990.459 996.212 1002.891 1008.041 1008.363 1004.498 998.998 990.868 984.977 979.793 973.968 968.336 963.017 958.183 953.337 947.133 940.486 933.484 927.343 922.207 916.525 909.561 901.648 893.670 885.679 876.137 868.459 862.494 858.151 854.666 851.161 842.173 833.542 826.898 821.895 816.806 811.335 803.913 795.680 787.924 780.472 773.644 767.887 763.033
932.129 932.617 934.058 936.374 939.760 944.419 948.663 950.733 951.610 952.550 953.282 953.814 955.416 956.914 957.907 959.109 962.796 968.727 972.061 974.691 978.093 982.007 986.028 990.719 996.479 1003.935 1009.592 1008.905 1005.055 999.597 991.694 984.943 979.100 973.193 967.190 960.695 955.807 951.094 942.843 935.781 929.861 924.735 919.325 912.400 903.898 895.700 888.260 879.877 872.434 866.340 860.678 857.470 853.683 850.172 839.440 830.035 823.307 816.367 810.293 804.336 797.295 790.046 784.078 778.863 774.781 772.732 771.086
938.484 938.623 939.808 942.018 945.921 949.348 950.718 951.489 952.111 952.505 952.854 954.225 955.835 957.425 958.804 959.775 963.821 969.321 972.686 975.589 978.518 982.389 986.813 991.709 997.158 1004.533 1010.210 1008.976 1004.959 999.581 992.109 985.801 979.322 974.494 969.646 963.785 957.909 952.042 944.284 936.319 929.180 923.078 917.233 911.522 904.312 896.809 890.987 883.688 875.554 868.366 862.490 857.403 852.949 847.360 837.019 828.358 822.531 815.852 809.500 803.728 798.010 791.983 786.092 782.263 780.741 779.551 777.530
943.355 944.059 945.877 947.832 949.635 950.898 951.344 951.515 951.695 952.089 953.141 954.709 956.320 957.927 959.489 962.007 965.660 969.474 972.443 975.248 978.084 982.138 987.507 992.753 997.695 1004.692 1010.231 1008.908 1004.883 999.824 993.356 987.324 981.013 975.979 971.073 965.437 959.574 953.689 946.810 939.001 931.837 925.587 919.616 914.428 908.443 900.746 893.201 885.719 877.468 869.208 862.297 856.373 851.772 844.344 834.587 826.803 820.929 814.342 807.516 801.719 797.602 794.078 790.822 788.631 787.092 785.091 782.147
947.936 948.477 949.552 950.648 951.181 951.272 951.138 950.988 951.266 952.113 953.591 955.201 956.812 958.422 960.041 962.764 966.045 969.149 971.910 974.612 977.421 981.590 987.389 992.958 997.868 1004.453 1009.700 1008.614 1004.639 999.930 994.258 988.444 982.504 977.062 971.943 966.493 960.942 955.303 949.142 941.220 934.120 927.951 922.051 916.393 909.850 901.776 893.634 886.119 877.956 869.155 861.618 855.052 849.879 841.554 832.298 826.142 820.577 813.856 808.435 804.497 801.565 798.903 797.145 795.954 793.716 790.172 785.837
950.819 950.879 950.951 951.118 951.058 950.759 950.394 950.291 950.966 952.273 953.818 955.369 956.948 958.530 960.152 962.589 965.409 968.224 970.827 973.618 977.209 981.494 986.941 992.464 997.362 1003.012 1007.737 1007.675 1004.146 999.832 994.556 988.892 983.212 977.648 972.488 967.181 961.768 956.279 950.494 942.180 934.830 928.383 921.972 914.982 907.080 899.033 891.756 884.755 876.779 868.120 860.898 853.737 847.523 839.161 830.374 825.753 821.258 815.450 812.394 810.885 808.607 805.520 803.274 801.708 798.847 794.187 788.757
951.214 950.924 950.514 950.098 949.753 949.506 949.448 949.818 950.818 952.264 953.655 955.066 956.570 958.078 959.658 962.058 964.609 967.024 969.423 972.280 977.490 981.764 986.414 991.574 996.076 1000.102 1004.002 1005.761 1003.514 999.613 994.397 988.770 983.114 977.815 972.831 967.538 961.870 956.285 950.498 942.132 934.287 926.943 919.058 910.576 902.309 894.680 887.908 881.634 873.923 865.912 859.701 852.325 845.249 837.135 829.007 824.180 821.040 818.722 816.040 813.912 811.983 809.914 806.896 803.174 799.296 795.021 790.069
949.482 949.214 948.652 948.054 947.599 947.705 948.697 949.901 950.824 952.061 953.298 954.570 955.996 957.417 958.758 960.312 964.238 966.928 969.481 971.264 976.586 979.824 984.565 990.254 994.547 997.677 1000.447 1003.032 1003.364 999.516 994.268 988.509 982.854 977.566 972.890 967.678 961.943 955.881 949.617 942.476 934.723 927.264 920.587 913.193 903.625 893.418 885.222 878.452 870.775 863.080 855.824 849.243 843.137 835.485 827.666 821.997 818.553 816.007 814.649 813.515 812.123 809.665 804.772 799.287 794.865 789.934 784.068
946.824 946.478 945.838 946.166 947.370 948.685 949.952 950.841 951.335 952.299 953.603 955.127 956.603 957.937 959.192 964.329 968.572 970.131 971.437 972.616 976.013 978.316 980.490 985.656 991.237 994.586 997.169 1000.037 1001.330 998.767 993.671 988.240 982.072 976.732 972.366 967.371 961.900 956.060 949.902 942.876 935.303 928.370 922.314 914.287 903.857 893.709 886.044 880.381 873.563 865.319 856.280 847.563 841.350 833.769 826.322 819.931 816.086 813.076 812.104 811.695 810.441 806.846 801.237 795.646 790.151 783.694 777.142
944.212 944.283 944.856 946.123 947.820 949.695 951.417 952.361 952.623 953.070 953.911 955.654 957.209 958.773 961.898 968.275 970.706 971.820 972.868 973.955 975.798 977.314 978.550 981.281 985.184 989.675 993.848 996.911 998.961 997.457 992.761 987.320 980.997 975.380 970.809 965.536 960.432 954.784 948.621 941.607 934.088 927.463 921.790 913.833 903.955 895.489 889.140 883.557 877.013 868.248 857.709 847.489 839.758 831.943 824.788 818.657 813.755 808.979 806.659 805.699 804.518 801.424 796.717 791.066 784.275 776.851 770.287
942.584 943.453 944.868 946.568 948.322 950.391 952.625 953.988 954.279 954.466 954.686 955.721 957.465 959.682 966.288 970.598 971.678 972.749 973.844 974.882 975.852 976.805 977.784 978.688 980.378 983.940 988.791 993.305 996.297 996.058 991.635 986.100 979.872 974.152 968.880 962.899 957.777 952.318 946.093 939.334 932.442 926.279 920.859 914.052 906.177 899.560 893.421 886.310 879.166 869.846 858.181 847.596 838.164 830.089 823.743 817.874 811.568 804.443 800.091 798.028 796.621 794.139 790.103 784.422 777.383 770.213 764.163
942.174 943.741 945.303 946.977 948.663 950.814 953.589 955.573 956.101 956.339 956.094 955.886 957.661 961.524 970.260 971.281 972.303 973.376 974.474 975.342 975.984 976.612 977.319 978.004 978.661 979.363 982.779 988.984 993.303 994.626 990.489 984.904 978.850 973.421 967.385 961.000 955.382 950.069 944.104 938.201 932.722 927.225 921.944 916.722 911.249 905.320 897.346 887.679 879.372 869.271 857.064 846.963 837.285 829.167 824.119 817.443 809.554 800.786 795.175 792.283 789.857 786.013 780.700 775.441 770.074 764.380 759.038
942.700 944.278 945.881 947.485 949.009 951.344 954.693 957.234 958.075 958.349 958.016 957.422 958.569 965.767 970.730 971.679 972.622 973.493 974.768 975.551 975.918 976.400 977.030 977.638 978.258 978.922 980.122 983.967 990.039 992.490 989.660 983.773 977.907 972.923 967.041 962.340 956.537 950.917 946.368 942.594 938.071 932.164 926.697 921.275 915.224 908.091 898.180 887.197 878.315 867.331 856.681 848.035 841.248 833.276 826.842 819.365 807.993 799.235 793.232 787.664 782.220 777.701 772.823 767.635 762.718 758.088 754.187
943.861 945.362 946.888 948.415 950.309 953.018 956.409 959.006 959.999 960.425 960.205 959.308 959.172 966.377 970.733 971.682 972.474 973.689 975.418 976.095 976.054 976.347 976.900 977.523 978.137 978.762 979.494 981.799 986.842 990.577 987.962 981.673 976.768 971.929 967.328 963.202 957.772 953.700 949.671 945.459 940.565 935.085 929.390 923.006 915.436 906.185 895.221 884.595 875.572 866.018 858.145 851.081 843.875 836.121 828.867 821.222 808.998 800.694 795.988 790.878 784.056 779.630 775.073 769.487 764.506 760.346 756.914
944.981 946.700 948.213 950.138 952.735 955.772 958.831 961.034 962.058 962.714 962.372 960.130 959.868 967.216 970.666 971.492 972.554 974.260 976.136 976.588 976.494 976.439 976.771 977.373 978.018 978.635 979.250 980.943 984.959 988.054 984.678 978.975 974.899 970.719 966.856 962.989 958.633 955.011 951.335 946.734 941.211 935.986 930.500 923.870 915.313 905.501 895.159 884.483 874.923 866.317 858.576 850.915 843.308 835.639 828.312 820.800 811.559 805.920 800.279 794.037 789.197 785.697 780.326 773.895 768.236 763.491 759.653
945.740 947.928 949.957 952.501 955.529 958.598 961.332 963.425 964.686 965.305 964.698 961.494 960.802 966.654 970.501 971.479 973.009 974.967 976.797 977.081 976.997 976.765 976.785 977.232 977.877 978.515 979.131 980.411 983.313 985.148 980.956 976.169 972.390 968.859 965.576 961.944 958.291 954.720 951.143 946.237 940.181 934.963 929.940 923.767 915.468 906.266 897.012 886.856 877.199 868.953 860.585 851.464 842.546 834.779 827.986 821.235 815.286 811.572 804.446 798.393 795.943 792.425 785.781 778.323 771.465 765.774 761.512
946.927 949.443 952.029 955.049 958.289 961.387 964.021 966.183 967.732 968.253 967.372 964.198 962.753 965.536 970.339 971.831 973.747 975.707 977.376 977.559 977.495 977.277 977.037 977.195 977.729 978.381 979.003 979.861 981.583 982.123 977.581 973.376 969.587 966.396 963.575 959.873 955.698 952.229 949.008 944.435 938.104 932.255 927.427 922.077 915.063 906.999 898.733 890.053 881.222 873.214 864.831 854.710 843.818 835.674 829.648 824.351 819.580 815.496 808.740 805.498 803.472 798.138 790.327 782.080 774.156 768.112 764.210
949.338 951.804 954.457 957.440 960.807 964.238 967.188 969.536 971.281 971.840 970.721 968.414 966.368 965.855 970.315 972.544 974.551 976.452 977.901 977.980 978.010 977.835 977.556 977.380 977.628 978.218 978.831 979.399 979.966 979.171 974.852 970.463 967.033 963.850 960.968 956.137 949.930 946.564 944.925 942.351 936.028 928.262 922.550 917.774 911.790 904.834 897.918 890.936 883.624 876.493 868.291 858.156 847.120 838.016 832.221 828.429 823.504 819.048 816.625 814.688 811.670 804.241 795.053 786.932 779.890 775.088 772.611
952.726 955.419 958.064 960.169 963.148 966.809 970.851 975.099 977.737 977.677 975.907 973.128 970.266 969.823 970.426 973.117 975.279 977.188 978.363 978.386 978.416 978.296 978.093 977.854 977.777 978.023 978.508 978.498 977.524 975.571 971.642 968.153 965.437 962.371 956.945 949.727 944.892 941.058 939.842 938.369 933.036 925.454 917.317 909.831 903.844 899.268 894.893 889.514 883.559 877.505 869.227 859.052 848.181 839.284 835.315 832.190 828.693 824.818 821.932 819.617 814.710 807.321 799.555 793.241 788.119 783.987 780.629
957.163 959.983 963.083 965.295 967.399 971.884 977.814 982.177 984.005 983.666 982.118 980.395 976.679 975.496 975.339 975.114 975.948 977.910 978.882 978.861 978.840 978.805 978.612 978.338 977.882 977.294 976.647 975.819 974.347 971.809 968.952 966.391 963.769 960.908 955.267 948.589 942.850 938.068 934.922 932.632 927.534 921.224 914.219 906.033 899.505 895.372 891.382 887.079 882.776 877.469 869.661 860.974 851.409 843.007 839.079 835.880 832.259 828.377 825.234 822.269 817.441 812.015 806.444 800.649 795.418 791.003 786.679
962.212 965.341 968.474 971.277 974.140 978.728 984.345 988.556 990.499 990.882 990.666 989.733 987.121 983.913 982.948 981.154 979.694 979.078 979.389 979.296 979.292 979.303 979.110 978.618 977.521 975.986 974.343 972.672 970.559 967.707 965.530 964.102 961.991 959.054 954.124 948.187 941.808 936.736 932.347 927.592 921.331 915.822 909.897 902.771 896.969 893.001 888.787 884.142 880.100 875.749 869.274 862.259 854.535 847.307 842.802 838.746 834.680 830.682 827.277 823.864 819.866 816.030 812.050 807.046 801.407 796.035 791.043
966.965 970.170 973.146 976.547 980.676 985.271 989.973 994.242 996.931 998.018 998.780 998.372 997.404 994.172 992.819 991.065 987.555 984.376 983.522 982.758 981.952 980.888 979.794 978.582 976.802 974.612 972.420 969.898 966.674 963.461 961.398 960.714 959.313 956.344 952.333 947.187 941.042 936.130 931.457 925.030 917.512 911.362 904.818 898.836 894.350 890.794 886.783 881.442 876.390 872.480 867.763 862.131 856.187 850.442 845.442 840.328 836.150 832.188 828.453 824.837 821.380 817.814 814.235 810.267 804.597 798.366 793.207
970.920 973.897 976.971 980.923 985.921 990.945 995.545 999.937 1002.942 1003.885 1004.430 1004.377 1004.189 1003.928 1003.128 1002.260 998.270 994.872 992.468 990.051 987.239 983.737 980.564 978.052 975.790 973.495 971.105 967.714 963.152 959.366 957.038 956.119 955.030 952.519 949.300 945.554 940.249 935.311 930.388 925.462 918.372 910.173 901.514 894.883 890.447 887.112 884.018 879.537 873.537 868.372 864.890 860.550 855.841 851.040 845.867 840.495 836.504 832.719 828.742 824.839 821.061 817.027 812.953 808.430 802.396 796.483 791.686
974.316 977.391 981.386 986.598 992.484 998.251 1003.426 1006.985 1008.264 1008.465 1008.733 1008.697 1008.585 1008.437 1008.041 1007.875 1006.117 1002.669 998.239 993.264 988.688 984.269 980.143 976.458 973.717 971.578 968.703 964.470 959.673 955.531 952.805 951.267 950.014 948.277 945.888 942.449 938.347 933.722 928.831 923.905 917.270 909.740 901.971 895.305 889.524 884.012 879.691 875.914 870.352 864.384 860.394 857.035 852.811 848.698 844.141 839.231 835.130 831.667 826.992 823.116 818.542 813.632 808.726 803.148 797.490 792.517 787.379
979.104 984.313 990.771 998.034 1006.363 1015.410 1023.896 1029.122 1029.922 1028.606 1026.546 1023.328 1021.102 1018.797 1016.695 1014.433 1010.261 1003.383 997.212 992.055 986.619 982.046 977.240 973.197 970.404 967.995 965.379 961.842 956.874 952.092 949.277 947.287 945.786 944.228 942.327 938.993 935.301 931.235 925.662 920.088 912.915 905.776 899.151 892.781 887.021 881.372 875.477 870.495 866.171 860.525 855.224 852.033 848.274 844.593 840.277 835.395 831.577 827.830 823.527 819.000 813.579 807.662 802.215 797.216 792.559 788.343 783.621
988.417 996.466 1005.528 1014.185 1024.386 1034.987 1042.048 1044.158 1042.749 1040.207 1037.774 1033.597 1029.096 1024.371 1019.758 1015.818 1009.194 1000.935 994.437 988.667 982.712 977.001 972.544 969.516 967.188 964.753 962.118 959.065 954.678 949.744 946.638 944.164 942.050 939.701 938.044 935.943 932.330 928.146 922.587 915.449 907.846 900.266 893.539 887.773 882.890 877.688 871.537 866.040 861.669 856.506 851.118 847.303 843.326 839.929 835.768 830.447 825.908 822.407 818.573 813.662 808.137 802.311 797.241 792.692 788.425 784.672 780.327
1003.031 1012.389 1022.275 1031.868 1041.437 1049.723 1053.453 1052.230 1048.531 1044.491 1040.999 1036.349 1030.657 1024.930 1018.833 1013.385 1004.755 996.837 989.804 982.876 976.583 971.405 968.242 966.180 964.172 961.704 958.863 956.021 952.649 948.454 944.932 941.774 938.590 935.037 933.350 932.709 929.358 925.016 919.468 911.348 903.329 895.406 888.075 882.209 877.611 872.890 867.299 861.764 856.983 852.295 847.657 843.324 839.083 835.632 831.510 825.682 820.485 817.262 813.566 808.504 803.246 798.236 793.912 789.346 784.893 780.962 776.454
1021.285 1029.866 1038.201 1046.970 1053.660 1057.468 1058.303 1055.136 1049.435 1043.848 1038.292 1032.875 1026.853 1020.969 1014.696 1007.929 998.837 991.793 983.923 976.112 969.961 967.004 965.257 963.446 961.219 958.449 955.409 952.635 950.181 947.364 943.774 939.925 935.477 930.872 928.316 928.198 925.765 921.647 915.546 907.926 899.786 892.392 884.707 877.549 871.878 867.451 862.345 856.557 852.143 847.969 843.915 839.853 835.958 831.959 827.584 821.785 817.462 813.810 809.834 804.509 799.217 794.730 790.473 785.724 781.055 776.119 770.883
1039.547 1046.105 1051.181 1055.384 1059.040 1060.764 1060.379 1055.195 1046.911 1040.587 1034.026 1028.036 1020.986 1013.058 1006.426 999.043 992.891 985.624 978.788 972.069 967.497 964.214 962.382 960.878 958.049 954.623 951.504 948.764 946.472 944.374 942.077 938.404 933.374 928.079 922.092 920.743 920.193 915.763 909.465 902.067 896.192 889.390 880.630 872.621 866.451 862.139 857.557 851.737 847.298 843.779 839.791 835.526 831.473 826.694 821.404 816.837 813.384 809.890 805.341 799.865 794.913 790.525 785.326 780.032 774.847 769.885 765.617
