02_Arimura/02_MK_TOPO/01_RR_DR/output/flowAcc_inRR.asc
ncols  240
nrows  260
xllcorner     -32410.000
yllcorner    -160030.000
cellsize     10.000
NODATA_value    0
[rows 74 to 147 of 260, columns 0 to 95 of 240]
1 2 1 3 1 1 9 1 1 2 3 4 330 2 1 1 2 27 2 1 5 1 1 1 1 96 99 2 14 1 1 36 14 5 1 6 3 2 2 1 2 1 1 1 1 1 2 2 2 3 1 1 1 2 3 1 1 1 1 1 1 1 1 1671 4 4 3 3 2 2 1 1 1 1 2 3 34 2 1 1 1 1 1 1 1 1 2 1456 3 2 2 1 1 1 2 2
1 1 4 2 1 1 12 1 1 2 3 1 2 336 1 1 3 32 3 1 7 1 1 2 3 1 2 100 18 2 1 51 6 1 1 9 4 3 3 1 2 5 7 10 14 19 23 27 35 4 2 2 2 3 4 2 1 1 2 2 3 1 1 1 1840 1845 4 3 5 2 1 2 1 1 2 2 3 40 46 3 2 1 1 1 1 1 1 90 1459 3 2 1 1 1 1 1
1 1 9 2 1 1 14 1 2 3 4 8 1 339 1 1 2 39 1 1 9 1 1 2 1 1 1 5 121 1 1 2 59 1 1 1 11 11 1 2 1 1 1 2 3 2 1 3 3 41 48 53 84 102 114 122 127 134 139 140 144 151 156 159 1 1852 4 6 1 1 4 2 1 1 1 2 2 3 3 53 62 66 71 76 82 86 89 2 1557 3 2 2 1 1 1 1
1 12 2 1 2 17 2 1 1 2 3 4 13 354 1 1 1 43 2 1 11 2 1 1 4 1 1 3 131 1 1 2 66 2 1 1 1 13 29 1 2 2 1 1 1 1 2 2 2 2 2 28 15 8 3 2 2 2 2 1 3 2 1 2 2 2 1867 2 2 5 3 2 1 1 1 1 2 2 3 3 3 3 3 4 2 2 1 2 3 1568 3 2 2 2 1 1
1 2 1 3 19 1 1 1 1 1 2 3 4 360 1 1 2 47 2 1 1 15 2 1 1 6 2 9 10 144 1 1 1 72 2 1 1 1 31 2 3 3 1 1 1 1 1 1 1 1 27 14 4 3 2 1 1 1 1 1 1 1 1 1 1 2 2 1882 6 4 3 2 2 1 1 1 1 2 2 2 2 2 2 1 1 1 1 2 2 2 1578 3 3 2 1 1
1 1 4 21 1 1 1 4 1 1 2 3 4 5 367 1 2 56 2 1 1 19 2 1 1 1 8 3 6 7 146 1 1 1 78 2 1 1 1 35 4 1 5 2 2 1 1 1 1 26 6 7 3 2 1 1 1 1 1 1 1 1 1 1 1 1 2 1884 5 4 3 3 4 2 1 1 1 1 1 1 1 1 1 1 1 1 1 1 1 2 2 1589 3 2 1 1
1 29 24 2 1 1 2 7 1 1 2 3 4 5 373 1 2 61 2 1 1 23 2 2 1 1 2 2 2 4 13 148 1 1 1 84 1 1 1 2 41 6 1 1 5 10 1 18 24 2 3 6 2 1 1 1 2 2 2 2 2 2 71 2 1 1 1 103 2003 4 1 8 1 2 2 1 1 1 1 1 1 1 3 7 2 2 1 1 1 1 1 1 1596 2 1 1
1 2 1 2 1 1 11 2 1 1 1 2 3 4 374 1 2 64 2 2 24 3 3 2 1 1 1 1 1 1 2 17 169 1 1 86 2 1 1 1 51 2 1 1 1 2 16 1 3 1 2 5 1 1 1 14 20 27 34 41 52 66 2 85 89 93 102 2 9 2030 9 2 3 3 2 2 1 1 2 4 1 1 1 2 12 20 2 1 1 1 1 1 1 1602 2 2
1 1 3 1 1 1 15 2 1 1 3 1 1 2 7 375 444 1 3 25 4 4 3 1 3 1 1 1 1 1 1 2 2 175 1 1 92 2 1 1 54 2 1 1 1 1 1 1 1 1 2 2 3 6 11 4 4 4 4 8 11 1 11 1 2 8 1 8 7 2040 3 4 4 3 3 2 1 1 2 8 1 1 1 2 2 3 25 30 2 2 2 1 1 1 1609 2
1 6 2 2 1 1 19 2 1 1 2 6 2 3 4 12 457 4 26 5 5 4 1 1 6 2 1 1 4 1 1 1 2 2 180 1 1 95 101 1 1 58 2 1 1 1 1 1 1 1 1 2 2 3 3 3 3 3 5 2 10 1 9 1 5 2 7 6 9 4 2055 5 4 4 3 2 1 1 2 12 2 1 1 1 2 1 1 2 34 40 3 2 1 1 51 1613
1 1 3 2 1 1 23 2 1 1 1 2 9 10 11 12 13 488 6 6 5 2 1 1 3 10 1 1 2 6 1 1 1 1 1 183 1 1 1 104 1 61 3 1 1 4 2 2 1 1 1 1 2 2 2 2 2 4 1 4 5 7 1 4 1 6 5 8 3 1 2 2069 5 4 3 2 1 1 2 17 2 1 1 1 2 1 1 1 1 1 41 45 48 50 2 1670
1 9 8 2 1 1 27 2 2 1 1 2 3 4 1 1 2 508 7 6 3 1 2 1 1 16 1 1 1 12 1 1 1 2 1 1 185 1 1 109 62 4 1 1 1 9 3 2 2 1 1 1 1 1 1 1 2 1 3 2 2 6 2 1 5 4 2 5 2 1 2 2 2071 2085 3 2 1 1 2 22 2 2 1 1 1 5 8 10 12 15 1 1 1 1 1 1
1 1 1 2 1 1 31 3 2 1 1 2 1 1 6 8 9 12 522 4 3 1 4 1 1 2 19 1 1 1 17 1 1 1 5 1 1 189 1 1 178 2 2 1 1 2 15 3 2 1 1 2 1 1 1 1 1 2 1 1 3 2 1 4 3 1 3 1 1 1 1 1 1 2 2095 2 1 1 2 27 3 2 1 1 1 1 1 1 1 2 19 24 1 1 1 1
1 1 1 6 1 1 2 37 2 1 1 2 3 2 3 4 5 6 539 5 1 1 6 1 1 1 25 1 1 1 2 20 1 1 1 9 1 1 192 1 1 184 2 1 1 1 21 3 2 1 1 2 5 1 2 1 1 1 1 1 1 1 1 2 2 2 3 5 1 1 1 1 1 1 1 2144 2146 3 1 31 3 2 2 1 1 1 2 1 1 1 1 2 30 2 1 1
1 1 8 1 1 1 2 42 2 1 1 1 3 4 5 1 2 1 551 3 2 1 8 2 1 1 1 28 1 1 1 5 22 1 1 1 12 1 1 195 1 1 189 2 1 1 27 3 2 1 1 2 9 3 1 2 1 3 2 1 1 1 1 1 1 2 1 1 6 2 2 2 35 38 41 4 2 2150 2190 2194 3 3 2 1 1 2 1 4 2 1 1 1 2 37 1 1
1 1 10 1 1 2 2 47 3 1 1 2 2 6 7 6 1 3 560 1 1 1 12 2 1 1 2 33 1 1 1 1 31 1 1 1 1 14 1 1 199 1 2 193 1 1 1 33 2 1 1 3 6 10 7 1 1 5 3 3 1 2 1 1 1 1 1 1 2 19 24 31 2 2 3 1 1 2 2 2 2204 3 2 1 1 4 1 2 8 1 1 1 1 1 42 1
1 1 12 1 1 2 3 55 2 1 1 2 5 6 7 15 7 2 565 2 1 1 16 2 1 1 1 2 36 1 1 1 1 36 1 1 1 1 17 1 1 202 1 198 2 1 1 37 3 1 1 1 1 7 26 2 1 1 6 4 7 2 2 1 1 1 4 7 10 2 3 1 1 1 1 1 1 1 1 1 2 2213 2 1 1 6 1 1 13 2 1 1 1 1 1 46
1 1 15 1 1 2 61 2 1 1 1 3 4 5 6 1 17 8 568 2 1 18 3 2 2 1 1 2 43 2 1 1 1 1 41 44 1 1 1 18 1 1 204 405 2 1 39 4 1 1 1 3 2 4 1 27 5 1 1 8 14 3 2 1 2 1 1 1 1 1 1 1 1 1 1 1 1 1 1 1 1 1 2304 2 1 8 1 1 1 17 2 2 1 1 1 2
1 1 18 1 1 2 67 1 2 1 1 1 2 3 4 11 12 30 577 2 1 22 3 3 2 1 1 1 1 50 2 1 1 1 1 47 1 1 1 2 21 1 1 2 409 40 5 2 2 1 1 1 5 6 11 13 34 1 1 1 11 20 2 3 1 1 1 2 4 8 9 12 16 21 29 31 37 43 49 78 81 84 2 2306 2330 2333 2347 2349 18 3 3 1 3 1 1 2
1 2 20 1 2 2 73 3 2 2 1 1 1 2 3 4 5 6 610 1 1 27 4 3 2 2 1 1 2 1 57 2 1 1 1 2 51 57 1 1 1 23 1 2 454 6 3 3 2 2 1 1 2 3 1 2 52 2 1 1 1 35 4 2 2 1 1 1 1 2 2 2 3 3 3 4 4 4 27 2 2 1 1 21 1 1 2 21 2373 2403 2 4 1 2 1 1
1 24 1 1 2 3 76 3 3 2 3 1 1 2 3 4 5 6 618 1 1 38 4 3 1 1 4 1 1 2 1 64 2 1 1 1 2 2 60 1 1 26 1 1 3 464 4 3 3 2 1 1 1 2 4 1 1 56 1 1 1 3 42 3 2 2 1 1 1 1 1 2 2 2 3 3 3 7 1 18 1 1 16 3 1 1 20 2 3 2 2414 2427 2430 2 1 1
1 27 1 1 2 3 83 1 6 4 2 1 1 2 3 4 5 6 632 1 1 39 4 2 2 1 6 1 1 1 2 1 71 1 1 1 1 2 67 1 1 1 29 1 32 504 4 4 5 2 1 1 2 1 7 1 1 60 2 1 1 1 49 3 3 1 3 1 1 1 1 1 1 2 2 2 4 2 9 7 1 1 13 1 2 19 1 2 1 10 3 2 2 2435 2449 2456
1 31 1 1 2 5 87 1 12 3 1 1 1 2 3 1 2 3 637 2 1 1 49 3 2 1 1 7 2 2 1 2 1 75 1 1 1 1 2 73 1 1 1 31 1 2 513 6 2 1 1 2 4 7 10 1 1 2 66 1 1 1 59 4 2 1 5 2 2 1 1 1 1 1 1 3 1 8 1 1 4 11 1 1 15 2 1 1 9 2 1 1 2 11 1 2
1 2 1 1 2 3 9 88 17 4 2 1 1 1 5 1 1 2 3 644 2 1 50 3 2 1 1 2 12 1 1 1 2 3 81 1 1 1 1 2 79 1 1 1 2 4 522 3 1 1 1 2 1 2 19 1 1 1 2 70 1 4 2 69 2 6 1 5 2 2 2 1 1 1 1 1 2 2 3 3 3 3 4 11 1 2 1 2 4 2 1 1 3 7 1 1
1 2 1 1 2 1 1 10 111 1 2 1 1 3 1 7 1 2 3 4 648 1 1 56 2 1 1 2 16 2 1 1 2 3 5 90 1 1 1 1 2 85 1 1 1 2 533 2 2 1 4 1 1 1 4 22 1 1 1 71 1 1 1 2 81 2 1 1 10 3 2 2 2 1 1 1 1 2 2 2 2 3 6 2 2 1 1 1 1 1 1 2 4 1 1 2
1 1 1 2 1 3 2 123 1 3 2 1 1 1 4 9 1 1 2 3 657 2 1 59 2 2 1 1 19 1 3 2 1 1 1 2 96 1 1 1 1 1 89 92 1 1 2 538 2 1 6 2 1 1 2 7 25 1 1 73 1 1 1 1 2 89 2 11 4 3 3 3 2 2 1 1 1 1 1 1 2 2 3 1 1 1 1 1 1 1 1 1 1 1 1 1
1 1 4 1 1 2 4 127 4 3 2 2 1 1 2 15 1 1 1 2 662 2 1 1 64 2 1 1 2 20 2 7 1 1 1 1 3 102 2 1 1 1 1 2 96 1 1 545 2 1 1 10 1 1 1 2 34 1 1 76 2 1 1 1 2 2 108 5 4 4 1 1 8 2 2 1 1 1 1 1 1 1 1 2 1 1 2 3 2 2 1 1 1 1 1 1
1 5 2 1 1 2 3 143 7 3 3 2 1 1 3 19 2 1 1 2 667 669 2 1 67 2 2 1 1 3 21 3 10 1 1 2 1 1 107 112 2 1 1 1 1 97 1 646 2 1 1 13 2 1 1 2 40 2 1 1 81 2 1 1 1 3 2 123 5 2 1 1 12 3 2 2 1 1 2 2 1 1 1 1 3 2 2 8 13 20 2 2 1 1 4 1
1 1 1 4 1 2 151 2 1 1 6 2 1 1 1 25 2 1 1 2 3 4 677 1 70 3 2 2 1 1 5 22 15 1 1 1 2 3 1 2 118 122 1 1 1 2 98 152 805 2 1 1 17 1 1 1 3 44 1 1 84 2 1 1 2 1 1 2 125 135 1 1 17 3 3 2 1 1 2 6 2 1 1 1 3 8 3 1 1 2 24 31 2 5 2 1
1 1 1 6 1 2 156 2 1 1 10 2 1 1 2 29 2 1 1 2 3 1 2 752 4 3 3 2 1 1 1 7 39 2 1 1 1 1 1 1 2 2 127 132 137 144 151 1 12 807 1 1 20 2 1 1 1 50 2 85 3 2 2 1 1 1 1 1 1 2 138 1 1 24 3 2 1 1 2 5 10 2 1 1 1 2 12 1 1 1 1 2 37 46 2 4
1 1 8 3 1 1 161 2 1 1 14 2 1 1 2 34 2 1 1 2 6 1 1 1 763 4 3 2 2 1 1 2 51 2 1 3 2 1 1 1 1 2 3 3 5 4 4 11 3 828 2 1 1 24 1 1 1 2 140 4 3 4 1 1 1 3 2 1 1 1 144 2 1 28 3 2 1 1 2 3 9 14 2 1 1 1 1 13 2 1 1 1 1 1 55 4
1 1 13 2 1 1 2 162 1 16 3 2 1 1 2 39 3 1 1 1 10 1 1 2 2 774 3 3 2 1 1 1 2 55 1 6 2 1 2 1 1 2 2 4 3 3 6 2 2 6 830 1 1 27 2 1 1 2 147 4 5 4 3 1 1 2 7 1 1 1 1 150 29 4 3 2 2 1 1 2 3 29 2 1 1 1 1 2 14 4 1 1 1 1 1 57
1 1 19 2 1 1 2 3 163 21 3 1 1 2 2 48 3 2 1 1 12 1 1 1 1 3 787 3 2 2 1 1 1 60 1 1 10 1 4 1 1 1 3 2 2 5 1 1 5 3 842 2 1 30 2 1 1 1 2 157 8 3 2 1 1 2 6 10 1 1 1 2 154 37 3 3 2 1 1 2 3 4 33 2 1 1 3 6 10 26 32 35 39 1 1 1
1 21 2 1 1 1 4 1 5 188 2 1 1 2 55 2 1 2 1 1 14 2 1 1 2 3 2 794 804 2 2 1 1 1 63 1 13 1 6 1 1 2 1 1 4 1 1 4 2 1 2 850 881 3 2 2 1 1 2 168 1 3 2 1 1 1 2 22 2 1 1 1 2 198 4 3 2 1 1 1 1 2 42 2 1 1 1 1 1 1 1 1 1 42 45 48
1 28 2 1 1 7 1 1 2 196 3 1 1 59 2 1 1 4 1 1 18 3 1 1 2 1 4 2 6 817 2 2 1 1 1 65 81 7 2 1 1 1 2 3 1 6 2 1 1 1 1 1 2 892 895 2 1 1 1 177 4 2 1 2 1 1 2 2 30 1 1 1 1 2 206 3 2 2 1 1 2 3 48 2 2 1 1 1 2 4 1 1 1 1 1 1
1 29 1 1 1 10 1 1 2 202 2 1 1 63 1 1 1 7 1 1 26 2 1 1 2 3 1 5 2 6 829 838 2 1 1 1 2 84 11 2 1 1 1 2 4 2 11 15 2 1 1 1 1 2 2 903 2 1 1 179 3 1 3 2 1 1 1 2 2 33 1 1 1 1 217 3 3 2 1 1 2 1 2 55 2 2 1 1 1 1 7 11 1 1 1 1
1 32 2 1 1 13 1 1 2 207 2 1 1 66 2 1 1 10 1 1 30 2 1 1 2 3 4 1 5 5 3 3 847 2 1 1 1 2 100 2 2 1 1 1 1 2 3 3 21 32 2 1 1 1 2 2 911 1 1 1 184 4 3 2 1 1 1 1 2 41 2 1 1 1 219 4 3 1 2 1 2 3 4 5 65 2 2 1 1 1 1 2 18 2 1 1
1 36 2 1 1 16 1 1 2 212 1 1 1 70 2 1 1 12 1 2 33 2 1 1 1 2 3 4 4 2 2 2 2 851 2 1 1 1 2 109 2 2 1 1 1 2 2 2 7 33 3 2 1 1 1 2 2 917 2 1 189 4 3 2 2 1 1 1 2 2 49 2 1 1 1 231 2 1 3 1 2 3 1 2 3 69 6 2 1 1 1 2 2 26 2 1
1 40 3 1 1 19 1 1 2 216 2 1 1 74 2 1 1 2 13 39 2 1 2 1 1 1 2 3 1 1 1 1 2 858 2 2 1 1 1 111 3 2 3 1 1 1 1 6 4 1 49 3 2 1 1 1 1 2 921 1116 5 4 3 3 2 2 1 1 1 2 2 57 1 1 1 233 2 4 1 1 5 1 4 1 1 2 82 2 2 1 1 1 2 3 35 2
1 45 2 1 1 23 1 1 1 224 2 1 1 78 2 1 1 2 55 2 1 1 4 2 1 1 2 1 2 8 13 1 1 2 865 2 2 1 1 2 117 6 2 1 1 1 5 3 3 11 50 4 3 2 1 1 1 1 2 2 1130 4 4 3 3 2 1 1 1 1 2 2 64 67 1 73 240 2 1 1 1 13 2 1 1 2 2 87 2 1 1 1 2 2 3 44
1 49 2 1 1 26 2 1 1 226 2 1 1 85 2 1 1 2 62 2 1 1 8 2 1 1 1 4 5 4 2 21 24 27 31 870 2 1 1 1 126 3 2 1 1 3 2 2 3 3 5 51 8 3 2 1 2 1 1 2 2 1135 1151 4 3 2 2 1 1 1 1 2 2 2 72 4 323 2 2 1 1 1 17 1 1 1 2 92 2 2 1 1 1 2 2 3
1 55 1 1 1 2 30 1 1 2 230 1 1 86 2 1 1 66 3 2 1 1 3 12 2 1 1 2 3 1 5 2 2 3 3 907 2 2 1 1 131 2 1 1 1 1 1 2 2 1 2 67 1 4 3 2 3 1 1 1 2 4 2 1163 3 3 2 2 1 1 1 1 1 2 3 3 3 333 2 1 1 1 21 2 1 1 1 99 3 2 1 1 1 1 2 2
1 59 2 1 1 1 36 1 1 2 236 1 1 93 2 1 1 71 2 1 1 1 2 18 2 1 1 2 3 4 1 1 2 2 2 5 917 2 1 1 135 1 1 1 3 1 1 1 1 1 1 2 71 1 8 3 1 5 1 1 3 1 2 3 1176 3 3 2 2 1 1 1 1 2 2 2 2 2 341 2 1 1 1 27 1 1 1 1 109 2 2 1 1 1 1 2
1 60 2 1 1 2 38 1 1 1 2 240 1 97 2 1 1 78 2 1 1 2 3 23 2 1 1 1 2 3 4 1 1 1 2 2 5 928 1 1 138 3 1 1 6 1 1 1 1 2 9 1 1 72 10 5 1 7 1 1 2 1 2 3 3 1192 1195 3 2 2 2 1 1 1 1 1 1 2 2 348 2 1 1 1 30 1 1 1 111 3 2 2 1 1 1 1
1 1 64 1 1 42 1 2 1 1 2 243 244 245 99 1 1 81 1 1 1 3 4 29 2 2 1 1 1 2 3 8 1 1 1 2 2 2 935 1 142 1 1 1 9 2 1 1 3 6 1 11 14 89 91 109 8 1 3 1 1 1 2 2 3 3 4 1215 3 3 2 1 1 1 1 1 1 1 1 2 355 1 1 1 35 2 1 1 1 122 3 2 2 1 1 1
1 67 1 3 1 44 1 3 1 2 1 1 2 3 349 1 1 82 3 1 1 1 1 36 3 2 1 1 2 1 2 3 10 1 1 1 1 2 31 967 145 2 1 1 13 1 1 3 1 1 3 1 1 1 1 1 112 9 6 1 1 1 1 2 2 3 10 4 1229 3 2 2 2 1 1 2 2 1 1 1 2 358 1 1 1 41 1 1 1 2 131 3 2 2 1 1
1 71 4 1 1 47 1 1 4 6 1 1 1 2 3 354 1 87 1 1 1 2 2 43 3 2 1 4 1 1 1 2 6 17 2 1 1 30 2 10 1115 2 1 1 16 1 1 1 5 1 1 6 1 1 1 1 1 114 17 2 1 1 1 1 2 9 3 3 3 1240 3 3 2 1 1 3 6 1 1 1 1 365 1 1 1 2 44 1 1 1 133 3 3 2 1 1
1 77 2 1 1 50 1 1 12 2 1 1 2 3 1 2 357 90 2 1 1 2 3 50 3 2 5 2 1 1 2 1 1 2 22 26 29 1 7 2 1130 2 1 1 19 2 1 1 2 10 1 1 24 4 1 1 1 1 134 3 1 1 2 1 8 2 2 2 2 3 1251 3 2 1 1 1 12 2 1 1 1 367 2 1 1 1 50 1 1 1 1 140 3 2 1 1
1 81 2 1 52 2 1 1 17 1 1 1 5 1 1 2 3 453 2 2 1 1 3 4 60 6 3 2 1 1 5 1 1 2 1 1 4 6 1 5 1138 2 2 1 22 2 1 1 2 2 15 16 1 27 7 1 1 2 142 2 1 1 3 7 1 1 1 1 2 1 25 1284 2 2 1 1 2 18 2 1 1 1 371 1 1 1 1 53 1 1 1 150 3 2 1 1
1 2 85 1 1 56 1 19 2 1 1 2 9 1 1 2 3 459 462 2 1 1 2 1 68 4 3 2 1 7 2 1 1 1 2 3 1 2 4 3 4 1147 2 1 25 2 2 1 1 2 2 1 1 1 37 1 1 148 1 1 1 1 1 2 1 1 1 1 1 24 2 5 1302 2 1 1 1 2 24 1 1 1 375 2 1 1 1 60 2 1 1 2 153 2 2 1
1 2 89 1 1 60 1 22 2 1 1 13 2 1 1 2 3 4 5 466 2 3 2 1 73 4 1 1 11 3 2 2 1 1 1 2 1 1 2 1 2 1152 2 26 3 4 1 1 1 1 2 7 11 1 1 38 151 2 1 1 3 1 1 2 6 9 13 17 22 1 4 6 4 1314 2 1 1 1 1 28 1 1 2 381 2 1 1 1 62 1 1 1 158 3 2 1
1 1 94 1 61 1 1 27 1 1 1 17 3 2 1 1 2 3 7 17 472 3 2 1 78 80 1 1 16 3 1 1 5 1 1 1 4 1 7 10 11 12 1181 4 5 1 2 1 1 1 2 2 3 17 22 2 192 1 1 5 3 1 1 1 1 2 2 2 2 3 5 3 4 3 1320 1 1 3 1 1 30 2 1 2 387 1 1 1 68 1 1 1 163 3 2 1
1 1 97 62 2 1 1 30 1 1 2 25 3 2 1 1 2 3 4 4 499 3 3 1 1 2 82 1 21 2 1 1 3 8 1 1 1 6 2 3 4 5 1198 6 2 3 2 2 1 1 1 2 2 3 3 29 196 1 1 9 2 1 1 1 1 1 1 1 2 4 2 3 2 1 2 1327 4 2 1 1 1 32 36 1 2 390 1 1 2 70 1 1 173 3 3 1
1 1 2 162 1 1 33 2 1 1 29 4 3 2 1 1 2 3 3 2 3 506 1 1 1 2 88 22 3 2 1 1 2 15 2 1 1 1 2 3 6 7 1217 3 4 3 3 2 1 1 1 1 2 2 3 4 227 1 1 14 1 1 1 3 2 1 1 1 3 1 1 1 1 1 1 1 1329 1339 1341 1 1 1 1 39 1 395 1 1 1 74 1 1 179 4 1 1
1 1 1 166 1 1 39 1 1 1 39 4 3 2 1 1 1 2 1 2 9 522 1 1 1 2 3 114 3 2 1 1 2 4 19 2 1 1 2 2 3 6 1227 5 4 7 3 2 2 1 1 1 1 2 3 3 241 2 16 1 2 1 1 1 7 1 2 2 1 1 1 1 1 1 1 1 1 1 2 1347 1 1 1 1 40 398 1 1 3 83 1 1 1 181 2 1
1 1 2 169 1 1 41 1 1 2 44 3 2 1 1 1 3 4 1 8 1 526 2 1 1 1 2 123 3 2 1 1 1 1 26 2 1 1 1 2 2 2 5 1237 8 1 3 3 2 2 1 1 1 2 2 3 3 258 1 3 2 2 1 1 1 12 1 1 1 3 7 2 1 2 3 1 1 1 1 2 1354 1 1 1 440 2 1 1 2 2 84 1 1 185 2 1
1 1 1 175 1 44 1 1 1 51 3 2 1 2 1 1 1 2 7 1 3 2 530 2 1 1 2 3 129 2 1 1 3 4 34 2 1 1 1 1 1 2 2 1253 2 4 4 6 3 2 2 1 1 1 2 2 2 267 4 3 3 1 1 3 1 1 14 2 1 1 1 11 2 1 3 6 1 1 1 2 2 1361 1 1 444 2 1 1 1 2 91 1 1 189 4 1
1 4 2 223 45 2 1 1 2 58 5 4 3 2 2 1 1 1 2 1 1 1 539 2 1 1 1 2 137 2 1 1 1 2 4 38 2 1 1 1 1 1 2 1258 5 5 7 1 3 3 2 1 1 1 1 1 2 2 285 4 2 2 1 1 6 1 1 15 4 1 1 1 13 18 1 11 2 1 1 1 2 3 1371 1 447 1 1 1 1 1 2 96 1 198 2 1
1 2 9 233 3 2 1 1 62 6 5 4 3 1 1 5 1 1 1 3 1 1 541 2 2 1 1 2 3 141 2 1 1 1 2 48 2 2 1 1 4 1 9 1273 6 8 2 4 1 6 2 2 1 1 1 1 1 4 287 3 3 2 1 1 3 8 1 2 19 7 1 1 1 1 19 15 2 1 1 1 2 2 2 1373 1824 2 2 1 1 1 1 2 101 199 1 1
1 2 2 5 239 1 1 1 70 4 3 2 1 1 2 8 2 1 1 6 1 1 2 550 2 1 1 1 2 150 2 2 1 1 1 2 53 2 1 1 2 8 3 1283 9 3 5 1 1 2 11 2 2 1 1 2 3 1 1 296 3 2 1 1 1 13 1 1 1 21 32 1 1 1 2 23 19 2 1 1 1 1 1 1 2 1832 2 2 1 1 1 2 2 302 1 1
1 1 2 2 246 1 1 2 79 3 2 1 1 1 2 13 2 1 1 3 8 1 1 554 2 2 1 1 1 1 156 2 1 1 1 1 63 2 1 1 1 2 2 5 1296 6 2 2 1 1 16 3 2 2 1 1 1 1 1 1 305 1 1 4 1 1 15 1 1 1 1 36 2 1 1 1 45 2 1 1 1 1 1 1 1 7 1846 2 2 1 1 1 2 311 1 1
1 1 1 2 250 1 1 86 3 2 1 1 1 3 2 18 2 1 1 2 14 1 2 555 5 2 1 2 1 1 2 162 2 1 1 2 65 2 2 1 1 1 2 3 1313 3 3 2 1 1 21 3 3 2 1 1 3 7 1 1 321 2 1 1 9 16 1 3 1 1 1 1 41 1 1 1 53 2 2 1 1 2 2 2 6 2 2 1851 2 1 1 1 2 2 313 1
1 1 1 2 254 1 88 3 2 1 2 1 1 1 5 28 2 1 1 1 1 16 17 563 2 1 1 4 10 1 1 166 2 1 1 1 2 70 2 1 1 1 2 2 2 1323 3 2 1 1 26 4 3 2 1 1 1 2 12 15 3 325 1 1 1 12 30 33 40 2 1 1 1 45 1 1 1 56 2 1 1 2 3 3 1 1 1 1856 2 2 1 1 1 1 319 1
1 1 1 1 258 1 94 2 1 1 4 2 1 1 2 33 35 2 2 1 1 1 1 583 2 1 1 2 2 15 20 192 2 2 1 1 1 75 1 1 2 1 1 1 1 2 1333 2 2 1 1 34 3 1 3 1 1 1 2 2 2 334 1 1 1 1 1 1 2 48 50 1 1 1 47 1 1 60 2 1 1 3 7 4 1 1 1 1860 3 4 1 1 1 1 8 332
1 1 1 1 261 98 3 2 1 1 9 2 1 1 1 2 3 43 2 2 1 1 2 590 1 1 1 1 2 3 3 4 204 2 1 1 1 78 5 3 1 1 1 1 1 2 2 1340 1346 2 1 38 2 1 1 5 1 1 1 1 2 2 340 1 1 1 1 1 1 1 2 58 60 1 1 49 1 65 2 1 1 1 1 11 17 21 25 1865 6 1 1 1 4 7 2 4
1 4 1 1 361 4 3 2 1 1 2 13 2 1 1 2 3 4 48 2 1 1 3 596 2 1 1 1 2 2 3 3 3 215 2 1 1 85 1 3 1 1 4 1 1 1 2 2 3 1356 1 41 2 1 1 9 1 1 1 1 1 1 2 344 350 2 1 1 1 1 1 2 2 67 1 50 1 1 73 2 1 1 2 1 2 2 3 1903 1 1 1 1 1 1 3 1
1 4 5 2 367 1 3 2 1 1 2 18 2 1 1 1 2 1 55 3 1 1 2 599 2 3 1 1 1 2 2 2 2 218 2 1 1 96 6 1 1 2 7 1 1 1 1 2 3 3 1364 1411 1416 1 1 1 13 1 2 1 1 1 1 2 2 358 360 2 1 1 1 1 2 3 124 1 2 1 1 75 1 1 1 1 1 2 2 1906 2 2 1 1 1 1 1 1
1 2 9 17 371 4 3 2 1 1 1 3 22 2 1 1 2 3 60 2 1 1 2 604 4 1 1 1 1 1 1 1 2 2 223 229 1 99 1 1 1 2 14 2 1 1 1 2 2 3 3 3 4 1419 1 1 1 17 1 3 1 1 1 1 1 1 2 367 2 1 1 1 2 2 3 133 1 1 1 80 2 1 1 2 1 1 2 3 1911 2 1 3 1 1 1 1
1 2 2 3 402 4 2 1 1 2 2 2 28 2 1 1 1 3 66 2 1 1 1 2 610 2 2 1 1 1 1 1 1 2 2 2 330 1 2 1 1 1 2 23 2 1 1 1 2 2 2 3 4 1430 2 1 1 20 1 1 6 1 1 1 1 1 1 2 374 2 1 1 1 2 2 2 136 1 1 1 86 2 3 1 1 1 2 2 1923 2 1 5 3 1 1 3
1 1 2 2 411 3 2 1 1 2 5 33 3 2 2 1 1 3 72 1 1 1 2 1 620 4 1 1 2 4 1 1 1 1 1 1 336 1 1 1 2 1 1 2 25 1 1 1 1 1 2 3 1 1 1434 1 1 25 1 1 9 2 1 1 3 1 1 1 2 378 1 1 1 1 1 2 140 1 1 1 2 97 2 2 1 1 1 2 1926 2 6 5 1 1 1 1
1 1 1 8 2 417 1 1 1 2 3 11 39 3 2 1 2 3 77 1 1 2 2 3 623 2 1 1 2 8 2 1 1 1 1 1 1 339 1 1 4 1 1 1 31 2 1 1 1 1 2 1 1 1 1439 1 1 1 27 1 1 11 17 4 1 2 1 1 2 385 2 1 1 1 1 1 146 2 1 1 1 2 106 2 1 1 1 2 2 1935 6 1 3 1 1 3
1 4 7 1 1 421 2 1 1 1 2 2 57 3 1 1 1 2 82 2 1 1 3 629 2 1 1 1 2 13 2 2 1 1 2 2 1 342 1 1 8 1 1 1 1 37 2 2 1 1 2 4 8 10 1440 2 1 1 32 1 1 1 2 26 3 2 1 1 1 2 391 2 1 1 2 1 1 150 1 1 1 2 108 2 2 1 1 1 2 1949 2 5 1 1 1 2
1 2 2 5 8 438 2 2 1 1 1 1 2 65 2 1 1 1 90 2 1 1 2 638 1 2 1 1 2 18 3 2 1 1 4 8 13 361 1 1 1 13 1 1 1 1 44 2 1 1 1 2 2 5 1460 2 1 1 2 34 1 1 1 2 35 2 1 1 1 2 397 2 2 1 1 3 5 153 2 1 1 1 2 117 2 1 1 1 1 1957 6 1 2 1 1 2
1 1 2 2 3 4 441 2 1 1 2 1 1 2 76 2 1 1 2 92 1 1 2 644 3 2 1 1 3 24 3 2 1 1 1 2 2 3 363 1 1 1 16 1 1 1 2 52 1 1 1 1 2 2 1465 2 1 1 1 39 1 1 1 1 2 42 2 1 1 1 1 404 2 2 1 1 1 165 2 1 1 1 2 2 124 2 1 1 1 2 1959 3 2 1 1 2
