02_Arimura/02_MK_TOPO/01_RR_DR/output/flowAcc_inRR.asc
ncols  240
nrows  260
xllcorner     -32410.000
yllcorner    -160030.000
cellsize     10.000
NODATA_value    0
[rows 148 to 221 of 260, columns 96 to 191 of 240]
2 7 18 460 3 1 1 1 2 64 2 2 1 1 4 11 3 415 1 1 22 2 1 1 1 101 4 1 1 2 27 1 1 1 5 6 42 2 1 1 2 14 1 1 2 6 1 3 1 1 1 1 1 1 1 1 336 345 353 2 1 1 1 1 16 1 1 1 1 1 2 6388 2 1 1 3 3444 5 5 1 1 2 5 15 1 1 3 1 1 1 3 3045 1 1 1 1
2 2 3 482 1 2 1 1 2 69 8 4 1 1 2 2 3 426 1 1 30 3 1 1 4 107 2 1 1 2 3 30 1 1 2 8 59 2 2 1 1 18 2 1 1 12 4 1 3 2 2 1 1 1 1 1 1 2 2 358 362 1 1 1 1 21 24 1 1 1 1 2 6392 1 1 1 3 3455 1 2 1 1 4 1 16 2 2 8 1 1 3050 2 12 1 1 1
1 2 2 487 5 2 1 1 1 80 2 1 1 1 1 2 2 3 435 1 32 1 1 1 1 114 1 1 1 2 5 35 1 1 2 3 5 70 2 1 1 22 2 1 1 1 18 4 1 1 7 2 2 2 1 1 1 1 1 2 2 368 1 1 1 1 2 29 2 1 1 41 6440 1 1 1 1 3462 3 2 1 1 2 7 20 1 1 2 12 2 3054 2 1 10 8 4
1 1 2 498 1 3 1 1 1 87 1 1 1 1 1 1 2 3 3 468 1 1 1 1 1 120 1 1 1 2 3 45 1 1 1 1 1 2 77 2 1 1 26 1 1 1 26 2 1 1 1 10 7 2 2 1 1 1 1 1 1 2 375 1 1 1 1 31 34 37 40 2 6442 2 1 1 1 1 3468 1 1 1 2 3 29 1 1 1 2 13 3074 1 1 1 1 2
1 1 1 2 503 1 1 1 2 92 1 2 2 1 1 1 2 2 3 478 1 2 2 1 1 2 122 1 1 1 2 49 1 1 3 1 1 1 1 83 2 1 28 2 1 1 2 30 2 1 1 1 13 12 2 1 3 1 1 1 1 1 377 2 1 1 1 1 2 1 1 1 2 6451 2 1 1 1 3474 2 1 1 2 3 34 1 1 1 1 3 3076 1 1 3 1 1
1 1 1 1 509 2 1 1 96 2 4 1 1 5 1 1 1 2 2 2 485 3 2 1 1 1 126 4 1 1 1 51 1 3 6 1 1 1 1 1 91 29 3 2 1 1 1 37 2 1 1 1 1 14 16 1 1 6 2 1 1 1 2 384 2 1 1 1 2 1 1 1 1 2 6453 6459 1 1 1 3476 1 1 1 2 39 2 1 1 1 3081 2 1 1 6 5 2
2 1 1 1 1 516 1 1 100 1 1 1 1 8 1 1 1 1 1 1 2 501 2 1 1 1 132 1 1 1 3 55 1 2 7 18 2 1 1 3 2 95 131 2 1 1 1 1 43 2 1 1 1 4 32 2 1 9 2 2 1 1 1 2 391 2 1 1 1 5 1 1 1 1 1 1 6465 6467 1 3481 3 1 1 2 44 3 1 1 3 3085 1 1 2 13 1 1
2 2 1 1 1 518 1 1 108 1 1 1 2 11 2 1 1 1 1 1 8 2 505 2 1 1 137 1 1 1 57 1 1 1 2 2 25 2 1 1 1 1 2 138 2 1 1 1 1 48 2 1 1 1 7 36 1 1 14 2 1 1 1 1 4 395 2 1 1 9 2 1 1 1 1 1 1 2 9953 1 1 1 1 1 50 2 1 1 1 3093 1 1 2 17 1 1
2048 2 2 1 1 1 523 1 111 4 1 1 2 16 2 2 1 1 4 7 1 1 512 2 1 1 1 140 1 1 2 59 1 1 1 2 3 33 1 1 1 1 1 2 145 2 1 1 1 51 53 1 1 1 1 10 50 1 17 2 1 1 2 3 3 407 2 1 1 1 14 2 2 2 1 1 1 1 2 9956 2 1 1 2 54 2 1 1 2 3095 1 1 1 21 2 4
2 2055 2 1 1 1 2 636 2 2 1 1 2 21 3 2 1 1 1 2 1 1 3 516 1 1 1 145 2 1 1 63 1 1 1 2 2 3 41 2 1 1 1 1 1 148 154 2 1 54 2 2 1 1 1 1 2 72 3 2 2 1 1 2 2 2 411 2 1 1 18 21 24 2 2 1 1 1 1 9961 2 1 1 2 62 1 1 1 3099 2 1 1 1 25 18 12
2 2 2062 2 1 1 1 641 2 1 1 1 2 27 3 2 1 1 1 1 3 2 1 521 2 1 1 1 149 1 1 66 2 1 1 1 2 2 3 50 1 2 1 1 1 1 2 162 55 1 5 2 2 1 1 1 1 2 76 8 2 1 1 1 1 3 422 2 1 1 2 3 1 25 6 2 1 1 1 9965 2 1 1 2 66 1 1 2 3108 2 1 1 2 45 4 1
1 1 1 2066 1 1 1 645 1 1 1 1 2 33 3 2 2 1 1 3 6 11 13 525 2 1 1 1 154 2 1 72 3 1 1 1 1 2 2 2 54 60 1 2 1 1 1 1 164 227 3 3 2 2 1 1 1 1 1 89 2 2 1 1 2 1 427 2 1 1 2 3 7 11 39 51 55 2 1 9969 1 1 2 70 2 1 1 2 3110 1 1 1 2 66 13 3
1 1 1 2069 1 1 4 648 7 2 1 1 3 39 3 3 2 1 1 1 1 1 6 541 6 3 1 1 1 160 73 1 1 3 1 1 1 1 1 1 1 2 64 67 72 75 1 1 1 88 320 330 338 2 2 1 1 1 1 92 3 2 1 1 1 4 4 431 1 1 1 1 2 2 2 3 3 64 68 9972 1 1 2 75 2 1 1 3 3113 1 1 1 75 3 1 12
2 9 13 2072 1 1 1 660 2 4 1 1 2 52 4 3 2 1 1 1 3 5 3 554 1 1 1 1 1 1 239 2 4 3 2 1 1 1 1 1 1 1 2 1 2 2 80 84 87 4 3 3 3 343 352 355 2 1 1 1 98 2 2 1 2 3 2 437 2 1 2 1 1 1 2 2 3 3 3 10049 1 1 82 3 2 1 1 2 3117 1 1 85 4 2 2 5
5 2 3 2092 1 1 1 664 1 1 1 1 2 3 56 3 2 2 1 1 1 2 2 566 1 2 2 1 1 1 249 5 4 1 1 1 2 2 2 2 2 1 1 1 1 2 2 2 3 2 2 2 1 2 2 2 363 2 1 1 102 3 1 1 2 1 3 449 2 1 4 2 1 1 1 2 2 2 3 10054 2 86 3 2 1 1 1 2 3121 2 94 3 3 3 1 1
1 2 2 2 2100 1 1 667 1 1 1 1 2 3 66 3 3 2 2 1 1 1 4 571 3 3 4 1 1 4 2 254 2 1 1 3 2 3 3 3 3 5 2 1 1 1 1 1 1 1 1 1 1 1 1 2 2 372 374 1 106 2 1 1 1 2 2 453 2 1 9 2 1 1 1 1 1 2 2 10144 87 3 2 1 1 1 2 1 3234 103 4 5 2 2 2 1
1 1 1 2 2103 1 1 672 2 2 1 1 2 3 4 73 3 3 2 1 1 3 1 6 575 5 1 1 1 1 2 262 2 1 1 1 5 9 14 20 26 11 1 1 1 1 1 1 1 1 1 1 1 1 1 1 1 2 2 379 493 495 2 1 1 1 1 454 14 12 2 1 1 2 1 1 1 1 2 10146 4 1 1 2 1 1 2 3240 2 4 4 3 4 1 1 1
1 1 1 2 2 2108 2785 1 5 2 1 1 1 2 3 84 4 4 1 1 1 2 5 3 587 2 1 2 1 1 1 2 269 2 1 1 1 1 2 2 3 39 2 1 1 3 4 2 2 1 1 4 2 1 1 1 1 1 2 2 2 3 504 2 1 1 1 472 1 2 1 1 1 2 5 1 1 1 1 10151 2 2 1 4 1 1 3247 2 1 1 3 3 2 3 1 1
2 1 1 1 2 2 2 2792 1 2 3 1 1 2 5 9 93 1 2 1 1 2 2 3 593 2 4 1 1 1 1 1 2 276 2 1 1 1 1 2 2 49 2 1 1 1 10 3 2 1 6 3 2 2 1 2 1 1 1 1 2 2 2 512 2 1 1 473 3 2 1 1 3 2 9 2 1 1 1 2 10156 2 1 1 5 3300 2 1 1 3 2 2 2 1 1 1
2 1 1 1 1 1 1 2798 3 4 2 1 1 2 3 3 104 3 2 1 1 1 2 2 599 9 1 2 2 1 1 1 1 2 285 2 1 1 1 1 2 2 53 1 1 2 15 3 1 1 2 12 3 1 1 5 1 1 1 1 1 1 2 2 519 1 1 1 479 1 1 1 2 4 14 3 1 1 2 1 10161 1 1 3331 3321 2 48 1 4 1 1 1 1 1 1 3
2 2 1 1 1 1 1 4 2806 3 1 1 1 2 2 3 115 3 2 1 1 1 1 2 611 1 3 3 2 2 1 1 1 1 2 291 293 1 1 1 1 2 60 2 1 1 21 2 2 1 1 18 2 2 1 1 9 2 1 1 1 1 1 1 3 527 1 1 482 2 1 1 2 3 22 1 1 1 2 3 13502 3337 3333 1 1 18 1 47 36 2 1 1 1 1 1 1
3 2 1 3 1 1 3 2 2817 2 2 1 1 1 2 1 4 121 2 2 1 1 1 5 621 1 1 1 8 2 2 1 1 1 1 1 2 299 1 1 1 1 1 65 1 1 25 3 2 1 1 3 23 2 1 1 1 13 2 1 2 1 1 2 2 3 534 1 485 3 1 1 1 3 27 1 1 2 2 13535 26 1 2 1 15 1 1 5 1 32 16 2 2 1 1 1
21 2 1 5 1 1 1 1 2 2822 2 2 1 1 1 3 3 128 3 4 1 1 4 1 1 624 2 1 17 5 1 1 3 1 1 1 1 302 2 1 1 1 1 1 69 1 29 1 4 1 1 2 29 2 1 3 1 16 2 1 1 4 1 1 2 1 2 1024 4 1 1 1 3 2 31 1 2 13545 13543 1 1 25 1 1 1 13 1 1 2 2 12 12 7 4 1 1
30 2 1 1 8 1 1 1 1 2829 3 2 1 1 1 2 2 144 5 1 1 1 2 4 7 628 25 21 1 1 1 1 2 6 1 1 1 2 306 312 316 320 2 1 1 100 2 1 6 1 1 1 35 2 1 5 18 1 1 4 7 1 6 1 1 1 1 2 1033 2 1 1 1 4 3 32 13552 2 1 1 2 12 9 2 1 7 4 1 1 7 1 3 2 1 1 1
2 34 2 1 10 2 1 1 1 4 2842 2 2 1 1 1 2 3 146 1 1 1 1 2 2 661 3 2 2 1 1 1 2 10 2 1 1 1 2 2 2 3 326 331 337 443 2 1 8 3 1 1 3 43 6 19 2 1 1 2 3 11 9 1 1 1 1 1 2 1041 1 1 2 2 5 13603 2 1 1 3 1 5 6 6 1 3 3 3 1 1 4 1 1 1 1 1
3 39 2 1 1 14 1 1 3 1 3 2845 2 1 1 1 2 2 151 2 1 1 1 1 1 667 1 2 1 1 1 2 2 5 19 1 1 1 1 1 2 2 2 3 3 3 453 9 4 1 1 1 1 2 69 3 1 1 1 2 1 2 14 12 1 2 1 1 1 2 1043 1 1 3 13618 4 13 1 8 2 2 3 1 5 5 2 2 2 2 1 1 1 1 1 1 2
1 46 2 2 1 16 1 1 1 2 2 2856 2 2 1 1 1 3 156 2 1 1 2 1 1 670 3 1 1 1 2 2 3 1 2 21 2 1 1 1 1 1 2 2 2 3 3 472 2 2 1 1 1 2 80 2 2 1 1 4 1 1 2 32 3 2 1 1 1 1 3 1044 13631 13627 2 3 3 12 2 2 1 1 2 2 2 2 1 1 1 1 1 1 1 6 1 2
4 5 51 2 17 2 2 1 1 1 1 2858 3 2 1 1 2 1 162 4 1 1 4 3 2 678 2 1 1 1 6 4 1 1 2 6 25 2 1 1 1 1 1 1 2 2 2 2 480 2 2 1 1 1 82 3 2 2 1 5 1 1 2 1 42 2 2 1 1 1 2 14684 3 2 2 1 2 2 1 1 1 1 1 1 1 1 1 1 1 1 1 2 2 1 9 1
4 1 60 18 3 3 2 2 1 1 1 2 2864 3 1 1 1 1 172 2 1 1 1 5 684 2 1 1 1 2 12 2 1 1 1 2 10 37 5 2 1 1 1 1 1 1 1 1 2 488 2 1 1 1 2 88 3 2 1 8 1 1 2 3 2 51 2 2 1 1 2 14729 2 2 1 1 1 1 1 1 2 2 4 2 1 1 1 1 4 2 1 1 3 1 2 13
16 1 1 83 4 3 3 2 2 1 1 1 2870 1 1 1 2 174 2 1 1 1 1 2 692 1 1 1 1 3 6 16 2 1 1 1 1 2 41 9 2 1 1 2 1 1 1 1 1 2 513 2 1 1 1 99 3 2 9 1 1 1 1 1 2 2 60 2 1 1 14733 2 42 1 1 30 1 1 2 14 10 6 1 1 1 2 1 7 7 3 1 1 2 4 1 2
18 1 1 89 4 4 3 3 2 1 1 1 2873 2 1 1 2 179 3 1 1 1 2 2 702 1 2 1 1 2 3 28 2 1 1 1 1 1 2 56 2 1 1 2 3 2 3 1 1 17 2 519 1 1 1 2 102 10 2 2 1 3 1 1 1 2 3 70 1 1 14737 9 1 41 35 3 27 23 18 2 1 1 1 1 1 2 3 19 2 1 1 1 8 1 1 1
1 1 1 2 100 4 4 3 2 2 1 1 2877 2 1 1 2 185 3 2 1 1 2 3 706 3 2 1 1 2 3 4 36 2 2 1 1 1 1 2 60 2 1 1 3 7 10 15 16 1 1 521 2 1 1 1 120 3 3 2 1 5 1 1 1 2 3 3 77 1 14748 3 8 4 5 1 2 2 2 1 1 1 1 2 2 30 22 1 1 1 1 2 11 1 1 2
2 1 1 1 1 109 4 3 1 4 1 1 2881 3 1 1 2 191 2 2 1 1 2 3 710 3 1 1 2 3 4 5 1 50 2 2 1 1 1 1 66 2 1 2 1 1 1 1 1 1 1 1 527 1 1 1 121 4 3 1 7 2 3 1 1 2 2 2 1 78 14834 2 2 3 3 4 2 1 1 1 1 1 2 6 1 31 1 1 1 1 1 2 15 1 1 1
42 1 1 2 112 5 4 2 1 6 7 1 2898 1 1 1 2 196 1 1 2 1 4 8 714 3 1 1 2 3 1 2 8 8 66 4 2 1 1 1 70 2 1 3 1 2 2 3 1 2 2 1 1 533 1 1 1 132 2 1 15 5 1 1 1 1 1 1 1 14836 2 1 1 1 2 2 1 1 1 1 1 2 2 10 33 1 1 2 4 1 1 3 19 2 1 1
63 1 1 117 1 1 13 2 1 1 1 10 2903 2 1 1 4 200 3 1 3 1 1 2 726 1 2 1 1 1 5 6 7 5 6 78 8 2 1 1 1 75 77 1 4 2 98 103 108 115 121 125 1 132 673 1 1 133 2 16 4 3 2 1 1 1 1 1 2 14846 2 1 1 1 2 1 1 1 1 2 2 2 3 46 1 2 3 9 2 1 1 3 28 2 1 1
3 66 118 2 1 1 17 2 2 1 1 2 2907 2 1 1 2 208 1 1 4 1 1 2 730 3 2 2 1 1 2 3 4 5 5 3 84 97 3 1 1 1 1 80 83 93 2 1 3 3 3 128 131 5 678 2 1 1 152 9 4 3 2 1 1 2 2 2 2 14848 2 1 1 5 1 1 1 1 2 6 1 1 3 51 3 4 15 3 2 1 1 2 4 32 1 1
5 188 3 1 1 1 1 23 2 1 1 1 2909 2 1 1 1 212 1 1 6 1 1 1 741 3 3 2 1 1 2 3 4 4 2 2 2 14 116 6 1 1 1 1 2 3 1 2 2 2 2 2 4 4 4 689 1 1 167 4 2 1 1 1 2 2 3 3 14854 1 1 1 1 9 1 1 1 2 2 11 1 1 2 4 85 22 3 2 2 1 1 1 2 38 2 1
2 8 193 2 2 1 1 27 2 1 1 1 2 2913 1 1 1 218 2 1 8 1 1 1 743 4 5 2 1 1 1 2 3 1 1 1 13 4 4 129 2 1 1 1 1 1 1 1 1 1 1 3 3 3 3 4 697 1 169 1 1 2 1 1 2 3 3 4 14858 1 1 1 11 2 1 1 2 2 16 1 1 1 2 99 4 4 3 2 1 1 1 1 1 45 2 1
4 5 209 3 2 1 1 31 2 1 2 1 5 2917 3 1 1 221 2 9 1 3 1 1 2 753 1 4 1 1 2 3 1 1 9 12 3 3 1 1 134 2 1 1 1 3 1 1 1 1 2 2 2 2 3 1 5 868 1 1 3 1 1 2 2 8 1 4 14868 2 2 1 15 1 1 1 6 1 1 18 1 115 107 4 3 3 3 2 1 1 1 2 1 48 1 1
6 7 220 223 2 1 35 34 2 1 1 4 2 2930 1 1 1 1 233 1 1 6 1 1 1 757 7 1 1 1 2 1 5 7 2 2 2 3 1 1 2 140 2 1 1 1 6 9 13 1 1 1 1 2 2 4 3 875 6 4 1 1 2 18 11 1 1 1 2 14873 2 16 1 1 3 7 2 1 1 146 144 4 3 3 3 2 2 2 1 1 2 2 3 1 9259 9210
2 3 4 5 227 36 4 3 2 1 1 1 1 2934 2 1 1 2 240 2 1 9 1 1 1 766 2 1 1 2 2 3 1 1 1 1 2 2 8 2 1 1 146 1 1 1 1 1 2 14 2 1 1 1 1 2 2 885 1 1 1 2 25 2 1 1 1 2 3 14878 19 2 1 1 2 4 8 168 165 8 2 3 3 2 2 2 1 1 1 1 3 3 3 9264 2 2
2 3 4 5 274 5 1 3 1 1 3 1 1 2936 2 1 1 2 243 2 10 2 1 1 2 770 2 1 1 1 3 3 5 1 1 1 1 2 2 12 1 1 148 2 1 1 1 1 1 3 15 4 1 1 1 1 2 889 1 1 2 33 2 1 1 1 1 2 1 15153 236 234 224 213 209 203 192 21 5 3 7 1 2 2 1 1 1 1 1 1 2 6 4 9276 1 1
1 2 3 4 5 281 4 2 1 1 7 1 1 2 2940 1 1 1 2 258 3 1 1 1 2 775 1 1 1 2 2 6 10 1 1 2 1 1 2 19 1 1 1 153 2 1 1 2 1 2 4 16 7 1 1 1 1 893 1 1 41 2 2 1 1 2 2 1 15160 2 16 1 8 9 1 1 2 2 20 4 2 6 1 1 1 1 1 3 1 1 1 1 9287 2 1 1
1 1 2 3 4 295 3 2 1 1 1 10 1 1 2948 2 1 1 2 3 263 2 1 1 2 783 1 1 2 4 3 1 8 13 1 1 3 1 1 2 22 1 1 2 159 1 1 2 3 2 3 21 9 2 1 1 1 895 51 48 2 2 1 1 1 1 3 15178 11 1 1 15 4 7 8 1 1 5 11 3 3 1 4 1 1 1 2 6 2 1 1 2 9291 1 1 1
1 1 2 3 4 5 301 2 2 1 1 2 13 1 2965 2 1 1 2 3 269 2 1 1 2 787 1 1 1 2 7 4 1 9 16 1 1 4 1 2 29 1 1 1 2 163 2 3 1 4 3 214 237 255 1 1 2 955 3 2 2 1 1 1 1 2 15185 1 2 10 1 7 2 3 6 7 4 1 6 3 2 2 1 1 1 2 2 11 1 1 2 9298 2 1 1 1
1 1 2 3 4 5 314 3 2 1 1 1 2 14 2970 2 1 1 1 1 279 3 1 1 2 789 1 1 2 3 4 12 5 2 10 19 5 1 1 1 2 31 1 1 2 3 170 180 187 195 207 1 5 5 266 1 963 3 2 2 1 1 1 1 2 15193 2 2 1 6 3 1 5 1 2 5 6 3 3 2 2 1 1 1 1 2 3 15 1 1 9304 2 1 1 2 10
1 1 2 3 4 5 6 326 2 2 1 1 1 4 2975 2 1 1 2 2 284 2 1 1 793 2 1 1 2 1 2 3 18 25 31 45 25 2 1 1 2 35 1 1 2 3 4 5 3 7 4 4 4 4 4 267 965 2 2 1 1 1 1 2 15208 7 2 1 1 1 4 2 2 2 1 3 1 5 2 2 1 1 1 1 2 2 3 19 1 2 9394 1 1 83 82 65
1 1 1 2 3 4 5 334 3 2 2 1 1 2 3 2979 2 1 1 287 2 1 1 1 800 1 1 1 4 1 1 2 1 3 3 3 52 83 2 1 1 39 1 1 2 3 4 2 6 3 3 3 3 3 3 1242 1 1 1 1 1 1 2 15210 2 2 6 1 2 1 2 1 1 1 1 1 1 2 2 1 1 1 1 3 2 3 6 4 20 9401 2 89 87 2 2 2
1 3 1 1 3 4 1 338 3 3 2 1 1 2 2 2991 2 1 1 293 1 1 1 802 2 1 1 6 2 1 1 1 2 2 2 3 3 4 91 96 98 42 1 1 2 3 1 5 2 2 2 2 2 2 1 1245 1 4 2 1 1 2 2 15217 1 1 1 5 1 1 1 1 1 1 1 1 1 1 1 1 1 3 1 1 6 1 1 7 9555 125 1 1 1 1 1 1
6 2 1 1 1 4 10 353 1 9 2 1 1 1 2 2993 2 1 1 295 1 1 2 810 1 1 1 10 2 1 1 2 1 1 2 2 3 3 2 2 1 142 1 1 2 3 4 1 1 1 1 1 1 1 1 1248 5 2 1 1 1 2 15228 3 1 1 1 1 1 3 1 1 2 2 11 8 5 2 1 1 1 1 4 2 8 1 2 9568 2 4 124 117 1 1 1 1
2 1 1 1 2 1 3 3 354 13 2 2 1 1 1 2 3000 2 1 297 1 1 2 812 1 1 1 14 2 1 2 1 3 1 1 2 2 1 1 2 15 145 2 1 1 2 1 1 1 1 1 1 1 1 2 16 1256 1 1 1 2 2 15354 1 2 2 2 1 1 5 1 2 5 12 1 2 1 1 1 1 3 1 2 5 3 9 9584 2 2 1 3 6 115 2 2 2
1 1 1 2 1 2 2 2 8 370 3 2 1 1 1 1 2 3006 298 1 1 1 819 2 1 1 2 18 2 1 4 4 1 1 1 1 2 1 1 10 3 163 2 1 1 2 7 12 2 2 2 3 1 2 15 3 1274 1 1 1 2 15362 2 125 3 3 2 1 1 7 2 8 13 2 5 1 1 1 2 1 2 4 2 3 6 4 9586 1 1 1 2 5 2 109 101 3
2 1 1 4 1 1 1 2 2 386 3 2 2 1 1 1 1 3306 2 1 1 822 2 1 1 1 2 3 19 8 5 2 1 2 1 1 1 5 9 2 1 169 1 1 1 2 3 3 17 5 1 4 9 11 2 2 1279 1 1 2 15371 2 1 1 124 96 2 1 1 9 46 31 13 9 2 1 1 4 1 1 2 3 5 3 4 9635 32 1 1 1 1 4 1 2 3 95
2 1 6 2 1 1 1 1 2 2 392 3 2 1 1 2 1 2 3310 1 1 829 2 1 1 1 2 3 4 20 16 2 1 1 4 1 1 2 1 3 1 172 2 1 1 2 2 1 5 29 1 1 1 1 1 1 3 16660 15380 15373 2 1 1 2 17 2 91 88 71 59 4 4 4 1 1 1 1 2 7 3 1 3 7 6 4 9637 2 31 7 4 2 2 1 1 2 16
105 7 3 4 2 1 1 1 1 2 402 3 2 1 1 2 3 1 3317 1 1 831 1 1 1 2 4 10 1 1 21 20 1 1 2 8 1 1 2 1 6 176 2 1 1 1 2 4 1 6 38 1 1 1 1 1 16668 2 1 1 1 1 1 2 14 1 2 13 1 2 8 3 3 3 1 1 1 2 1 9 5 1 1 8 9651 2 1 1 22 1 1 1 1 1 1 14
2 120 5 1 2 2 1 1 1 2 406 3 2 1 1 2 3 4 3319 1 1 833 3 2 1 1 2 16 2 1 42 1 3 1 1 1 9 1 1 1 1 185 2 2 1 1 1 2 5 3 1 41 1 1 2 16686 11 1 1 1 1 1 1 1 10 2 1 2 10 1 5 2 2 2 1 1 5 1 1 2 10 6 2 9663 1 1 1 1 1 20 16 10 3 1 2 4
2 2 131 3 3 2 2 1 1 1 410 5 2 1 2 2 3 3329 1 1 1 838 1 1 1 2 3 21 2 1 1 43 6 2 1 1 2 12 1 1 1 193 3 2 1 1 1 2 2 2 4 44 1 1 16688 2 2 10 2 2 2 1 1 1 2 9 1 1 6 3 2 2 1 1 1 1 2 7 1 1 3 11 9696 20 1 1 1 7 3 3 3 2 6 1 1 3
1 2 2 142 3 3 2 1 1 1 417 2 1 1 3 3 3339 2 1 1 3 848 2 1 1 2 1 28 2 1 1 52 1 1 4 1 2 16 1 1 2 199 3 1 3 1 1 1 1 1 3 49 1 2 16695 2 1 1 7 3 2 16 12 8 4 1 8 1 1 4 2 1 1 1 1 1 2 3 9 1 2 9716 2 4 19 15 11 2 2 2 2 2 1 5 2 2
1 1 1 1 144 154 2 1 1 2 421 2 1 1 1 3346 3 2 1 1 2 2 855 1 1 4 1 2 35 1 1 2 53 2 2 5 2 3 17 2 2 203 3 1 5 1 1 1 1 1 9 4 50 16703 2 1 1 1 4 3 22 3 2 2 1 3 1 5 2 2 1 1 1 1 2 2 2 3 4 10 9726 2 3 1 3 2 2 1 1 1 1 1 1 1 1 1
1 1 1 1 1 2 161 2 1 1 427 1 1 1 1 3355 2 2 1 1 1 2 2 857 1 1 5 1 37 1 1 1 4 54 3 10 1 1 4 18 208 3 2 1 7 1 2 1 3 6 11 10 16758 1 2 1 2 1 1 31 3 2 2 1 1 1 1 1 1 1 1 1 1 3 1 3 3 3 4 9748 3 4 1 2 1 1 1 1 1 1 1 1 1 1 1 1
1 2 1 2 1 1 1 164 168 600 1 1 1 2 2 3357 1 1 1 1 1 1 1 863 2 1 1 6 39 2 1 1 2 64 11 2 1 1 2 5 233 3 2 1 8 1 2 3 1 10 2 12 16776 6 5 1 3 44 38 3 2 2 1 1 1 1 1 1 1 1 1 1 2 2 4 2 4 9764 9751 2 2 2 3 1 1 1 1 1 2 3 2 2 1 3 2 2
4 1 2 1 3 1 1 1 2 2 606 1 1 2 3362 2 1 1 2 1 1 1 1 2 872 2 1 49 48 2 1 1 2 4 78 2 1 1 2 3 241 2 1 1 10 1 1 4 9 1 1 3 16857 64 1 4 52 4 3 3 2 1 1 1 1 2 4 1 1 2 2 2 2 3 3 5 9779 2 2 2 1 1 1 1 1 1 2 5 15 10 6 2 1 6 3 3
3842 3845 3 2 4 1 2 1 1 1 1 611 1 1 3372 2 1 1 5 2 2 1 1 1 873 2 51 1 3 5 1 1 1 2 8 82 1 1 2 3 246 1 2 1 12 1 1 1 1 1 1 16862 12 4 62 58 3 3 3 2 2 1 1 1 2 8 2 1 4 1 1 3 3 3 4 4 9781 1 1 1 1 1 1 1 1 2 29 19 2 1 1 1 8 4 1 6
1 3847 3851 3 5 2 1 3 1 1 1 7 612 3374 3 2 1 1 2 10 2 1 1 1 876 54 2 1 1 2 8 1 1 1 2 92 1 1 2 252 4 3 2 13 3 1 1 2 1 2 2 16879 2 11 3 3 2 2 2 2 1 1 1 3 2 13 2 8 2 1 1 2 4 4 4 9938 147 1 1 1 2 2 1 1 2 69 33 1 1 1 1 1 13 2 1 14
1 1 2 3860 6 3 2 4 2 4 6 2 8 3994 2 2 1 1 2 15 2 1 1 2 935 1 1 1 1 1 4 14 1 1 28 126 1 1 2 263 4 3 14 4 2 1 1 4 1 2 16890 2 1 1 10 2 2 1 1 1 1 1 1 1 4 31 12 2 1 1 2 2 3 5 9951 2 1 146 142 138 133 2 1 1 79 4 3 32 1 1 23 19 4 1 17 1
1 2 3 1 3872 4 3 5 1 1 1 1 4005 1 2 1 1 1 3 20 2 1 1 4 943 2 1 1 2 2 3 18 1 27 2 11 141 1 2 282 16 15 5 4 1 1 1 2 16910 16898 4 4 1 5 2 2 1 1 1 1 1 1 2 4 37 2 1 1 1 1 2 3 3 9963 2 2 1 1 1 2 2 130 119 82 1 2 3 2 30 28 2 1 1 18 1 1
1 1 2 4 2 3885 1 6 2 1 1 1 4011 1 1 1 1 1 2 6 24 1 1 1 2 945 2 1 1 3 4 5 24 1 10 2 3 142 286 8 7 6 5 1 1 1 16930 16928 12 4 3 3 3 2 2 1 1 1 1 2 3 1 2 1 44 1 1 1 1 1 2 3 9973 2 1 1 1 1 1 1 5 1 1 35 1 1 1 2 1 1 1 1 19 12 10 8
1 1 1 1 3 3 3892 7 3 2 2 1 1 4013 1 1 1 2 1 2 34 1 1 1 1 952 2 2 1 1 2 3 4 9 1 2 2 7 437 1 1 6 1 1 2 16936 2 1 1 11 3 2 2 2 1 1 1 1 3 1 7 3 1 1 47 1 1 1 2 2 2 9982 2 1 1 1 2 1 1 1 3 1 1 2 31 1 1 1 1 1 1 20 16 3 2 1
2 1 1 2 2 2 3 3906 4 3 3 1 1 4016 2 1 1 2 3 4 5 37 1 1 1 5 963 2 1 1 2 3 4 1 1 1 1 2 446 2 1 1 7 2 16949 6 1 1 1 2 7 2 1 1 1 1 1 2 6 1 1 12 1 1 50 1 1 2 2 10123 10120 80 1 1 2 3 2 2 2 1 1 2 1 1 25 2 2 1 1 1 23 17 1 1 1 1
2 1 1 1 1 2 3 3 3914 3925 3935 2 1 4020 2 1 1 2 3 1 2 46 1 1 4 1 970 2 1 1 1 2 3 1 3 4 1 14 465 1 1 2 16972 16957 4 3 5 2 1 1 4 1 1 1 1 1 2 2 10 1 1 15 1 1 10195 10193 10139 10133 10129 3 36 17 79 76 70 21 17 13 9 6 3 1 1 2 2 20 8 1 1 2 43 1 3 2 1 1
2 2 1 1 1 2 2 4 3 6 4 3943 3949 7976 2 1 1 2 3 4 5 53 1 1 2 4 3 981 2 1 1 1 1 4 1 1 13 2 1 466 16985 16978 4 4 3 3 2 2 1 1 1 1 1 1 2 2 2 3 3 10277 10266 10245 10242 10233 2 2 1 1 1 2 2 35 16 2 3 45 1 1 1 1 1 1 1 1 2 3 4 5 1 47 1 1 2 7 1 1
3 2 2 1 1 1 3 2 5 3 3 3 3 4 7989 2 1 1 4 4 5 55 1 1 1 2 2 3 988 1 1 2 2 2 6 7 1 1 3 17470 2 2 1 3 3 2 2 1 1 1 1 1 1 2 4 1 3 10303 10300 3 2 1 1 7 35 1 1 1 1 1 2 2 30 15 1 2 44 1 1 1 1 1 1 1 2 2 1 1 1 48 1 1 1 12 2 1
6 3 2 1 1 2 1 4 2 2 2 2 3 3 7994 2 1 1 1 6 1 62 1 1 1 1 2 2 2 994 3 1 3 3 1 1 1 1 2 17475 12 1 1 3 2 2 1 1 1 1 2 2 2 2 3 5 10317 2 2 11 2 1 1 2 3 34 2 1 1 1 1 2 26 1 14 1 2 40 33 2 2 2 1 1 1 1 1 1 1 2 51 1 1 15 2 1
4 3 2 1 1 2 3 1 1 1 1 2 2 2 3 7996 2 1 1 1 8 2 65 1 1 1 1 1 1 2 998 1004 1010 4 3 2 1 1 17483 2 4 11 8 2 2 1 1 1 1 2 2 3 3 3 10337 10334 4 3 1 1 10 1 1 2 3 2 26 18 1 1 1 1 24 1 8 4 1 2 3 29 3 12 8 4 1 1 1 1 2 3 58 2 1 18 2 2
