02_Arimura/02_MK_TOPO/01_RR_DR/output/flowAcc_inRR.asc
ncols  240
nrows  260
xllcorner     -32410.000
yllcorner    -160030.000
cellsize     10.000
NODATA_value    0
[rows 0 to 73 of 260, columns 96 to 191 of 240]
1 1 1 1 1 1 1 1 1 1 1 1 1 1 1 1 1 1 1 1 1 1 1 1 1 1 1 1 1 1 1 1 1 1 1 1 1 1 1 1 1 1 1 1 1 1 1 1 1 1 1 1 1 1 1 1 1 1 1 1 1 1 1 1 1 1 1 1 1 1 1 1 1 1 1 1 1 1 1 1 1 1 1 1 1 1 1 1 1 1 1 1 1 1 1 1
1 1 1 2 3 1 33 37 3 1 1 1 1 1 1 20 24 3 1 3 3 4 4 6 5 4 1 1 1 2 2 6 11 15 2 1 1 1 1 1 3 7 2 2 1 1 1 1 1 2 3 1 1 1 1 375 379 388 389 391 394 399 403 408 410 3 3 2 1 1 1 325 2 2 1 1 1 1 1 1 2 2 275 3 2 2 1 1 8 1 1 2 1 2 219 2
2 11 14 17 24 28 31 2 2 2 7 11 14 17 19 1 2 2 2 2 3 3 5 3 1 3 3 1 1 1 2 2 2 3 23 27 1 1 1 1 1 1 1 1 1 1 1 1 2 2 3 4 2 369 373 2 3 2 1 1 1 1 2 3 1 2 2 1 1 1 318 2 2 1 1 1 1 1 2 2 2 262 6 3 2 1 1 1 6 1 2 3 6 8 213 2
7 1 1 1 2 2 1 1 1 2 2 2 2 1 1 1 1 1 1 2 2 2 2 2 2 2 2 8 1 1 1 1 2 2 2 29 2 2 2 1 1 1 1 1 1 2 2 2 2 3 3 4 359 3 2 2 1 2 1 1 1 1 1 1 1 1 1 1 1 2 311 2 1 1 1 1 2 2 2 3 253 4 3 2 2 1 1 5 1 2 43 44 45 201 2 1
1 1 1 1 1 1 1 1 1 1 1 1 1 1 3 1 1 1 1 1 1 1 1 1 1 1 1 1 11 1 1 1 1 1 1 2 34 39 2 1 2 2 2 2 1 2 3 3 5 1 4 345 3 2 2 1 1 1 1 1 2 2 3 4 1 1 1 2 2 307 2 1 1 1 1 2 2 3 224 239 2 6 3 2 1 1 3 1 2 39 1 1 151 2 2 1
1 3 2 1 1 1 2 3 1 1 1 1 1 2 6 2 2 1 1 1 1 1 1 1 1 1 1 1 1 13 2 1 1 1 1 1 2 1 43 3 3 1 1 3 4 1 3 4 4 6 331 3 3 2 1 1 1 1 1 3 5 3 1 1 5 2 2 2 300 2 1 1 1 1 2 116 212 218 3 2 7 1 5 2 1 2 1 2 34 1 1 1 149 2 1 1
141 152 155 159 163 166 170 176 178 2 1 3 1 2 5 17 2 1 1 2 2 4 4 1 1 2 4 7 10 15 4 1 3 1 1 1 1 47 4 4 2 2 4 1 1 5 2 289 308 316 4 3 2 2 1 1 1 2 2 1 1 6 4 2 2 6 3 291 2 2 1 1 1 6 111 1 1 92 3 2 1 6 2 2 1 1 1 2 30 1 1 2 142 1 1 1
3 3 2 2 1 1 1 1 1 182 184 4 2 1 1 1 19 24 3 1 1 1 7 15 1 1 1 1 2 14 32 40 45 51 56 64 65 68 56 3 3 1 1 5 2 263 283 6 4 4 3 3 2 1 1 1 2 2 3 3 2 2 7 5 3 134 143 140 2 1 1 1 3 101 1 1 85 4 2 2 1 4 1 1 1 1 1 24 2 1 1 137 2 2 1 1
2 1 1 1 1 1 1 1 1 1 1 185 7 2 1 1 1 1 28 3 1 1 1 1 18 2 1 1 1 2 3 3 2 3 3 1 2 2 72 130 160 167 174 178 261 4 7 3 5 3 3 2 2 1 1 1 2 3 3 4 4 3 3 8 128 2 1 137 2 1 1 1 98 1 1 1 82 2 3 1 1 2 1 1 1 1 20 1 1 1 124 133 2 1 1 1
1 1 1 1 2 2 2 2 3 1 2 2 1067 3 2 2 2 1 2 33 1 1 1 1 1 22 2 1 1 2 2 1 2 1 1 1 1 1 1 26 3 5 2 1 1 73 3 6 2 4 2 2 1 1 1 3 6 10 14 4 5 15 20 113 1 1 1 134 1 1 1 93 2 1 1 2 74 4 1 2 1 1 1 1 2 6 10 1 1 123 1 6 1 1 1 2
1 2 2 2 841 846 853 854 858 865 869 871 1 1069 1074 1081 1086 1087 1105 1145 1148 1 2 2 1 1 25 2 1 1 1 1 1 1 1 1 1 20 25 2 2 1 1 1 61 64 8 2 5 1 3 1 1 1 1 1 1 1 1 15 5 1 86 2 1 1 2 129 1 1 87 2 1 1 1 70 2 1 3 1 1 1 3 5 2 8 1 2 3 121 2 2 1 1 1 2
823 828 835 837 2 1 1 1 1 1 1 1 1 1 1 1 2 16 3 1 2 1152 1155 1162 1167 26 3 1 2 1 1 1 1 3 1 2 19 2 1 1 1 1 1 2 55 5 2 7 1 4 1 1 1 1 2 11 12 1 2 56 78 82 2 1 1 1 126 1 1 1 85 1 1 2 3 68 2 1 2 1 1 2 1 1 6 1 1 1 2 113 2 1 1 1 2 2
3 1 1 1 1 1 1 1 1 1 1 1 1 1 1 1 13 2 2 1 1 1 1 1 2 1169 1200 4 1 2 2 1 2 2 6 10 3 1 1 1 1 1 1 46 2 4 4 1 6 2 1 1 3 5 7 1 1 13 52 4 2 2 1 1 1 2 121 1 1 81 2 1 1 2 3 58 1 1 1 1 2 2 3 11 14 1 2 3 107 3 2 1 1 1 8 20
2 1 1 1 1 1 2 2 2 2 2 2 2 2 2 11 1 1 1 1 1 1 1 1 1 1 1 1207 2 3 3 2 3 1 1 1 1 1 1 1 2 2 36 4 4 1 3 3 3 2 1 1 1 1 1 1 2 34 3 2 1 1 1 1 1 118 1 1 1 75 1 1 1 2 5 50 2 1 1 3 2 3 6 1 1 15 48 98 3 2 2 1 1 5 9 2
1 1 2 2 3 1 2 3 3 3 3 3 3 3 6 1 1 1 1 1 3 2 2 1 1 1 1 1 1499 1506 4 3 4 2 1 1 1 1 1 2 2 24 4 4 3 3 2 2 2 1 1 1 1 2 2 2 27 2 1 2 1 1 1 1 113 2 1 1 72 1 2 1 1 2 2 45 2 1 1 1 5 8 1 1 1 32 43 3 3 2 1 1 2 5 3 1
1 1 2 3 3 5 3 1 4 4 4 4 4 4 1 1 2 2 1 2 2 4 3 3 2 2 286 290 1 4 1516 1536 1541 3 2 2 1 2 2 8 16 3 3 3 2 2 1 1 1 1 1 2 2 2 3 20 2 1 1 1 1 1 2 107 2 1 1 4 63 2 1 1 1 1 1 28 15 2 1 1 1 1 17 24 29 36 3 3 2 2 1 1 2 2 2 2
2 82 90 94 98 112 4 1 2 149 160 166 176 181 195 205 208 223 225 1 3 246 254 262 277 282 2 1 3 5 5 7 4 1552 3 3 2 1 4 2 3 2 2 2 1 1 1 1 1 1 2 2 3 3 12 1 1 1 1 1 1 2 2 98 3 1 3 1 1 60 7 1 1 1 24 2 1 12 1 1 4 7 5 3 3 30 2 2 2 1 1 1 1 1 1 1
78 4 2 1 5 5 125 135 142 2 4 1 5 9 8 1 2 8 4 238 240 3 4 2 9 2 1 2 4 4 6 3 3 4 1563 4 3 2 1 1 2 1 1 1 1 1 1 2 4 2 2 3 3 4 1 1 1 1 1 2 2 2 91 3 3 2 1 1 2 47 3 4 1 1 20 1 1 9 1 1 1 4 2 2 22 5 2 1 1 1 1 1 1 1 1 1
4 3 1 4 4 7 5 2 3 1 3 4 8 5 2 1 7 3 3 4 1 2 3 1 8 1 1 3 3 5 2 2 3 3 3 1576 1 3 1 1 1 1 1 1 1 2 2 2 1 5 3 3 4 4 1 1 1 2 2 2 3 70 13 3 2 2 1 1 2 41 3 2 1 1 2 16 1 6 1 1 3 1 1 2 19 3 1 1 1 1 1 2 2 2 2 2
1 2 3 3 6 2 2 1 2 2 3 7 2 2 1 2 4 2 2 2 1 1 2 2 4 1 2 2 4 1 1 2 2 2 2 2 1640 2 1 2 1 2 3 2 3 3 3 1 3 2 6 4 4 5 5 2 35 37 3 54 59 5 10 2 2 1 1 1 7 5 28 2 1 1 1 14 1 4 1 1 1 1 1 16 2 2 1 1 1 2 14 2 3 33 40 46
1 2 2 3 2 1 1 1 1 2 4 2 1 1 1 1 1 1 1 1 1 1 1 2 1 1 1 1 1 1 1 1 1 1 1 57 2 1647 3 1 2 1 1 4 3 4 4 4 2 4 3 7 12 17 23 29 33 1 44 4 2 3 1 9 1 1 3 6 4 5 20 2 1 1 4 7 1 2 1 2 1 2 13 2 1 1 1 5 7 10 3 21 27 4 2 1
1 1 1 1 1 1 1 1 1 1 1 1 1 1 1 1 1 1 1 1 1 1 1 1 1 1 1 1 1 1 1 1 2 1 56 1 1 2 1651 1674 1 2 2 1 5 4 5 9 1 3 5 4 1 1 1 1 1 2 3 2 1 1 2 3 5 2 2 3 4 13 4 2 1 2 1 4 1 1 1 1 4 8 1 1 1 1 1 1 1 2 3 2 1 3 1 6
2 1 1 1 1 1 2 2 2 1 1 1 1 1 2 2 2 2 3 2 2 2 1 1 2 2 2 2 2 2 3 1 1 3 50 1 1 1 1 15 1687 1693 1700 1704 1712 1717 1726 1731 11 4 6 5 2 2 2 2 1 1 1 1 1 1 2 4 1 1 2 3 3 8 1 3 1 1 1 1 1 1 1 1 1 1 1 3 5 8 11 1 1 1 1 1 2 2 5 3
4 1 2 2 2 2 2 3 3 3 2 2 2 2 7 11 15 19 24 30 37 3 2 2 1 3 7 11 16 21 29 37 42 45 4 1 1 1 14 12 4 1 1 2 2 3 1730 1735 1751 5 13 20 3 1 5 3 2 1 1 1 1 1 1 1 1 1 2 2 4 2 1 1 1 1 1 1 1 1 2 2 2 1 1 1 1 1 12 2 1 1 1 1 1 2 2 3
26 34 39 45 1 59 62 65 4 4 4 3 3 3 1 1 1 2 2 2 2 48 3 3 2 1 1 2 2 5 1 2 3 2 3 1 6 12 2 7 2 3 1 1 2 3 3 1739 1755 1 1 1 23 28 32 45 1 2 3 1 2 1 1 1 1 1 1 1 1 1 1 1 1 1 2 3 1 2 2 3 3 4 1 1 1 1 1 13 5 2 1 1 1 1 2 3
2 2 3 48 52 4 4 1 70 5 5 4 4 1 1 1 1 1 1 1 5 3 54 7 3 1 1 1 2 2 1 1 1 1 2 3 2 2 1 4 2 1 2 1 2 2 3 3 1758 1 1 1 1 2 2 4 52 6 2 3 2 2 2 2 1 1 1 1 1 1 1 3 6 9 14 1 4 2 5 4 1 4 9 12 15 19 23 27 21 2 2 1 1 1 1 1
1 2 2 2 3 3 3 10 15 94 104 5 5 2 2 2 1 2 3 4 2 2 2 65 4 2 1 1 1 1 2 1 1 1 1 1 1 1 1 1 1 1 1 1 1 2 2 2 3 1764 1 1 1 1 3 1 3 66 4 3 3 3 3 2 2 2 2 2 2 1 1 1 1 1 1 18 1 37 1 10 2 1 1 1 2 2 2 3 33 61 2 2 1 1 1 1
1 1 1 2 2 2 2 3 3 4 7 116 131 135 3 3 1 1 1 1 1 1 1 2 75 2 1 1 1 1 1 4 3 1 1 1 1 1 1 1 1 1 1 1 1 1 1 2 2 5 1767 1 1 1 1 2 2 2 79 83 4 4 3 3 3 1 1 7 2 1 1 1 2 4 1 1 29 1 40 1 13 2 1 1 1 1 2 2 2 3 66 2 2 1 1 3
1 1 1 1 1 1 2 2 3 6 4 4 1 9 136 7 2 2 2 1 1 1 1 1 2 81 2 2 2 1 1 1 6 11 14 19 2 2 1 4 2 1 3 1 1 1 1 1 2 2 1778 2 1 1 1 1 1 1 2 2 95 4 4 4 2 2 1 1 11 2 1 1 1 1 7 9 3 6 1 42 14 1 4 1 1 1 1 1 2 2 75 3 2 1 1 1
2 2 1 1 1 1 1 2 5 3 3 4 8 1 18 159 8 5 3 3 1 2 1 1 1 85 3 1 3 3 1 1 1 1 2 2 23 28 33 37 48 4 2 2 2 1 1 1 1 2 2 1788 2 1 1 1 1 1 1 1 1 105 5 3 3 1 2 1 15 2 2 1 1 1 1 2 2 3 7 2 63 16 1 6 2 1 1 1 1 1 2 81 2 2 1 1
3 3 2 2 1 2 1 4 2 2 3 3 2 7 4 3 167 179 188 197 2 3 2 1 1 2 92 93 4 5 2 1 1 1 1 1 2 2 2 3 3 53 59 63 71 73 1 1 1 1 2 1790 2 2 1 1 3 1 1 1 1 112 4 4 2 3 1 1 19 3 4 2 1 1 1 1 2 2 8 20 2 84 2 7 3 2 2 1 1 1 1 90 3 2 1 1
4 1 4 5 2 1 3 1 1 2 2 1 4 3 2 4 3 3 2 6 206 214 219 2 1 1 1 94 5 1 9 2 1 1 1 1 1 1 2 2 1 1 1 1 1 2 79 1 1 1 1 2 1798 2 2 1 1 5 1 2 2 117 5 3 4 2 1 1 24 5 1 2 2 1 1 1 1 2 2 1 2 2 98 1 4 3 3 2 2 1 1 92 3 2 2 1
10 2 5 6 3 2 1 1 1 1 1 3 2 1 3 2 2 1 5 2 2 2 3 225 233 2 1 1 101 1 1 15 2 2 1 1 1 1 1 1 1 1 1 1 1 1 2 85 1 1 1 1 2 1806 2 1 1 2 6 2 128 6 4 5 3 2 1 1 31 2 3 1 4 2 1 1 1 1 2 1 1 2 2 108 4 4 3 3 1 1 2 101 3 5 2 1
309 321 8 7 4 3 2 2 1 1 1 1 1 2 1 1 2 4 1 1 1 2 2 3 3 242 2 1 103 1 1 1 20 26 2 2 1 1 1 2 5 3 2 1 1 1 1 2 91 1 1 1 1 1 1813 1815 1 1 3 7 132 1 1 14 3 2 2 1 34 4 2 5 1 4 2 1 1 1 1 4 1 1 2 2 120 4 4 2 1 1 2 102 11 5 4 2
1 2 325 335 349 4 3 3 2 2 1 1 1 1 1 1 1 2 4 1 1 1 2 2 2 3 251 104 2 1 1 1 2 2 34 2 2 1 1 1 1 7 15 2 1 1 1 1 2 96 99 1 1 1 1 2 1821 1 1 145 141 1 1 19 3 3 2 35 5 3 1 7 1 7 2 1 2 1 1 1 6 1 1 1 2 127 5 4 1 1 2 116 2 1 2 1
1 1 1 2 2 354 364 4 3 3 2 2 2 2 2 1 1 1 1 7 2 1 1 1 2 2 2 362 2 2 1 1 1 1 1 36 43 2 2 1 1 1 2 22 2 1 1 1 1 1 2 105 2 1 1 1 1824 2 1 148 2 1 1 24 28 3 36 6 4 2 8 1 1 11 2 1 4 1 1 2 1 7 1 1 1 2 130 139 146 1 2 121 5 4 1 1
1 1 1 1 2 2 2 368 8 4 3 3 3 3 3 2 1 1 1 1 12 1 1 1 1 1 2 2 367 2 1 1 2 1 1 1 1 48 53 2 1 1 1 2 29 2 1 1 1 1 2 2 113 1 1 1 1 1830 149 1 2 1 1 30 1 41 7 5 3 9 2 1 1 16 2 1 1 7 1 1 4 10 1 1 1 2 3 1 2 150 277 6 3 2 1 1
19 23 27 1 1 1 1 41 413 429 437 441 4 4 4 3 2 2 1 1 1 15 3 1 1 1 1 2 375 2 1 1 1 7 1 1 1 1 2 60 1 1 1 1 2 36 2 2 1 1 1 2 2 116 1 1 1 2 1984 3 1 1 1 2 33 49 1 1 18 3 2 1 1 2 20 2 1 9 1 1 1 7 13 1 1 2 1 1 1 2 2 287 1 1 1 1
1 3 29 31 1 37 40 3 3 4 1 442 5 5 1 8 3 3 2 1 1 1 18 24 27 1 1 1 37 420 2 1 1 2 13 1 1 1 1 2 66 1 1 1 1 2 40 6 1 1 1 1 2 123 2 1 1 1 2 1995 2 1 1 1 1 85 1 1 24 3 2 1 1 2 25 2 10 1 3 1 1 2 24 1 1 1 4 1 1 1 2 297 2 3 1 1
2 1 1 2 35 2 2 2 3 3 7 12 448 6 1 10 4 4 3 2 1 1 1 1 2 31 34 36 2 423 2 1 1 1 2 16 1 1 1 1 2 72 1 1 1 1 1 48 1 1 2 1 1 2 127 1 1 1 2 2 2003 2005 2 1 1 1 87 1 1 30 2 1 1 1 31 11 2 1 5 1 1 2 4 31 1 1 7 1 1 1 2 2 301 1 1 1
1 1 1 1 1 1 1 2 2 3 3 3 18 469 481 486 15 5 4 3 2 1 1 1 1 1 1 1 2 2 431 1 1 1 1 22 2 1 1 1 1 2 77 1 1 1 1 51 1 1 4 1 1 1 133 2 1 1 1 2 2 2 2012 2 2 90 2 2 1 33 2 2 1 1 1 45 2 1 7 1 1 1 2 3 35 2 10 3 1 1 1 2 310 2 2 1
1 3 1 1 1 1 1 1 2 2 2 2 2 5 3 3 492 510 519 530 3 2 2 1 1 1 1 1 1 1 433 2 1 1 1 1 28 2 1 1 1 1 80 2 1 1 2 54 1 1 7 1 1 1 2 140 1 1 1 1 1 1 2 2018 1 1 91 2124 2162 3 3 2 2 1 1 3 49 8 2 1 1 1 1 2 3 36 16 3 2 1 1 1 2 313 2 1
39 47 2 2 2 2 1 1 1 1 1 1 4 2 2 2 2 3 3 4 538 547 3 2 2 2 2 1 1 1 1 439 2 1 1 1 1 33 2 1 1 1 2 85 87 1 2 60 1 1 12 2 1 1 1 2 146 1 1 1 1 1 1 2 2022 2026 2028 3 3 2365 3 3 2 1 1 1 62 3 2 2 1 1 1 1 2 4 56 2 1 1 1 1 1 320 2 1
3 3 54 60 68 3 2 1 1 1 2 3 1 1 1 1 2 2 3 3 3 4 558 564 3 3 1 4 2 1 1 1 1064 1072 1 1 1 1 37 2 1 1 2 4 88 1 64 2 1 1 2 16 1 1 1 1 2 151 155 163 1 1 1 1 1 1 2 2 193 6 2383 3 2 2 1 1 1 70 3 2 2 1 1 2 1 3 68 2 1 1 3 1 1 2 328 1
2 3 3 3 4 79 3 2 2 1 1 1 2 1 1 1 1 2 2 2 3 3 3 3 573 4 1 2 5 607 619 623 3 1 1078 1080 2 1 1 41 1 1 1 1 7 89 68 1 1 1 2 23 2 1 1 1 2 2 2 2 169 174 178 181 186 1 1 192 5 5 5 2398 3 2 2 1 1 1 77 3 2 2 1 1 3 70 3 2 1 1 6 1 1 1 330 2
2 2 2 3 3 3 86 6 3 2 2 1 1 4 1 2 1 1 1 2 2 2 2 2 2 577 584 588 599 5 5 3 2 1 1 2 1087 1108 43 2 2 1 1 1 1 8 159 1 1 1 1 2 27 2 1 1 1 1 1 5 3 2 2 2 2 188 191 4 4 4 4 5 2413 3 2 1 1 1 1 78 8 2 1 1 2 77 2 1 1 1 9 1 1 1 2 339
1 1 2 2 2 3 3 92 105 3 3 2 1 2 5 4 1 1 1 1 1 1 1 1 1 2 2 5 3 4 4 2 1 1 1 1 20 3 1113 1163 2 1 1 2 1 2 175 2 1 1 1 4 32 2 1 1 1 2 4 2 1 1 1 1 1 2 3 3 3 3 4 4 5 2428 1 2 2 3 1 1 79 12 1 1 2 87 3 2 1 1 18 4 1 1 2 2
1 1 1 1 2 2 2 3 3 115 6 1 2 1 3 10 2 2 1 1 1 1 1 1 1 1 2 2 2 3 3 1 4 8 13 19 2 1 2 2 1168 1174 1178 3 1 179 2 4 1 1 3 1 39 2 4 1 1 1 1 1 1 1 1 1 1 2 2 2 2 3 3 4 4 4 2437 2445 3 4 2 2 1 81 96 1 2 89 1 1 1 20 3 1 1 1 1 2
2 1 1 1 1 1 2 2 3 3 128 1 1 3 146 157 172 181 1 3 1 3 9 1 1 1 1 1 1 2 2 3 3 3 4 1 1 1 1 2 2 2 1181 1187 1190 183 2 1 1 1 1 1 43 7 1 1 1 2 1 1 15 18 3 2 1 1 1 1 2 2 3 3 3 4 4 4 2457 5 3 3 1 1 1 99 93 2 1 1 23 8 1 2 1 1 1 1
3 2 2 1 1 1 1 2 2 2 3 134 138 141 7 4 4 3 192 196 1 1 1 13 2 1 1 1 1 1 2 2 2 3 3 1 1 1 1 1 1 2 2 2 3 1376 2 1 1 1 2 2 52 1 1 1 1 3 3 11 1 1 21 29 1 1 1 1 1 2 2 2 3 3 3 4 4 2473 4 2 1 1 1 2 199 1 1 25 14 3 3 1 1 1 2 1
4 3 3 2 2 1 1 1 1 2 1 2 140 6 3 3 2 2 4 2 202 1 1 1 18 2 2 1 1 1 1 1 2 2 2 8 12 17 1 1 1 1 1 2 8 1382 1 1 1 2 2 3 60 1 2 1 1 1 4 1 1 2 2 3 37 2 2 1 1 1 1 2 2 2 3 3 3 2479 3 2 2 1 1 2 3 202 26 21 3 2 2 1 1 2 2 3
1 5 10 17 3 2 1 1 1 1 1 1 5 2 2 1 1 3 1 2 3 209 1 1 1 24 2 2 1 1 1 1 1 1 2 2 2 2 20 1 1 3 1 7 4 1392 1 1 1 3 3 66 6 3 3 1 1 2 4 1 1 1 2 3 2 43 3 2 1 1 1 1 1 2 2 2 1 2 2485 3 2 1 1 2 2 232 27 3 3 2 1 1 1 3 3 3
1 1 1 2 24 29 2 2 1 1 3 4 1 1 1 1 1 1 1 2 2 3 217 1 1 1 29 2 1 1 2 2 1 1 1 1 1 2 24 2 1 1 6 3 4 1415 2 1 1 1 4 76 2 5 1 1 1 8 3 1 1 1 2 1 1 2 47 6 2 2 1 1 1 1 1 1 1 3 2625 3 3 1 1 1 1 262 1 2 2 2 1 1 1 1 4 4
1 1 1 1 2 2 36 3 2 1 1 1 2 3 3 1 1 1 1 1 2 2 3 225 1 1 33 2 2 1 1 3 3 2 1 1 1 1 29 2 1 1 2 3 11 2 1420 1 1 2 2 88 1 1 2 1 1 20 5 2 1 1 2 1 1 1 15 67 78 87 2 2 1 1 1 1 2 131 3 2635 1 1 1 1 1 265 1 1 1 1 1 1 2 2 2 443
2 1 1 1 1 2 2 44 49 2 2 1 1 1 5 12 2 1 1 1 1 2 2 3 233 1 1 38 2 1 1 2 6 7 1 1 2 3 33 1 1 1 2 10 1 1 2 1428 1 1 96 2 4 3 1 1 26 2 2 4 1 1 2 6 10 14 4 4 4 4 95 101 107 112 117 129 130 2 3 16 2655 1 1 2677 2681 2950 2 1 1 1 1 1 2 3 3 454
617 2 1 1 1 1 2 2 3 55 62 66 2 1 1 1 18 2 1 1 1 1 2 2 3 240 1 43 2 1 1 2 1 16 1 1 2 1 38 1 1 1 2 6 1 1 3 4 1438 1 97 1 1 1 2 29 1 1 1 1 1 1 1 2 3 3 3 3 3 3 3 3 3 3 5 4 1 2 12 1 1 2672 2674 2 1 1 2958 2 3 1 1 2 2 3 4 465
2 625 2 1 1 1 1 2 2 2 2 3 74 2 1 1 1 24 2 1 1 1 1 2 2 2 243 46 2 2 1 1 3 4 23 1 1 3 41 6 1 1 3 1 1 2 3 3 2 1540 1 1 1 1 35 2 1 1 1 1 1 1 1 2 2 2 2 2 2 2 2 2 2 2 2 3 1 8 2 1 1 11 2 1 1 1 2 2962 1 1 1 2 3 6 4 475
2 2 632 2 1 1 1 1 1 1 2 2 3 83 1 1 1 1 29 2 1 1 1 1 1 2 4 244 51 2 2 1 1 1 26 1 1 2 55 2 3 1 1 1 1 2 2 1 1 2 1543 1 1 2 38 1 2 1 3 6 3 1 1 1 1 1 1 1 1 1 1 1 1 1 1 1 1 2 4 1 1 8 1 1 1 1 1 2981 2 2 1 1 4 1 7 483
1 1 2 639 2 1 1 1 1 1 1 2 2 3 91 1 1 1 1 34 2 1 1 1 1 1 2 8 298 3 2 1 1 28 1 1 4 59 2 2 1 1 1 1 1 1 1 1 1 3 1547 1 1 42 2 1 1 7 9 1 1 1 1 1 1 1 1 1 1 1 1 1 1 1 1 1 1 1 1 1 5 1 1 1 1 9 12 3 2988 2 1 1 1 6 8 9
1 1 1 2 646 2 1 1 2 2 1 1 2 2 2 98 2 1 1 1 39 2 2 1 1 1 1 2 312 3 2 1 1 31 1 1 1 66 1 1 1 1 2 1 2 1 1 2 2 1 1554 1 1 47 1 1 9 10 1 1 2 1 1 2 2 2 4 2 2 2 2 2 2 2 2 2 2 1 1 1 1 2 1 3 6 2 2 1 2 2995 2 1 1 1 1 2
8 11 1 1 2 653 2 1 1 3 3 1 1 1 2 2 103 110 1 1 1 44 2 2 1 1 1 1 318 3 2 1 1 34 1 1 1 69 1 1 1 1 2 3 5 1 1 4 8 1 1571 2 1 49 1 1 21 2 1 3 2 1 1 6 1 1 1 6 10 14 19 3 3 36 44 48 54 4 2 1 1 1 1 1 1 1 1 1 1 25 3026 2 2 1 1 1
1 1 13 1 1 2 660 2 1 1 4 4 1 1 1 2 2 2 115 120 45 1 3 3 3 1 1 1 2 324 2 1 1 37 2 1 1 72 2 2 1 1 2 11 2 1 1 1 2 13 1574 2 50 1 1 1 25 6 4 1 1 3 9 1 1 3 1 1 1 2 2 24 30 5 1 3 3 60 69 2 1 1 1 1 1 1 1 2 24 2 5 3037 3050 2 1 1
1 1 1 14 1 1 1 666 2 1 1 6 5 2 1 1 1 1 2 2 170 4 4 1 4 3 1 1 1 331 2 1 1 41 2 1 1 80 3 2 1 1 2 16 2 2 1 1 2 2 2 1633 2 1 1 2 36 3 2 1 1 14 3 1 1 7 1 1 1 1 2 2 2 2 2 2 2 1 2 73 2 1 1 4 7 10 17 21 1 4 5 7 2 3061 2 1
2 2 2 1 15 1 1 821 2 1 1 1 8 8 1 1 2 1 1 1 2 182 185 5 1 5 1 1 1 2 340 2 1 1 45 1 1 85 3 1 1 2 2 21 3 1 1 1 1 1 2 1635 2 1 1 40 2 1 1 1 2 23 3 1 1 2 10 1 1 1 1 1 1 1 1 1 1 1 1 80 2 1 1 1 1 3 1 3 3 4 6 1 3 2 3063 3068
107 113 117 122 127 151 152 1 832 2 1 1 1 10 21 1 1 5 7 1 1 1 1 195 202 2 2 1 1 1 342 2 1 1 48 1 1 86 3 1 1 2 3 40 10 2 1 1 1 1 1 1 1642 2 1 45 2 1 1 2 30 2 1 1 1 1 4 13 1 1 1 1 1 1 1 1 1 2 1 1 84 1 1 1 1 1 2 2 3 3 2 2 1 1 2 3
3 1 2 3 3 4 3 6 3 841 2 1 1 1 1 23 1 1 1 9 1 1 2 1 2 210 2 1 1 1 1 348 2 1 1 49 2 93 2 1 1 2 46 4 3 6 3 1 1 2 1 2 1645 2 46 2 1 1 1 38 2 1 1 1 1 2 1 5 15 1 2 2 2 3 2 1 3 1 3 46 134 2 2 1 1 1 1 2 2 1 1 1 1 1 1 1
1 1 2 2 3 2 2 2 2 2 849 2 1 1 1 3 28 1 1 2 13 1 2 1 1 1 216 2 1 1 1 2 352 2 1 1 145 3 2 1 1 2 60 4 3 2 1 1 1 2 3 4 5 1694 3 1 1 1 46 3 2 1 1 1 2 2 3 22 1 1 4 8 12 16 21 25 32 1 45 1 2 142 2 2 1 1 1 1 1 1 1 2 2 1 1 1
1 1 1 2 1 1 1 1 1 2 2 857 2 1 1 1 1 31 35 1 2 16 17 3 1 1 1 222 2 1 1 1 358 2 1 1 150 2 1 1 1 64 3 3 3 2 1 1 2 2 3 4 5 1708 2 1 1 55 3 2 2 1 1 2 2 3 3 30 1 1 1 1 1 1 1 2 2 36 3 1 1 1 149 2 2 1 1 1 3 6 9 6 1 1 4 2
1 2 1 1 1 1 1 1 1 1 2 2 864 2 1 1 1 2 2 38 1 1 2 22 1 1 1 2 229 1 1 1 2 364 1 1 154 2 1 1 2 74 2 2 2 2 1 1 4 8 12 13 14 1725 2 63 59 2 3 2 1 1 1 2 3 3 7 9 32 1 1 1 1 1 1 1 1 1 1 1 1 1 118 273 2 2 1 1 1 1 2 13 9 1 1 8
1 3 1 1 2 2 2 2 2 1 1 1 2 871 2 1 1 1 2 1 40 1 1 27 2 1 1 1 2 235 1 1 1 368 2 1 157 1 1 1 76 2 1 1 1 1 1 1 1 1 1 2 3 1731 64 2 2 1 1 2 1 1 1 2 6 1 1 1 12 33 2 54 59 65 70 1 1 1 1 1 106 117 1 2 283 2 1 1 1 1 1 2 27 2 1 10
1 1 6 1 1 3 8 3 1 3 1 1 1 2 879 1 1 1 1 5 2 42 1 2 31 1 1 1 1 2 241 1 1 1 374 158 2 1 1 2 95 3 1 1 4 2 1 1 1 1 1 2 3 4 1798 1 1 1 3 1 1 1 2 2 10 1 1 1 1 15 50 3 3 4 4 79 86 2 97 103 6 3 1 3 3 292 2 2 1 1 1 1 2 34 11 2
2 1 1 9 1 1 1 9 4 2 5 1 1 1 2 881 1 1 1 2 9 45 1 1 35 2 1 1 1 1 2 246 249 1 1 793 2 1 1 102 2 12 2 9 2 1 1 1 2 2 2 3 4 5 1804 1 1 7 2 1 1 1 2 15 1 1 3 1 1 1 2 2 3 3 4 4 4 96 4 3 2 2 2 2 2 4 303 2 2 1 1 1 1 2 52 2
62 2 1 1 11 2 1 2 10 15 18 7 1 1 1 889 2 1 1 1 2 59 1 1 42 2 2 1 1 1 1 2 2 254 257 3 803 1 1 105 1 1 11 1 2 1 1 2 2 3 6 1 2 3 1811 2 12 2 1 1 1 2 2 19 1 1 6 1 1 1 1 2 2 3 3 3 3 3 2 1 1 1 1 1 3 2 3 313 2 2 1 1 1 2 3 56
3 70 74 2 12 3 2 3 1 1 1 27 1 1 1 891 2 1 1 1 1 2 61 1 44 3 2 2 1 1 1 1 2 2 2 3 2 806 106 22 1 1 1 1 1 1 1 4 3 3 1 7 1 1 1817 18 3 2 1 1 1 2 3 23 1 1 12 3 1 1 1 1 2 2 2 2 2 1 1 1 1 1 1 2 1 2 2 2 321 2 2 1 1 2 1 65
