02_Arimura/02_MK_TOPO/01_RR_DR/output/flowAcc_inRR.asc
ncols  240
nrows  260
xllcorner     -32410.000
yllcorner    -160030.000
cellsize     10.000
NODATA_value    0
[rows 148 to 221 of 260, columns 0 to 95 of 240]
1 1 1 2 3 3 455 2 2 1 1 3 1 5 2 80 1 1 1 98 1 1 2 647 3 2 1 1 1 31 5 2 1 1 1 1 2 2 373 1 1 1 21 2 1 1 1 54 2 1 1 1 1 2 2 1475 2 1 1 42 2 1 1 1 1 46 2 1 1 1 1 1 410 2 1 1 1 2 167 2 1 1 1 1 2 131 2 1 1 2 1965 3 2 1 1 1
1 1 1 2 2 2 2 458 2 1 1 2 4 1 2 87 2 1 1 100 2 1 1 651 6 3 1 1 2 38 1 2 2 1 1 1 1 2 2 375 1 1 1 25 1 1 1 2 62 2 1 1 1 1 2 2 1482 1 1 1 49 2 1 1 1 50 2 1 1 3 1 2 3 417 2 1 1 1 176 2 1 1 1 1 1 2 135 1 1 2 1971 9 6 2 1 1
1 2 1 1 1 1 1 465 2 1 1 2 3 1 1 2 94 1 1 1 104 1 1 659 3 2 1 1 2 42 6 3 2 2 1 1 1 1 1 379 1 1 1 32 2 1 1 2 2 70 2 1 1 1 1 2 1484 2 1 1 50 2 2 1 1 2 54 2 1 1 5 7 8 13 421 1 1 1 1 178 2 3 1 1 1 1 139 1 1 2 1988 1 1 2 1 1
1 1 1 1 1 1 1 1 471 2 3 1 1 4 1 1 2 99 1 1 109 1 1 668 3 2 1 1 2 55 4 3 1 4 2 1 1 1 1 391 2 1 1 2 34 1 1 1 2 2 78 2 1 1 1 1 2 1491 2 1 53 3 2 1 1 1 61 2 1 1 1 2 4 3 436 2 1 1 1 191 6 1 1 1 2 1 142 1 1 2 1990 2 1 1 2 1
1 1 1 3 1 3 1 1 2 480 2 1 1 6 1 1 1 3 101 1 110 1 1 672 2 1 1 1 59 1 1 2 1 7 2 1 1 3 6 394 2 1 1 1 38 1 1 1 1 2 2 85 2 1 1 1 1 2 1498 54 4 3 2 1 1 1 1 67 2 1 1 1 2 2 448 2 1 1 193 3 2 1 1 2 2 3 150 1 1 1 2 1998 2 1 4 1
1 2 1 1 4 7 13 1 1 2 487 2 1 8 1 1 1 1 106 112 1 1 2 678 3 1 1 3 65 2 3 2 8 3 2 1 1 1 2 3 404 1 1 1 43 2 1 1 1 1 1 2 92 2 1 1 1 1 1 1560 1564 3 2 2 1 1 1 2 74 1 1 1 1 2 450 2 1 1 198 1 2 1 1 3 3 153 5 1 1 1 2 3 2012 5 2 2
1 2 2 1 1 1 2 17 1 1 2 494 9 2 1 1 2 1 223 2 1 1 682 2 2 1 1 2 3 71 3 1 12 3 2 2 1 1 2 2 407 2 1 1 1 51 2 1 1 1 1 1 102 2 1 1 2 1 1 1 2 1575 3 2 2 1 1 1 2 77 1 1 1 1 2 454 1 1 203 1 1 1 1 1 4 162 2 4 1 1 2 2 2015 3 3 2
1 3 1 2 1 1 1 1 19 1 1 1 508 2 2 1 1 3 227 3 1 1 686 1 1 1 1 1 1 78 3 1 16 3 3 2 1 1 1 2 2 415 1 1 1 53 2 1 1 2 5 7 3 113 2 1 4 1 1 1 1 2 1577 1587 2 1 1 1 1 83 2 1 1 1 2 462 1 1 207 2 1 1 1 2 2 174 1 1 1 1 1 2 2 2020 2033 2036
1 6 3 2 1 1 2 1 1 20 1 1 2 512 519 3 1 231 4 2 1 1 691 1 2 1 1 2 2 85 1 1 1 23 3 2 1 1 1 1 1 417 2 1 1 1 61 2 1 1 1 2 2 3 115 1 1 7 1 1 1 1 2 2 1594 2 1 1 1 1 89 2 1 1 1 464 1 1 208 2 3 1 1 2 184 3 4 1 1 1 1 1 2 2 2 3
1 3 7 7 1 1 2 5 7 2 22 1 1 2 2 527 233 5 1 1 1 1 693 3 2 1 1 4 90 2 1 1 2 28 3 4 2 1 1 1 1 3 421 1 1 1 2 63 1 1 1 1 2 2 124 2 1 1 10 1 1 1 1 1 2 1602 2 1 1 1 2 96 1 1 1 1 467 1 1 214 1 1 1 194 3 2 2 2 1 2 1 1 1 1 2 2
1 2 18 2 1 1 1 2 3 11 40 1 1 1 2 2 532 240 1 1 1 1 2 699 1 1 1 2 97 2 1 1 2 34 6 1 2 1 2 1 2 1 430 2 1 1 2 70 2 1 1 1 1 2 2 131 2 1 1 13 1 1 1 1 2 2 1610 2 1 1 1 2 103 1 1 1 470 1 1 220 1 1 196 2 2 2 1 1 4 2 1 1 1 1 1 1
1 1 4 22 2 1 1 2 3 4 2 41 2 1 1 2 2 778 2 2 1 1 2 703 2 1 1 2 102 1 1 1 2 45 2 1 4 3 2 1 1 1 434 2 1 1 1 2 74 2 1 1 1 1 1 2 138 2 1 1 16 2 1 1 1 2 2 1619 1 1 1 2 2 110 1 1 475 1 1 1 223 1 202 2 1 1 1 1 7 1 3 2 1 1 1 1
1 1 2 29 2 1 1 1 2 1 1 10 55 1 1 1 2 2 783 2 1 1 2 712 2 1 1 1 106 1 1 1 49 2 1 1 2 10 2 1 2 1 4 436 1 1 1 2 83 2 2 1 1 2 1 1 2 146 148 1 1 20 1 1 1 1 2 1621 2 1 1 1 2 2 116 1 476 3 1 1 1 429 1 1 1 1 1 1 10 1 1 7 2 2 1 1
1 1 2 36 2 2 1 1 2 5 6 1 2 59 63 1 1 72 788 2 1 1 2 717 2 1 1 1 113 2 1 1 53 2 1 1 2 15 2 1 1 3 2 442 2 1 1 2 2 92 2 1 1 1 3 1 1 1 2 154 1 1 23 1 1 1 1 2 1625 1 1 1 1 2 2 121 481 1 1 1 432 1 1 1 1 5 1 1 12 1 2 11 3 1 1 2
1 1 1 1 41 2 1 1 1 2 1 1 1 2 2 68 71 4 863 2 3 1 1 720 2 2 1 1 117 2 1 1 57 1 1 1 2 5 19 2 1 1 1 450 2 1 1 1 2 2 100 2 1 1 3 4 1 1 1 2 159 186 2 2 1 1 1 2 1634 2 1 1 1 1 2 2 608 1 1 1 435 1 2 11 8 1 1 1 2 13 2 17 2 2 1 1
1 1 2 2 47 2 1 1 2 1 5 1 1 1 2 2 3 1 870 7 2 1 1 2 725 2 1 1 2 119 1 1 63 2 1 1 2 1 27 2 1 1 1 451 5 2 1 1 1 2 2 104 1 1 1 9 1 1 1 1 2 3 196 2 2 1 1 1 1636 2 2 1 1 1 1 1 609 2 1 1 461 20 12 1 1 1 1 1 2 3 14 22 3 2 1 1
1 1 2 52 3 2 1 1 4 1 1 7 1 1 1 2 1 1 884 4 1 1 1 2 736 2 1 1 1 123 1 1 65 2 1 1 1 3 31 2 2 1 1 458 2 1 1 1 1 1 2 111 2 1 1 13 2 1 1 1 2 2 2 204 2 1 1 1 1 1643 2 2 1 1 1 1 612 1 1 463 2 2 5 1 1 1 2 1 2 3 4 40 3 2 1 1
1 2 2 61 1 2 1 1 7 1 1 2 9 1 1 1 3 7 885 2 3 1 1 2 739 2 1 1 1 129 1 1 2 69 2 1 1 3 40 3 2 1 1 462 2 1 1 2 2 1 1 2 118 1 1 1 20 2 1 1 1 1 1 2 208 215 1 1 1 1 1651 1653 2 1 1 2 618 1 1 467 1 1 1 2 1 1 5 1 1 3 4 48 3 2 2 1
1 3 64 1 3 2 1 1 10 1 2 1 3 11 1 1 2 2 895 2 1 1 1 2 2 747 2 1 1 131 1 1 1 75 2 1 1 1 2 46 1 2 1 466 1 1 1 2 5 1 1 1 2 121 1 1 21 2 1 1 1 1 1 1 2 2 222 1 1 1 1 2 1662 1664 1 1 619 1 1 476 1 2 1 1 1 2 9 1 1 2 4 56 3 5 2 2
1 2 69 7 3 2 2 1 1 14 2 1 1 5 19 1 1 2 900 5 1 1 1 1 2 756 2 1 1 1 137 1 1 1 80 2 1 1 2 52 3 1 1 469 1 1 1 2 9 1 1 1 2 128 2 1 1 26 2 1 1 2 2 1 1 2 2 229 1 1 1 1 2 2 1668 1672 2296 1 1 478 4 1 1 1 2 13 1 1 1 2 3 64 7 1 3 3
1 1 79 4 3 3 2 1 1 18 2 1 1 1 2 23 1 30 908 1 4 1 1 1 4 2 758 1 1 1 139 2 1 1 84 2 1 1 1 2 57 1 1 475 1 1 2 2 3 12 1 1 1 2 132 1 1 1 31 2 1 1 5 1 1 1 2 3 232 1 1 1 1 1 2 2 2 2302 479 2 1 1 1 2 17 3 1 1 2 2 70 10 2 1 1 9
1 2 85 1 4 3 2 1 1 22 2 2 1 1 1 3 29 4 940 1 1 1 1 3 1 3 762 2 1 1 2 143 1 1 1 90 2 1 1 2 63 1 2 479 1 1 2 3 3 17 1 1 1 2 138 2 1 1 35 2 1 1 7 2 1 1 2 3 244 2 1 1 1 1 1 1 1 2 2784 1 1 1 2 2 23 1 1 1 2 3 85 2 1 1 2 15
1 2 89 5 4 1 4 1 1 26 3 2 1 1 2 2 3 3 946 2 1 1 1 1 2 2 778 2 1 1 2 152 2 1 1 2 94 1 1 1 2 67 2 480 1 1 2 5 9 22 2 1 1 1 143 2 1 1 1 40 2 1 1 11 1 1 2 2 247 2 2 2 1 1 1 1 1 1 2790 1 1 1 6 28 4 2 1 1 2 94 3 2 1 1 2 3
1 2 97 6 1 1 7 1 1 31 3 2 1 1 1 2 2 2 952 2 3 1 1 3 1 6 784 2 1 1 1 2 154 1 1 1 101 2 1 1 1 2 554 1 1 1 3 4 5 10 26 1 1 1 2 150 2 1 1 2 46 1 1 14 1 1 1 2 3 261 3 2 2 1 2 1 2 5 2791 1 1 2 43 1 3 1 1 2 98 4 3 2 1 1 2 3
1 3 110 1 1 1 11 1 1 36 3 2 2 1 1 1 1 2 957 7 1 1 1 1 5 3 787 2 1 1 1 2 163 1 1 1 104 2 1 1 1 2 2 557 1 1 1 2 3 9 38 2 1 1 1 2 154 1 1 1 2 51 1 16 1 1 1 2 3 3 269 3 2 3 1 1 2 2 2798 1 1 47 2 6 1 1 1 2 111 6 4 2 1 1 1 1
1 2 113 2 1 1 13 1 1 41 3 3 2 1 1 1 1 1 969 1 2 3 1 1 2 2 2 791 2 1 1 2 166 2 1 1 1 110 2 1 1 1 2 561 1 1 2 1 2 3 50 2 1 1 1 2 162 2 1 1 2 3 69 6 2 1 1 2 2 2 2 279 4 2 2 1 1 2 2802 1 1 53 2 1 1 1 1 115 5 2 1 1 1 1 2 2
1 1 117 2 2 14 1 2 1 46 4 3 2 1 1 2 2 1 972 1 6 2 1 1 1 1 2 796 2 1 1 2 3 170 1 1 1 2 118 1 1 1 1 565 1 1 2 3 1 2 6 54 2 1 1 2 2 166 1 1 1 1 79 1 2 1 1 1 1 1 2 2 292 3 2 1 1 1 2809 1 1 58 2 1 1 1 2 126 2 2 1 1 1 2 2 3
1 1 2 122 15 2 1 1 3 52 4 3 2 1 1 3 3 3 983 7 2 1 1 1 2 1 4 801 2 1 1 2 2 179 2 1 1 1 2 123 1 1 1 571 2 1 6 1 1 2 3 63 2 1 1 1 2 176 2 1 1 2 85 1 2 1 1 1 1 1 1 1 4 304 2 1 1 1 2816 2 61 2 1 1 1 2 2 131 2 1 1 1 2 4 7 3
1 1 2 140 3 1 2 1 2 60 4 3 2 1 1 1 5 4 991 3 1 1 3 1 1 3 5 808 2 1 1 1 2 2 183 1 1 1 1 2 131 134 135 709 2 7 1 2 1 2 3 72 2 1 1 1 2 178 2 1 1 2 91 3 2 1 1 4 1 1 1 3 3 309 2 1 1 4 2818 62 3 2 1 1 1 2 140 2 2 1 1 1 2 1 1 8
1 1 2 146 2 1 4 1 1 4 68 3 2 2 1 1 1 6 1004 6 3 1 5 1 1 4 2 822 2 1 1 1 1 3 187 2 1 1 1 1 2 2 2 3 724 2 3 1 1 1 2 77 2 2 1 1 1 2 182 1 1 2 96 4 1 3 1 6 2 1 1 2 2 4 311 1 1 1 2 2884 4 2 1 1 2 144 1 2 1 1 1 2 2 3 2 2
1 1 2 155 2 5 2 1 1 2 76 3 3 1 1 2 2 2 1007 2 1 1 7 1 1 1 2 826 2 2 1 1 2 2 199 2 1 2 1 1 1 1 2 2 2 736 2 1 1 2 3 4 86 2 1 1 1 1 186 1 1 2 99 1 1 5 7 3 2 1 1 1 3 3 317 1 1 1 2 2891 2 1 1 1 2 148 2 1 1 1 1 2 3 3 4 3
1 1 2 158 6 3 1 2 1 2 84 4 2 1 1 2 3 1012 5 2 1 1 10 1 1 1 1 2 829 2 1 1 1 2 204 2 3 1 2 1 1 1 1 1 2 738 2 2 1 1 1 2 3 90 2 1 1 1 189 1 1 2 103 1 1 2 16 3 2 1 1 2 2 3 328 2 1 1 1 2896 1 1 1 1 2 153 2 1 1 1 2 2 3 4 4 26
1 1 1 2 168 2 1 3 1 1 2 91 2 1 1 2 3 1021 2 2 1 1 2 13 1 1 1 1 834 2 2 1 1 2 206 4 3 1 4 1 1 2 1 1 1 2 746 2 2 1 1 2 3 99 2 1 1 2 195 1 1 3 107 1 1 3 22 3 2 1 1 1 2 1 4 330 1 1 1 2899 1 2 1 1 2 158 1 2 2 1 1 4 6 1 6 38
1 1 1 2 173 2 1 5 1 1 2 96 2 2 1 1 3 1033 3 1 1 1 3 17 2 1 1 2 843 3 2 1 1 1 213 4 1 1 1 7 1 1 3 2 1 1 2 756 2 1 1 1 2 3 106 1 1 2 199 1 1 2 112 1 1 2 32 3 2 2 1 1 1 3 3 343 2 1 1 2902 3 3 1 1 2 162 7 3 2 1 1 1 12 13 14 15
1 1 1 1 181 2 6 1 1 3 4 101 3 2 1 1 2 1037 1 2 1 1 1 23 2 1 1 3 848 3 2 1 1 2 2 219 2 1 1 2 10 12 20 1 1 1 1 760 2 1 1 3 4 5 6 119 1 2 202 1 1 2 116 1 1 1 2 38 3 2 1 1 1 2 2 3 350 1 1 2907 4 1 1 1 2 177 2 1 1 3 3 1 1 2 3 4
1 1 1 2 191 7 2 1 1 1 2 111 3 2 1 1 2 1041 1 1 1 1 2 27 2 1 1 1 2 854 2 1 1 1 2 224 1 1 2 2 1 1 1 23 3 1 1 2 762 1 1 2 3 4 5 2 123 206 1 1 1 2 124 2 1 1 1 44 3 2 2 1 1 1 2 2 2 352 1 2917 2 1 1 2 2 178 1 1 1 8 2 1 1 2 1 2
1 1 1 2 197 3 2 2 1 1 2 117 3 1 1 2 4 1042 2 1 1 2 2 32 2 1 1 1 2 864 2 2 1 1 1 228 2 1 1 3 4 1 1 1 26 32 1 37 766 1 1 1 2 1 1 1 2 331 2 1 1 2 127 2 1 1 1 49 3 3 2 1 1 1 1 1 2 358 1 2918 2 1 1 2 185 2 1 2 1 1 12 1 1 1 3 4
1 1 2 2 201 3 3 2 1 1 1 3 125 2 1 1 2 1049 2 1 1 2 5 37 2 1 2 1 1 866 3 2 1 1 2 232 2 1 1 2 9 1 1 1 1 2 36 3 805 1 1 2 3 4 1 1 2 336 1 1 1 1 2 133 2 1 1 60 4 3 2 2 1 1 1 1 1 2 369 2921 4 1 1 2 192 4 3 3 1 1 15 2 1 1 2 1
1 1 2 206 1 4 3 2 2 1 1 1 130 2 1 1 3 1054 2 1 1 2 3 9 41 3 1 1 1 4 872 2 1 1 2 241 2 1 1 2 3 12 1 1 1 1 2 2 816 2 1 1 1 9 1 1 2 340 1 1 3 1 2 3 141 146 1 208 4 3 3 4 2 1 1 2 1 8 4 3295 1 1 3 1 200 5 4 1 1 1 19 2 1 1 2 3
1 1 2 217 5 4 3 3 2 1 1 1 1 136 1 1 2 1060 2 1 1 2 1 2 56 2 1 1 3 2 885 2 1 1 1 246 2 1 1 3 3 17 2 1 1 1 1 2 821 2 1 1 2 12 1 1 1 348 2 1 5 1 1 2 3 1 147 1 216 4 8 3 2 1 1 3 7 3 3 3308 1 5 1 1 1 201 2 2 1 1 23 2 1 1 2 5
1 2 4 227 5 5 1 1 9 2 1 1 1 2 141 1 1 1068 2 1 1 2 5 6 7 60 1 1 1 2 3 894 2 1 1 248 2 1 1 2 4 23 2 2 1 1 1 2 3 823 1 1 2 16 1 1 1 352 2 8 2 1 1 2 3 6 2 1 232 9 1 1 2 1 1 1 2 2 3 3317 6 2 1 1 2 205 3 2 1 1 27 2 1 1 2 1
1 2 3 231 6 2 1 1 2 16 2 1 1 1 2 145 148 1221 2 1 1 2 3 4 5 69 2 1 1 2 2 897 2 1 1 1 252 1 1 1 4 9 28 2 2 1 1 2 2 834 2 1 1 20 2 1 1 354 9 4 2 1 1 2 2 3 9 1 234 2 2 3 2 2 1 1 1 2 2 2 3320 2 1 1 2 211 6 3 1 1 31 1 1 2 4 1
1 2 3 238 3 2 1 1 1 3 20 1 1 1 1 2 2 1224 2 1 1 2 1 2 3 77 2 1 1 1 2 3 901 1 1 1 257 2 1 1 1 2 42 3 2 1 1 1 2 837 2 1 1 24 2 1 1 364 5 2 1 1 1 1 2 1 14 1 2 239 4 3 1 4 1 1 1 1 1 2 3325 2 1 1 2 220 2 1 1 1 34 1 1 2 7 1
1 2 3 245 5 2 1 1 2 2 29 2 1 1 1 1 2 1228 2 2 3 1 1 1 2 83 2 1 1 1 2 3 909 2 1 1 1 263 2 1 1 1 2 48 2 1 1 1 2 2 844 2 1 27 3 1 1 370 6 2 1 1 3 1 1 1 15 1 2 246 4 2 1 6 1 1 2 1 1 10 3330 2 1 1 2 228 1 2 2 35 1 1 2 2 11 1
1 2 1 254 8 1 1 1 1 2 2 37 2 1 1 1 1 2 1233 4 3 1 2 1 2 90 2 2 1 1 2 2 915 2 1 1 1 2 270 2 1 1 1 5 58 2 1 1 1 1 2 852 28 4 2 1 1 378 2 1 1 1 2 4 1 18 2 1 1 253 3 2 1 8 1 1 2 6 9 3 3349 1 1 1 2 229 6 3 36 1 3 1 1 3 15 3
1 2 3 271 2 6 2 1 1 1 2 2 43 2 1 1 1 2 1247 4 1 1 3 1 2 3 100 2 1 1 1 1 2 923 2 1 1 1 2 278 2 1 1 1 2 62 1 1 1 1 2 2 889 3 1 1 1 382 2 1 1 1 3 3 5 22 1 1 2 258 3 2 9 1 3 1 1 1 2 2 3354 2 1 1 2 239 1 37 2 4 2 1 1 2 22 2
1 2 274 2 2 1 2 1 1 1 1 3 52 2 2 1 1 1 1251 2 2 4 2 1 1 2 3 102 1 1 1 1 2 926 2 1 1 1 2 2 282 1 1 1 1 68 2 2 1 1 1 2 3 900 1 1 2 391 2 1 1 2 1 4 4 30 1 1 1 264 3 11 1 1 6 1 1 1 1 2 2 3356 1 1 2 280 38 3 5 3 2 1 1 2 27 1
1 2 285 2 1 1 1 3 1 1 2 3 3 58 67 1 1 1 90 1254 5 3 1 1 1 2 3 111 2 2 1 1 1 930 2 2 1 1 1 2 292 2 1 1 1 2 73 2 1 1 1 2 2 903 2 1 1 393 1 1 1 2 3 2 39 2 1 1 2 269 14 2 1 1 9 2 1 1 1 1 2 3360 1 1 2 287 4 6 4 3 2 1 1 2 31 2
1 287 2 2 1 1 5 2 1 1 2 2 2 3 7 79 84 89 5 1364 4 4 1 1 3 1 1 2 119 2 1 1 1 2 935 2 1 1 1 2 296 2 2 1 1 1 82 2 2 1 1 1 2 2 910 1 395 1 1 1 1 2 3 4 44 1 1 1 3 286 2 1 1 1 13 2 2 1 1 1 2 3364 1 1 3 290 7 5 1 1 7 2 1 1 36 2
1 291 1 1 1 1 9 2 1 1 1 1 2 6 3 3 4 4 5 1369 5 1 1 1 2 5 1 1 2 123 130 1 1 2 940 2 2 1 1 1 2 299 2 1 1 1 84 3 2 1 1 1 1 1 2 1311 2 2 1 1 2 2 3 4 50 2 1 1 1 294 1 1 1 2 19 3 2 2 1 1 2 3372 1 1 1 301 6 3 1 1 3 11 1 1 2 40
1 302 1 1 1 1 13 2 1 1 3 1 5 2 2 3 3 4 4 5 1386 1 1 1 1 9 1 1 1 2 2 136 1 2 945 4 1 2 1 1 2 307 2 1 2 1 2 90 2 1 1 2 1 1 2 3 1316 1 1 1 2 6 11 4 57 1 1 2 2 1 299 2 1 1 1 25 3 2 1 1 1 3376 2 1 1 309 4 2 1 1 1 17 2 1 1 49
1 305 6 3 1 1 17 2 1 1 1 4 1 1 2 2 3 3 4 4 1390 2 1 1 2 11 1 1 1 1 2 2 142 1 952 2 1 1 5 1 1 2 311 3 1 1 1 95 2 1 1 5 1 1 2 2 1325 2 2 1 1 2 2 16 63 1 1 2 5 1 301 2 2 1 1 3 31 2 1 1 1 2 3378 1 1 315 6 3 2 1 1 2 23 1 51 3
1 2 2 1 1 1 21 2 2 1 1 3 1 1 1 2 2 3 3 3 3 1400 2 1 14 1 3 1 1 1 1 3 3 143 1101 2 1 1 2 9 1 18 337 2 1 1 1 102 2 1 1 2 7 1 1 2 1332 3 2 1 1 1 2 2 81 1 14 8 1 1 2 308 2 1 1 1 38 2 2 1 1 1 3385 2 1 322 4 3 2 1 1 2 3 29 56 2
1 2 1 1 1 2 25 3 1 1 2 5 1 1 1 1 2 2 2 2 3 3 1424 15 2 1 5 2 1 1 2 2 2 4 1108 2 1 1 1 6 17 7 347 2 2 1 1 106 2 2 1 1 11 1 1 4 3 1338 2 1 1 1 1 3 85 15 6 2 1 1 2 314 2 2 1 1 2 45 2 1 1 2 7 3399 323 5 2 1 2 1 1 1 2 2 34 97
1 1 1 1 1 2 31 3 1 1 9 2 2 1 1 1 1 1 1 2 2 2 2 1435 2 6 3 2 1 1 1 1 1 3 1111 2 1 1 5 1 6 2 351 3 2 1 1 3 109 2 1 1 12 1 3 2 2 1349 2 2 1 1 2 1 104 14 2 5 1 1 1 1 319 3 1 1 46 3 2 1 3 6 3 4 3735 3 1 3 2 2 1 1 1 2 2 2
1 1 1 1 2 2 37 1 1 1 13 3 2 2 1 1 1 1 1 1 1 1 4 3 1447 4 3 1 3 1 1 1 1 1116 2 1 1 2 1 5 1 1 2 360 2 1 1 1 119 2 2 13 1 1 1 1 3 2 1359 2 1 1 1 1 120 4 5 1 4 1 1 1 326 1 1 1 51 4 1 1 2 2 3 3 4 3748 4 3 3 2 2 1 1 1 1 2
1 2 1 1 2 5 41 2 1 1 18 3 3 2 1 1 2 2 2 1 1 3 2 2 3 1460 2 1 5 2 1 1 2 1120 2 1 1 2 3 3 5 1 1 15 364 1 1 1 2 122 14 2 2 1 1 2 1 3 3 1363 2 1 1 2 133 3 3 4 2 1 1 2 328 1 1 2 57 2 1 1 1 2 2 3 4 3 3762 4 3 3 2 1 1 1 1 1
1 4 1 1 2 3 49 2 1 1 23 4 3 2 1 1 2 3 5 2 1 1 1 2 2 2 1468 6 3 2 1 1 2 1125 2 1 1 1 2 1 3 10 14 3 384 2 1 1 1 141 3 3 2 1 1 1 2 2 2 1373 2 1 1 135 3 2 2 2 1 1 1 2 332 1 1 67 6 3 2 1 1 1 2 3 2 3 3 3775 4 3 2 2 2 1 1 1
1 2 1 1 2 3 55 2 1 1 33 4 3 2 1 1 2 3 4 8 1 1 1 1 1 2 2 1484 1487 2 1 1 2 1134 2 1 1 2 1 2 1 3 2 3 392 2 1 1 1 2 155 3 2 2 1 1 1 1 4 1380 2 1 1 140 2 2 1 1 1 1 1 336 2 1 69 4 3 2 1 1 1 1 2 1 2 2 2 3 3788 3793 3 3 2 2 1 1
1 1 1 1 2 1 64 2 2 34 1 4 3 2 2 1 1 4 8 13 11 1 1 1 1 1 2 2 3 1496 1 1 2 1139 2 1 1 2 3 1 2 1 2 2 2 396 2 1 1 2 3 163 3 2 1 1 2 3 2 1383 2 1 1 144 1 1 1 1 1 1 2 340 2 1 79 5 4 3 2 2 1 1 1 1 1 1 2 2 2 3 3805 3811 3817 2 2 1
1 1 1 2 4 3 4 67 35 2 1 1 10 3 2 1 1 1 1 2 16 14 2 1 1 1 1 2 2 2 1503 1 1 1142 2 1 1 2 3 4 1 1 1 1 2 406 2 1 1 2 2 3 175 2 1 1 2 1 2 4 1393 1 1 147 1 1 2 1 2 1 2 426 81 80 3 2 1 1 3 2 1 1 1 3 1 1 1 1 2 2 3 3 4 3827 3830 2
1 1 1 1 2 7 8 107 3 2 1 1 15 3 1 1 3 1 2 1 2 35 2 2 1 1 1 1 1 2 3 1511 1143 1 2 1 1 2 5 4 5 2 1 1 1 408 2 1 1 1 2 3 4 186 2 3 1 1 1 2 3 1401 1 149 2 3 1 4 1 1 2 434 5 4 1 1 2 4 3 2 2 1 1 1 5 2 1 1 1 2 2 3 1 1 1 3835
1 1 2 2 1 2 3 122 3 2 1 17 4 2 2 4 1 1 2 3 1 2 40 2 2 1 1 1 1 2 2 2 2663 3 1 1 1 3 4 10 5 9 1 1 1 2 412 1 1 1 2 3 3 3 192 2 2 1 1 2 2 3 1557 3 4 1 2 5 2 1 442 4 3 2 2 3 5 4 1 1 6 1 1 2 1 7 3 2 1 1 2 2 5 1 1 1
1 2 2 3 3 4 5 6 128 2 18 5 3 3 5 2 1 1 2 6 1 2 47 3 2 2 1 2 1 1 1 2 2 2665 2 1 1 2 3 4 17 6 12 1 1 2 416 4 1 1 2 2 2 2 204 3 2 1 1 1 2 2 3 1565 1 2 3 6 3 446 2 1 1 4 4 6 5 2 1 1 9 1 1 2 5 1 8 4 3 1 1 2 2 11 1 1
1 2 3 3 4 5 6 7 137 19 6 4 4 6 3 2 1 1 2 9 1 2 3 53 3 2 1 3 1 1 1 1 2 2675 2 1 1 1 1 2 2 21 43 1 1 1 423 2 1 1 1 1 1 1 206 3 1 1 1 1 1 2 2 1570 1 3 4 7 453 3 2 1 1 2 15 6 3 2 1 1 12 1 1 2 3 6 2 9 5 4 1 1 2 2 13 1
1 2 3 4 4 1 2 3 164 7 5 5 7 4 3 1 1 2 2 12 1 1 2 60 3 2 1 1 6 1 1 1 1 2677 2 2 1 1 2 1 1 2 2 48 1 1 427 1 1 1 1 1 1 1 3 211 2 2 1 1 1 1 1 1577 1 4 5 465 4 3 2 1 1 2 26 4 3 2 2 1 14 2 1 1 1 11 1 4 19 1 1 1 1 2 19 1
1 2 3 4 9 1 1 2 175 6 6 8 11 6 2 1 1 2 17 2 1 1 2 68 3 1 3 1 1 9 1 1 1 5 2690 2 1 1 4 1 1 1 1 2 53 1 430 1 1 1 2 2 2 2 1 217 3 6 2 1 1 1 1 7 1582 1 481 5 4 3 2 1 1 2 3 34 3 3 2 15 1 4 1 1 2 1 12 1 26 2 1 1 1 1 22 1
1 4 1 4 14 1 3 4 184 7 22 13 1 1 2 1 1 2 22 2 1 1 2 74 2 1 5 2 1 1 11 1 4 3 3 2701 2 5 2 1 1 2 1 1 1 57 433 1 1 4 2 3 3 3 1 222 9 1 2 1 1 3 6 3 1591 493 6 5 4 3 2 1 1 2 3 44 4 3 16 1 1 7 1 1 4 1 14 1 1 28 5 1 1 1 25 2
1 6 1 2 19 1 1 2 222 23 1 3 2 3 2 1 1 2 27 2 1 1 1 2 80 6 3 2 1 1 13 1 2 2 2 3 2715 3 2 1 1 1 4 1 2 2 492 1 1 2 9 13 18 4 4 233 1 1 2 1 1 1 2 3 2088 1 5 5 4 3 2 1 1 1 2 3 52 17 1 1 10 3 1 1 7 1 15 1 2 1 35 1 1 2 30 32
1 8 1 2 23 1 1 1 224 2 4 1 4 3 2 1 1 2 32 2 2 1 1 1 88 4 3 2 2 1 14 1 1 1 2 2 3 2718 2 2 1 1 2 5 1 1 496 1 1 2 1 1 1 20 26 239 1 3 2 2 1 1 2 2 2097 1 1 4 3 2 1 1 1 2 3 4 77 2 1 1 15 1 1 1 10 16 1 1 2 3 37 1 2 2 35 38
1 10 1 2 27 2 1 1 1 231 2 1 11 3 2 1 1 3 6 37 2 1 1 3 1 97 3 3 2 15 1 1 1 1 1 2 2 2727 3 2 1 1 2 5 6 1 502 1 1 1 1 1 1 1 20 267 4 3 3 3 1 1 1 2 2 2100 5 4 3 2 1 1 2 2 3 4 84 2 2 1 17 3 1 1 28 2 1 1 3 6 41 1 2 3 45 3
1 2 11 13 32 2 1 1 1 239 3 1 15 3 2 1 1 1 2 9 41 1 1 1 105 4 4 1 18 2 2 1 2 1 1 1 1 2 2739 2 1 1 1 1 6 518 2 1 1 1 6 10 14 19 3 301 4 4 4 1 1 1 1 1 1 2108 1 1 1 1 1 1 2 3 4 5 6 89 2 1 21 2 1 1 33 2 1 1 1 2 7 42 2 3 52 6
1 3 3 1 48 2 1 1 2 242 2 1 1 18 2 2 1 1 2 3 52 2 1 1 107 5 2 1 21 3 2 3 1 2 1 1 1 4 2 2746 2 1 1 2 520 2 1 1 1 3 2 2 3 2 2 2 306 5 2 2 2 1 1 1 1 2111 2 3 1 1 4 1 1 3 1 2 3 98 2 22 5 2 1 1 2 37 2 1 1 1 4 8 43 3 56 1
1 2 6 53 3 2 1 1 246 2 1 1 1 2 23 3 1 1 1 1 5 56 2 1 1 118 2 22 1 1 9 2 3 1 2 1 3 1 1 2 2758 2 1 1 527 2 1 1 1 1 1 2 1 1 1 2 316 3 3 3 2 1 1 3 6 2123 4 1 1 1 9 2 5 4 1 2 3 104 23 9 3 2 1 1 1 5 41 2 1 1 2 5 9 44 61 11
