proj:       3
zone:       0
north:      33:30N
south:      33:20N
east:       130:52:30E
west:       130:37:30E
cols:       2250
rows:       1500
e-w resol:  0:00:00.4
n-s resol:  0:00:00.4
top:        1.000000000000000
bottom:     0.000000000000000
cols3:      2250
rows3:      1500
depths:     1
e-w resol3: 0:00:00.4
n-s resol3: 0:00:00.4
t-b resol:  1
