DFSS/03_Furuegawa/04_EXE_SIMU/02_DF/output_DF/res_hmax.asc
ncols  425
nrows  839
xllcorner       9390.000
yllcorner     -10360.000
cellsize     10.000
NODATA_value -9999.000
[rows 340 to 373 of 839, columns 231 to 307 of 425]
0.290 0.296 0.361 0.516 0.591 0.664 0.691 0.691 0.679 0.654 0.623 0.581 0.524 0.427 0.328 0.241 0.155 0.102 0.074 0.067 0.067 0.070 0.073 0.074 0.083 0.087 0.093 0.095 0.106 0.134 0.126 0.095 0.078 0.060 0.058 0.046 0.042 0.030 0.022 0.018 0.015 0.014 0.010 0.010 0.010 0.010 0.010 0.001 0.000 0.000 0.000 0.000 0.000 0.000 0.000 0.000 0.000 0.000 0.010 0.015 0.024 0.030 0.044 0.067 0.116 0.117 0.143 0.148 0.146 0.127 0.103 0.078 0.049 0.024 0.001 0.000 0.000
0.284 0.304 0.361 0.509 0.585 0.669 0.755 0.718 0.742 0.681 0.679 0.605 0.550 0.466 0.350 0.246 0.160 0.099 0.079 0.082 0.071 0.071 0.078 0.079 0.088 0.089 0.087 0.092 0.111 0.141 0.122 0.087 0.080 0.054 0.062 0.041 0.045 0.026 0.023 0.016 0.016 0.013 0.010 0.010 0.010 0.010 0.010 0.002 0.000 0.000 0.000 0.000 0.000 0.000 0.000 0.000 0.000 0.000 0.010 0.017 0.025 0.028 0.047 0.071 0.113 0.120 0.146 0.150 0.150 0.131 0.106 0.079 0.049 0.024 0.004 0.000 0.000
0.263 0.309 0.361 0.498 0.572 0.673 0.799 0.777 0.792 0.738 0.726 0.656 0.561 0.491 0.388 0.263 0.166 0.105 0.084 0.076 0.075 0.092 0.098 0.084 0.081 0.085 0.087 0.099 0.122 0.130 0.104 0.089 0.072 0.056 0.054 0.044 0.038 0.027 0.019 0.016 0.018 0.013 0.010 0.010 0.010 0.010 0.010 0.004 0.000 0.000 0.000 0.000 0.000 0.000 0.000 0.000 0.000 0.000 0.010 0.021 0.028 0.030 0.043 0.079 0.118 0.129 0.139 0.140 0.143 0.125 0.099 0.072 0.043 0.020 0.010 0.000 0.000
0.297 0.307 0.364 0.484 0.562 0.699 0.784 0.829 0.798 0.781 0.733 0.689 0.605 0.500 0.414 0.296 0.180 0.110 0.076 0.075 0.080 0.085 0.097 0.094 0.090 0.096 0.100 0.110 0.115 0.132 0.095 0.076 0.072 0.064 0.052 0.050 0.037 0.031 0.019 0.018 0.016 0.015 0.010 0.010 0.010 0.010 0.010 0.004 0.000 0.000 0.000 0.000 0.000 0.000 0.000 0.000 0.000 0.000 0.012 0.022 0.025 0.035 0.046 0.075 0.105 0.120 0.136 0.138 0.144 0.126 0.099 0.072 0.043 0.020 0.010 0.000 0.000
0.300 0.306 0.384 0.468 0.552 0.692 0.758 0.870 0.831 0.795 0.758 0.693 0.635 0.526 0.425 0.305 0.198 0.119 0.079 0.076 0.084 0.097 0.100 0.096 0.103 0.108 0.105 0.115 0.117 0.121 0.095 0.070 0.082 0.057 0.058 0.045 0.040 0.026 0.020 0.017 0.017 0.015 0.010 0.010 0.010 0.010 0.010 0.006 0.000 0.000 0.000 0.000 0.000 0.000 0.000 0.000 0.000 0.000 0.012 0.023 0.029 0.033 0.052 0.081 0.101 0.120 0.137 0.139 0.150 0.134 0.105 0.076 0.045 0.021 0.010 0.001 0.000
0.286 0.301 0.391 0.456 0.557 0.667 0.729 0.870 0.867 0.814 0.773 0.684 0.639 0.537 0.422 0.304 0.207 0.116 0.078 0.080 0.095 0.103 0.098 0.102 0.110 0.109 0.116 0.120 0.122 0.117 0.093 0.072 0.088 0.056 0.061 0.049 0.041 0.028 0.020 0.019 0.021 0.014 0.010 0.010 0.010 0.010 0.010 0.006 0.000 0.000 0.000 0.000 0.000 0.000 0.000 0.000 0.000 0.000 0.012 0.022 0.030 0.034 0.053 0.077 0.100 0.124 0.142 0.147 0.149 0.131 0.103 0.072 0.041 0.019 0.010 0.001 0.000
0.270 0.296 0.374 0.442 0.551 0.640 0.696 0.815 0.858 0.835 0.761 0.676 0.613 0.514 0.405 0.308 0.214 0.122 0.078 0.089 0.103 0.098 0.100 0.109 0.102 0.112 0.129 0.118 0.133 0.118 0.083 0.081 0.087 0.062 0.065 0.054 0.043 0.031 0.021 0.026 0.023 0.013 0.010 0.010 0.010 0.010 0.010 0.002 0.000 0.000 0.000 0.000 0.000 0.000 0.000 0.000 0.000 0.003 0.012 0.023 0.030 0.037 0.053 0.070 0.103 0.125 0.144 0.151 0.144 0.126 0.098 0.068 0.037 0.017 0.010 0.001 0.000
0.250 0.278 0.350 0.415 0.494 0.601 0.645 0.725 0.775 0.804 0.736 0.673 0.580 0.481 0.384 0.310 0.233 0.140 0.094 0.102 0.098 0.095 0.111 0.102 0.092 0.131 0.125 0.102 0.150 0.113 0.071 0.089 0.085 0.072 0.074 0.043 0.050 0.023 0.026 0.028 0.016 0.013 0.010 0.010 0.010 0.010 0.003 0.000 0.000 0.000 0.000 0.000 0.000 0.000 0.000 0.000 0.000 0.003 0.012 0.023 0.030 0.036 0.059 0.070 0.109 0.119 0.135 0.143 0.140 0.126 0.098 0.067 0.036 0.017 0.010 0.001 0.000
0.205 0.237 0.305 0.374 0.456 0.522 0.557 0.651 0.708 0.739 0.678 0.665 0.581 0.484 0.403 0.313 0.229 0.139 0.096 0.098 0.096 0.106 0.107 0.090 0.100 0.132 0.106 0.098 0.141 0.112 0.077 0.098 0.083 0.060 0.054 0.050 0.049 0.029 0.030 0.018 0.018 0.014 0.010 0.010 0.010 0.010 0.000 0.000 0.000 0.000 0.000 0.000 0.000 0.000 0.000 0.000 0.000 0.003 0.011 0.023 0.031 0.035 0.059 0.077 0.102 0.117 0.134 0.142 0.140 0.127 0.099 0.066 0.035 0.016 0.010 0.009 0.000
0.186 0.216 0.268 0.342 0.440 0.500 0.529 0.586 0.659 0.689 0.641 0.638 0.562 0.466 0.414 0.330 0.244 0.157 0.102 0.101 0.103 0.100 0.100 0.089 0.089 0.122 0.102 0.100 0.141 0.111 0.081 0.104 0.077 0.054 0.053 0.046 0.033 0.029 0.020 0.021 0.021 0.010 0.010 0.010 0.010 0.006 0.000 0.000 0.000 0.000 0.000 0.000 0.000 0.000 0.000 0.000 0.000 0.002 0.011 0.021 0.028 0.032 0.058 0.075 0.108 0.126 0.143 0.152 0.149 0.137 0.104 0.066 0.033 0.017 0.010 0.004 0.000
0.175 0.213 0.253 0.329 0.421 0.498 0.522 0.564 0.618 0.642 0.624 0.613 0.548 0.450 0.412 0.331 0.247 0.168 0.110 0.110 0.100 0.089 0.100 0.082 0.084 0.117 0.102 0.103 0.141 0.109 0.084 0.110 0.065 0.047 0.054 0.042 0.028 0.024 0.021 0.025 0.016 0.010 0.010 0.010 0.010 0.001 0.000 0.000 0.000 0.000 0.000 0.000 0.000 0.000 0.000 0.000 0.000 0.003 0.011 0.022 0.029 0.037 0.057 0.072 0.111 0.131 0.147 0.156 0.152 0.139 0.116 0.074 0.035 0.017 0.010 0.000 0.000
0.178 0.212 0.247 0.325 0.405 0.486 0.510 0.567 0.597 0.615 0.624 0.588 0.542 0.446 0.406 0.321 0.246 0.171 0.118 0.115 0.087 0.080 0.097 0.075 0.086 0.115 0.101 0.106 0.141 0.107 0.088 0.112 0.057 0.048 0.051 0.036 0.024 0.020 0.021 0.021 0.011 0.010 0.010 0.010 0.007 0.000 0.000 0.000 0.000 0.000 0.000 0.000 0.000 0.000 0.000 0.000 0.000 0.002 0.011 0.023 0.031 0.043 0.054 0.067 0.112 0.133 0.148 0.158 0.154 0.139 0.120 0.084 0.039 0.016 0.010 0.000 0.000
0.199 0.209 0.233 0.315 0.403 0.467 0.495 0.562 0.602 0.615 0.634 0.567 0.542 0.452 0.408 0.317 0.257 0.175 0.121 0.109 0.077 0.075 0.089 0.076 0.089 0.113 0.100 0.111 0.140 0.106 0.093 0.112 0.057 0.057 0.046 0.030 0.021 0.019 0.018 0.015 0.010 0.010 0.010 0.010 0.001 0.000 0.000 0.000 0.000 0.000 0.000 0.000 0.000 0.000 0.000 0.000 0.000 0.000 0.012 0.022 0.031 0.048 0.050 0.064 0.115 0.138 0.154 0.164 0.158 0.143 0.115 0.084 0.042 0.017 0.010 0.005 0.003
0.213 0.211 0.219 0.296 0.397 0.475 0.502 0.541 0.600 0.609 0.641 0.578 0.554 0.463 0.418 0.323 0.256 0.184 0.124 0.098 0.077 0.075 0.085 0.078 0.092 0.109 0.099 0.116 0.137 0.104 0.100 0.110 0.053 0.059 0.047 0.031 0.024 0.022 0.021 0.019 0.011 0.010 0.010 0.008 0.000 0.000 0.000 0.000 0.000 0.000 0.000 0.000 0.000 0.000 0.000 0.000 0.000 0.001 0.014 0.022 0.032 0.060 0.045 0.064 0.125 0.152 0.169 0.180 0.173 0.157 0.120 0.074 0.040 0.017 0.010 0.010 0.010
0.213 0.227 0.223 0.297 0.374 0.475 0.505 0.546 0.583 0.589 0.637 0.590 0.568 0.475 0.430 0.336 0.265 0.181 0.121 0.095 0.079 0.075 0.082 0.080 0.096 0.104 0.099 0.123 0.133 0.103 0.109 0.105 0.049 0.063 0.043 0.027 0.022 0.021 0.021 0.018 0.010 0.010 0.010 0.004 0.000 0.000 0.000 0.000 0.000 0.000 0.000 0.000 0.000 0.000 0.000 0.000 0.000 0.010 0.014 0.022 0.036 0.051 0.042 0.068 0.112 0.140 0.158 0.168 0.161 0.141 0.124 0.074 0.042 0.028 0.026 0.027 0.028
0.223 0.240 0.236 0.294 0.373 0.466 0.498 0.553 0.585 0.591 0.620 0.599 0.583 0.489 0.444 0.355 0.276 0.190 0.122 0.090 0.080 0.074 0.079 0.086 0.104 0.099 0.100 0.136 0.128 0.102 0.126 0.098 0.047 0.066 0.035 0.022 0.019 0.019 0.018 0.014 0.010 0.010 0.010 0.002 0.000 0.000 0.000 0.000 0.000 0.000 0.000 0.000 0.000 0.000 0.000 0.000 0.000 0.010 0.014 0.022 0.043 0.049 0.042 0.078 0.105 0.135 0.155 0.165 0.158 0.134 0.116 0.069 0.046 0.042 0.041 0.041 0.040
0.243 0.236 0.251 0.269 0.381 0.455 0.508 0.549 0.596 0.605 0.615 0.608 0.597 0.505 0.459 0.376 0.281 0.201 0.129 0.086 0.079 0.072 0.075 0.089 0.104 0.097 0.101 0.139 0.124 0.103 0.134 0.091 0.045 0.067 0.031 0.021 0.020 0.020 0.019 0.014 0.010 0.010 0.009 0.000 0.000 0.000 0.000 0.000 0.000 0.000 0.000 0.000 0.000 0.000 0.000 0.000 0.000 0.010 0.013 0.024 0.043 0.049 0.045 0.079 0.097 0.135 0.156 0.165 0.158 0.132 0.107 0.073 0.054 0.049 0.044 0.046 0.046
0.257 0.233 0.261 0.253 0.378 0.452 0.544 0.551 0.597 0.612 0.628 0.618 0.607 0.523 0.471 0.396 0.287 0.210 0.139 0.086 0.076 0.069 0.075 0.087 0.093 0.097 0.102 0.128 0.124 0.104 0.126 0.085 0.045 0.067 0.033 0.023 0.022 0.022 0.021 0.015 0.010 0.010 0.003 0.000 0.000 0.000 0.000 0.000 0.000 0.000 0.000 0.000 0.000 0.000 0.000 0.000 0.000 0.010 0.014 0.026 0.037 0.049 0.049 0.071 0.090 0.137 0.157 0.166 0.159 0.130 0.104 0.080 0.055 0.041 0.036 0.033 0.029
0.264 0.248 0.270 0.265 0.356 0.461 0.562 0.596 0.593 0.612 0.637 0.621 0.608 0.542 0.478 0.408 0.310 0.225 0.140 0.087 0.075 0.069 0.082 0.083 0.084 0.098 0.104 0.120 0.127 0.107 0.121 0.082 0.046 0.066 0.032 0.022 0.022 0.022 0.021 0.013 0.010 0.010 0.000 0.000 0.000 0.000 0.000 0.000 0.000 0.000 0.000 0.000 0.000 0.000 0.000 0.000 0.008 0.010 0.016 0.026 0.034 0.049 0.053 0.068 0.087 0.143 0.164 0.170 0.162 0.132 0.108 0.074 0.038 0.031 0.024 0.011 0.010
0.233 0.240 0.259 0.267 0.303 0.448 0.538 0.625 0.638 0.660 0.642 0.608 0.591 0.560 0.473 0.410 0.332 0.230 0.148 0.090 0.074 0.074 0.080 0.079 0.087 0.092 0.103 0.109 0.132 0.111 0.115 0.080 0.047 0.065 0.032 0.021 0.022 0.022 0.021 0.010 0.010 0.005 0.000 0.000 0.000 0.000 0.000 0.000 0.000 0.000 0.000 0.000 0.000 0.000 0.000 0.000 0.010 0.010 0.014 0.032 0.039 0.045 0.057 0.065 0.089 0.161 0.184 0.187 0.177 0.148 0.102 0.062 0.043 0.030 0.018 0.010 0.010
0.220 0.226 0.243 0.251 0.275 0.403 0.508 0.607 0.664 0.681 0.680 0.627 0.602 0.585 0.491 0.417 0.346 0.248 0.160 0.096 0.075 0.068 0.077 0.080 0.085 0.095 0.100 0.114 0.136 0.114 0.107 0.078 0.049 0.064 0.034 0.017 0.020 0.020 0.017 0.010 0.010 0.001 0.000 0.000 0.000 0.000 0.000 0.000 0.000 0.000 0.000 0.000 0.000 0.000 0.000 0.000 0.010 0.010 0.017 0.034 0.035 0.052 0.059 0.059 0.094 0.162 0.179 0.178 0.168 0.141 0.090 0.059 0.049 0.037 0.023 0.010 0.010
0.224 0.219 0.236 0.240 0.262 0.367 0.478 0.559 0.641 0.676 0.708 0.654 0.626 0.608 0.518 0.421 0.353 0.270 0.170 0.098 0.075 0.069 0.077 0.080 0.086 0.096 0.102 0.117 0.130 0.115 0.094 0.076 0.052 0.062 0.033 0.017 0.021 0.022 0.017 0.010 0.006 0.000 0.000 0.000 0.000 0.000 0.000 0.000 0.000 0.000 0.000 0.000 0.000 0.000 0.000 0.000 0.010 0.010 0.019 0.033 0.036 0.058 0.054 0.063 0.102 0.163 0.176 0.173 0.162 0.138 0.088 0.055 0.044 0.038 0.024 0.010 0.003
0.230 0.220 0.237 0.241 0.251 0.345 0.459 0.515 0.594 0.659 0.697 0.674 0.647 0.621 0.540 0.428 0.360 0.287 0.181 0.100 0.076 0.071 0.078 0.079 0.088 0.096 0.105 0.119 0.126 0.111 0.086 0.070 0.056 0.059 0.032 0.020 0.024 0.024 0.017 0.010 0.001 0.000 0.000 0.000 0.000 0.000 0.000 0.000 0.000 0.000 0.000 0.000 0.000 0.000 0.000 0.000 0.010 0.010 0.019 0.033 0.040 0.058 0.053 0.071 0.111 0.166 0.178 0.176 0.167 0.135 0.084 0.048 0.039 0.036 0.024 0.010 0.001
0.221 0.227 0.240 0.243 0.247 0.314 0.460 0.495 0.570 0.638 0.673 0.696 0.667 0.622 0.557 0.458 0.373 0.299 0.201 0.113 0.078 0.065 0.076 0.081 0.086 0.100 0.104 0.133 0.129 0.103 0.089 0.062 0.058 0.054 0.031 0.022 0.025 0.024 0.013 0.003 0.000 0.000 0.000 0.000 0.000 0.000 0.000 0.000 0.000 0.000 0.000 0.000 0.000 0.000 0.000 0.000 0.010 0.010 0.018 0.038 0.040 0.055 0.060 0.079 0.119 0.170 0.183 0.185 0.177 0.124 0.067 0.043 0.040 0.039 0.027 0.010 0.002
0.218 0.243 0.245 0.247 0.245 0.287 0.441 0.494 0.570 0.654 0.692 0.740 0.685 0.602 0.562 0.487 0.378 0.302 0.217 0.121 0.083 0.073 0.077 0.078 0.090 0.098 0.114 0.135 0.120 0.107 0.079 0.069 0.054 0.043 0.030 0.024 0.026 0.019 0.013 0.002 0.000 0.000 0.000 0.000 0.000 0.000 0.000 0.000 0.000 0.000 0.000 0.000 0.000 0.000 0.000 0.000 0.010 0.012 0.023 0.039 0.058 0.077 0.066 0.086 0.128 0.175 0.192 0.205 0.172 0.106 0.059 0.043 0.047 0.040 0.017 0.010 0.001
0.213 0.240 0.259 0.251 0.247 0.285 0.426 0.514 0.607 0.672 0.726 0.743 0.691 0.611 0.571 0.511 0.405 0.316 0.232 0.129 0.081 0.069 0.074 0.080 0.088 0.103 0.111 0.130 0.123 0.100 0.082 0.062 0.060 0.046 0.025 0.025 0.022 0.019 0.013 0.002 0.000 0.000 0.000 0.000 0.000 0.000 0.000 0.000 0.000 0.000 0.000 0.000 0.000 0.000 0.000 0.000 0.010 0.015 0.025 0.044 0.058 0.068 0.079 0.104 0.151 0.185 0.214 0.208 0.158 0.094 0.055 0.045 0.045 0.034 0.017 0.010 0.005
0.211 0.234 0.263 0.264 0.253 0.292 0.422 0.542 0.632 0.693 0.739 0.709 0.687 0.627 0.569 0.527 0.438 0.327 0.241 0.143 0.089 0.072 0.074 0.079 0.089 0.104 0.116 0.133 0.121 0.099 0.077 0.064 0.065 0.039 0.025 0.024 0.021 0.020 0.013 0.002 0.000 0.000 0.000 0.000 0.000 0.000 0.000 0.000 0.000 0.000 0.000 0.000 0.000 0.000 0.000 0.000 0.010 0.016 0.028 0.050 0.059 0.068 0.082 0.106 0.152 0.204 0.224 0.201 0.145 0.084 0.052 0.050 0.047 0.032 0.017 0.010 0.010
0.212 0.233 0.259 0.274 0.268 0.316 0.428 0.556 0.645 0.703 0.728 0.678 0.679 0.640 0.569 0.540 0.467 0.343 0.252 0.158 0.103 0.076 0.072 0.079 0.091 0.107 0.121 0.134 0.119 0.098 0.074 0.068 0.060 0.034 0.025 0.022 0.022 0.020 0.013 0.002 0.000 0.000 0.000 0.000 0.000 0.000 0.000 0.000 0.000 0.000 0.000 0.000 0.000 0.000 0.000 0.000 0.012 0.018 0.032 0.056 0.061 0.072 0.083 0.105 0.150 0.218 0.222 0.193 0.133 0.075 0.052 0.053 0.046 0.030 0.017 0.010 0.010
0.215 0.238 0.263 0.273 0.301 0.367 0.437 0.548 0.671 0.683 0.713 0.676 0.669 0.649 0.589 0.557 0.491 0.374 0.272 0.172 0.114 0.075 0.069 0.081 0.089 0.113 0.119 0.131 0.122 0.091 0.076 0.066 0.052 0.036 0.021 0.023 0.023 0.020 0.013 0.002 0.000 0.000 0.000 0.000 0.000 0.000 0.000 0.000 0.000 0.000 0.000 0.000 0.000 0.000 0.000 0.000 0.015 0.022 0.039 0.064 0.063 0.076 0.088 0.114 0.160 0.219 0.218 0.186 0.121 0.067 0.054 0.051 0.042 0.030 0.017 0.010 0.010
0.224 0.252 0.286 0.299 0.348 0.393 0.425 0.561 0.681 0.660 0.695 0.673 0.641 0.646 0.604 0.565 0.509 0.402 0.289 0.188 0.124 0.079 0.071 0.078 0.093 0.112 0.133 0.137 0.115 0.094 0.067 0.078 0.055 0.028 0.021 0.024 0.023 0.020 0.014 0.002 0.000 0.000 0.000 0.000 0.000 0.000 0.000 0.000 0.000 0.000 0.000 0.000 0.000 0.000 0.000 0.000 0.019 0.030 0.058 0.083 0.066 0.083 0.094 0.125 0.174 0.224 0.217 0.181 0.110 0.065 0.050 0.046 0.043 0.031 0.019 0.010 0.007
0.252 0.289 0.306 0.333 0.371 0.382 0.444 0.557 0.651 0.636 0.670 0.673 0.642 0.646 0.614 0.559 0.519 0.430 0.303 0.202 0.150 0.088 0.068 0.082 0.091 0.124 0.135 0.132 0.118 0.085 0.071 0.082 0.042 0.028 0.021 0.024 0.023 0.021 0.014 0.002 0.000 0.000 0.000 0.000 0.000 0.000 0.000 0.000 0.000 0.000 0.000 0.000 0.000 0.000 0.000 0.000 0.022 0.038 0.051 0.073 0.080 0.102 0.106 0.141 0.191 0.231 0.218 0.182 0.108 0.054 0.044 0.047 0.044 0.032 0.017 0.010 0.002
0.284 0.312 0.331 0.354 0.363 0.386 0.462 0.526 0.614 0.615 0.632 0.668 0.649 0.638 0.622 0.573 0.539 0.460 0.332 0.231 0.186 0.110 0.073 0.085 0.098 0.130 0.131 0.137 0.115 0.083 0.070 0.075 0.038 0.028 0.022 0.024 0.024 0.021 0.014 0.003 0.000 0.000 0.000 0.000 0.000 0.000 0.000 0.000 0.000 0.000 0.000 0.000 0.000 0.000 0.000 0.000 0.029 0.041 0.062 0.072 0.081 0.100 0.126 0.171 0.224 0.241 0.226 0.170 0.087 0.045 0.043 0.048 0.045 0.034 0.016 0.010 0.001
0.306 0.329 0.353 0.353 0.358 0.401 0.453 0.488 0.585 0.601 0.606 0.664 0.659 0.648 0.638 0.609 0.577 0.499 0.388 0.299 0.239 0.140 0.080 0.086 0.111 0.138 0.138 0.149 0.117 0.083 0.073 0.071 0.039 0.028 0.022 0.025 0.024 0.021 0.014 0.002 0.000 0.000 0.000 0.000 0.000 0.000 0.000 0.000 0.000 0.000 0.000 0.000 0.000 0.000 0.000 0.003 0.033 0.047 0.071 0.078 0.077 0.101 0.146 0.193 0.239 0.250 0.224 0.147 0.069 0.041 0.043 0.049 0.049 0.036 0.011 0.009 0.000
0.318 0.355 0.357 0.343 0.376 0.404 0.426 0.465 0.565 0.602 0.616 0.676 0.686 0.693 0.679 0.665 0.632 0.556 0.476 0.401 0.307 0.175 0.093 0.086 0.117 0.145 0.157 0.163 0.126 0.079 0.082 0.072 0.042 0.029 0.022 0.025 0.024 0.022 0.014 0.003 0.000 0.000 0.000 0.000 0.000 0.000 0.000 0.000 0.000 0.000 0.000 0.000 0.000 0.000 0.000 0.010 0.038 0.057 0.074 0.084 0.080 0.114 0.163 0.197 0.226 0.251 0.203 0.122 0.058 0.040 0.043 0.052 0.054 0.033 0.010 0.001 0.000
