DFSS/03_Furuegawa/04_EXE_SIMU/02_DF/output_DF/res_hmax.asc
ncols  425
nrows  839
xllcorner       9390.000
yllcorner     -10360.000
cellsize     10.000
NODATA_value -9999.000
[rows 374 to 407 of 839, columns 231 to 307 of 425]
0.343 0.364 0.341 0.361 0.387 0.384 0.428 0.466 0.564 0.627 0.658 0.721 0.753 0.748 0.756 0.746 0.688 0.624 0.569 0.471 0.357 0.234 0.126 0.095 0.094 0.122 0.156 0.178 0.111 0.076 0.063 0.064 0.046 0.029 0.022 0.025 0.024 0.022 0.014 0.003 0.000 0.000 0.000 0.000 0.000 0.000 0.000 0.000 0.000 0.000 0.000 0.000 0.000 0.000 0.000 0.010 0.066 0.072 0.083 0.082 0.092 0.128 0.181 0.202 0.218 0.225 0.177 0.104 0.052 0.039 0.045 0.060 0.055 0.026 0.010 0.000 0.000
0.346 0.348 0.347 0.371 0.374 0.403 0.415 0.519 0.614 0.655 0.719 0.785 0.788 0.804 0.828 0.793 0.745 0.701 0.649 0.540 0.413 0.299 0.181 0.119 0.094 0.127 0.153 0.163 0.098 0.070 0.062 0.062 0.053 0.032 0.025 0.028 0.027 0.024 0.016 0.004 0.000 0.000 0.000 0.000 0.000 0.000 0.000 0.000 0.000 0.000 0.000 0.000 0.000 0.000 0.000 0.015 0.102 0.098 0.125 0.130 0.131 0.168 0.189 0.186 0.201 0.202 0.155 0.091 0.048 0.044 0.056 0.061 0.049 0.025 0.009 0.000 0.000
0.367 0.337 0.340 0.362 0.388 0.408 0.451 0.548 0.638 0.701 0.777 0.839 0.832 0.860 0.887 0.849 0.811 0.775 0.705 0.591 0.467 0.358 0.237 0.149 0.105 0.121 0.140 0.143 0.102 0.069 0.062 0.062 0.052 0.029 0.023 0.027 0.026 0.023 0.015 0.003 0.000 0.000 0.000 0.000 0.000 0.000 0.000 0.000 0.000 0.000 0.000 0.000 0.000 0.000 0.000 0.066 0.154 0.137 0.176 0.158 0.161 0.200 0.216 0.207 0.197 0.183 0.143 0.089 0.053 0.041 0.048 0.058 0.049 0.024 0.008 0.000 0.000
0.384 0.332 0.334 0.356 0.401 0.424 0.498 0.546 0.644 0.752 0.827 0.863 0.877 0.912 0.924 0.905 0.886 0.837 0.755 0.632 0.517 0.412 0.291 0.192 0.124 0.119 0.135 0.130 0.111 0.070 0.064 0.066 0.053 0.029 0.023 0.027 0.027 0.024 0.015 0.007 0.000 0.000 0.000 0.000 0.000 0.000 0.000 0.000 0.000 0.000 0.000 0.000 0.000 0.000 0.000 0.117 0.188 0.176 0.223 0.189 0.203 0.209 0.232 0.217 0.194 0.173 0.121 0.076 0.052 0.038 0.044 0.058 0.050 0.022 0.006 0.000 0.000
0.388 0.333 0.340 0.362 0.400 0.454 0.515 0.538 0.655 0.772 0.854 0.868 0.916 0.948 0.943 0.956 0.964 0.890 0.795 0.676 0.567 0.463 0.341 0.244 0.154 0.131 0.131 0.125 0.118 0.074 0.062 0.070 0.055 0.031 0.025 0.029 0.028 0.025 0.016 0.010 0.000 0.000 0.000 0.000 0.000 0.000 0.000 0.000 0.000 0.000 0.000 0.000 0.000 0.000 0.000 0.133 0.212 0.223 0.257 0.245 0.253 0.218 0.234 0.202 0.179 0.158 0.092 0.065 0.050 0.039 0.045 0.062 0.053 0.021 0.002 0.000 0.000
0.395 0.341 0.351 0.374 0.411 0.455 0.500 0.563 0.662 0.730 0.827 0.889 0.959 0.958 0.980 1.021 1.036 0.943 0.836 0.727 0.617 0.513 0.388 0.286 0.190 0.159 0.121 0.123 0.111 0.080 0.051 0.064 0.049 0.037 0.029 0.026 0.026 0.023 0.014 0.010 0.000 0.000 0.000 0.000 0.000 0.000 0.000 0.000 0.000 0.000 0.000 0.000 0.000 0.000 0.000 0.152 0.235 0.309 0.285 0.325 0.284 0.284 0.240 0.171 0.157 0.128 0.075 0.068 0.056 0.046 0.053 0.074 0.060 0.020 0.000 0.000 0.000
0.407 0.357 0.364 0.390 0.428 0.466 0.502 0.557 0.634 0.716 0.765 0.854 0.976 0.998 1.031 1.077 1.069 0.972 0.877 0.776 0.667 0.563 0.432 0.319 0.213 0.183 0.122 0.125 0.108 0.087 0.055 0.063 0.049 0.033 0.025 0.027 0.029 0.027 0.017 0.010 0.001 0.000 0.000 0.000 0.000 0.000 0.000 0.000 0.000 0.000 0.000 0.000 0.000 0.000 0.000 0.224 0.246 0.309 0.284 0.278 0.243 0.193 0.210 0.187 0.172 0.119 0.074 0.061 0.047 0.043 0.052 0.076 0.082 0.027 0.000 0.000 0.000
0.423 0.375 0.374 0.405 0.444 0.481 0.509 0.560 0.623 0.697 0.702 0.793 0.919 1.002 1.070 1.092 1.069 0.982 0.899 0.803 0.697 0.594 0.452 0.319 0.209 0.192 0.134 0.129 0.103 0.095 0.057 0.062 0.053 0.037 0.028 0.029 0.027 0.026 0.017 0.010 0.001 0.000 0.000 0.000 0.000 0.000 0.000 0.000 0.000 0.000 0.000 0.000 0.000 0.000 0.000 0.239 0.232 0.245 0.246 0.237 0.218 0.182 0.215 0.206 0.163 0.110 0.077 0.056 0.046 0.042 0.048 0.079 0.080 0.021 0.000 0.000 0.000
0.437 0.389 0.378 0.412 0.453 0.489 0.506 0.561 0.616 0.677 0.661 0.730 0.832 0.938 1.036 1.057 1.024 0.946 0.863 0.765 0.659 0.554 0.424 0.297 0.199 0.181 0.141 0.140 0.099 0.108 0.059 0.059 0.045 0.035 0.026 0.033 0.026 0.024 0.015 0.010 0.001 0.000 0.000 0.000 0.000 0.000 0.000 0.000 0.000 0.000 0.000 0.000 0.000 0.000 0.001 0.193 0.175 0.197 0.220 0.216 0.223 0.211 0.216 0.217 0.159 0.108 0.080 0.058 0.047 0.041 0.047 0.082 0.078 0.012 0.000 0.000 0.000
0.445 0.394 0.366 0.399 0.440 0.473 0.474 0.532 0.580 0.632 0.617 0.664 0.724 0.799 0.871 0.923 0.913 0.857 0.785 0.696 0.597 0.499 0.394 0.286 0.196 0.172 0.142 0.147 0.096 0.117 0.064 0.061 0.040 0.032 0.024 0.037 0.027 0.022 0.014 0.010 0.002 0.000 0.000 0.000 0.000 0.000 0.000 0.000 0.000 0.000 0.000 0.000 0.000 0.000 0.010 0.094 0.114 0.153 0.188 0.187 0.202 0.199 0.194 0.205 0.161 0.108 0.079 0.060 0.055 0.051 0.063 0.092 0.068 0.006 0.000 0.000 0.000
0.442 0.387 0.343 0.369 0.408 0.433 0.428 0.482 0.522 0.564 0.564 0.598 0.626 0.660 0.665 0.714 0.762 0.754 0.714 0.648 0.565 0.483 0.394 0.291 0.205 0.179 0.142 0.143 0.096 0.113 0.068 0.069 0.039 0.030 0.024 0.035 0.029 0.021 0.015 0.010 0.002 0.000 0.000 0.000 0.000 0.000 0.000 0.000 0.000 0.000 0.000 0.000 0.000 0.000 0.010 0.045 0.075 0.118 0.160 0.172 0.161 0.167 0.173 0.181 0.156 0.107 0.079 0.066 0.084 0.099 0.101 0.099 0.041 0.000 0.000 0.000 0.000
0.421 0.376 0.349 0.352 0.387 0.403 0.418 0.466 0.501 0.532 0.549 0.575 0.589 0.600 0.593 0.595 0.660 0.697 0.679 0.628 0.553 0.484 0.407 0.298 0.198 0.184 0.145 0.142 0.097 0.113 0.071 0.074 0.032 0.026 0.024 0.040 0.034 0.022 0.012 0.010 0.002 0.000 0.000 0.000 0.000 0.000 0.000 0.000 0.000 0.000 0.000 0.000 0.000 0.010 0.014 0.045 0.070 0.114 0.159 0.173 0.165 0.174 0.186 0.173 0.137 0.109 0.091 0.100 0.148 0.133 0.091 0.057 0.010 0.000 0.000 0.000 0.000
0.427 0.369 0.354 0.359 0.381 0.383 0.418 0.459 0.488 0.509 0.545 0.566 0.572 0.571 0.566 0.559 0.610 0.655 0.661 0.621 0.552 0.479 0.391 0.296 0.203 0.185 0.149 0.142 0.099 0.113 0.074 0.077 0.034 0.028 0.025 0.036 0.031 0.023 0.010 0.010 0.006 0.000 0.000 0.000 0.000 0.000 0.000 0.000 0.000 0.000 0.000 0.000 0.000 0.010 0.032 0.050 0.063 0.111 0.160 0.174 0.163 0.175 0.190 0.181 0.141 0.122 0.090 0.089 0.072 0.023 0.010 0.000 0.000 0.000 0.000 0.000 0.000
0.439 0.371 0.367 0.376 0.385 0.380 0.417 0.451 0.470 0.501 0.544 0.557 0.554 0.559 0.552 0.543 0.570 0.608 0.649 0.627 0.548 0.462 0.378 0.298 0.207 0.186 0.153 0.142 0.101 0.112 0.077 0.079 0.033 0.027 0.023 0.035 0.030 0.026 0.010 0.010 0.006 0.000 0.000 0.000 0.000 0.000 0.000 0.000 0.000 0.000 0.000 0.000 0.000 0.010 0.048 0.035 0.063 0.120 0.158 0.169 0.156 0.173 0.191 0.186 0.146 0.125 0.089 0.080 0.056 0.018 0.001 0.000 0.000 0.000 0.000 0.000 0.000
0.455 0.385 0.388 0.391 0.396 0.392 0.415 0.437 0.458 0.500 0.541 0.544 0.541 0.554 0.544 0.530 0.539 0.567 0.624 0.623 0.535 0.443 0.372 0.300 0.210 0.185 0.159 0.141 0.105 0.109 0.082 0.079 0.038 0.026 0.025 0.033 0.031 0.026 0.010 0.010 0.004 0.000 0.000 0.000 0.000 0.000 0.000 0.000 0.000 0.000 0.000 0.000 0.000 0.010 0.057 0.022 0.063 0.129 0.163 0.169 0.157 0.168 0.190 0.188 0.150 0.125 0.086 0.079 0.051 0.010 0.000 0.000 0.000 0.000 0.000 0.000 0.000
0.480 0.410 0.411 0.409 0.412 0.412 0.412 0.426 0.456 0.496 0.533 0.532 0.539 0.543 0.541 0.522 0.525 0.540 0.585 0.596 0.515 0.436 0.376 0.298 0.214 0.184 0.168 0.140 0.109 0.107 0.087 0.080 0.045 0.028 0.027 0.031 0.032 0.023 0.010 0.010 0.005 0.000 0.000 0.000 0.000 0.000 0.000 0.000 0.000 0.000 0.000 0.000 0.000 0.012 0.055 0.021 0.064 0.136 0.174 0.175 0.164 0.165 0.185 0.191 0.154 0.124 0.086 0.083 0.042 0.008 0.000 0.000 0.000 0.000 0.000 0.000 0.000
0.518 0.440 0.445 0.462 0.446 0.439 0.421 0.432 0.454 0.489 0.520 0.537 0.535 0.524 0.530 0.522 0.517 0.522 0.553 0.568 0.503 0.445 0.394 0.296 0.223 0.186 0.181 0.141 0.115 0.103 0.094 0.081 0.039 0.027 0.025 0.034 0.033 0.020 0.010 0.010 0.004 0.000 0.000 0.000 0.000 0.000 0.000 0.000 0.000 0.000 0.000 0.000 0.000 0.014 0.044 0.021 0.073 0.141 0.180 0.172 0.162 0.178 0.178 0.192 0.159 0.119 0.094 0.084 0.034 0.010 0.000 0.000 0.000 0.000 0.000 0.000 0.000
0.509 0.468 0.466 0.500 0.502 0.471 0.456 0.452 0.454 0.481 0.502 0.539 0.523 0.518 0.522 0.517 0.506 0.509 0.523 0.536 0.507 0.458 0.396 0.292 0.219 0.190 0.178 0.147 0.129 0.102 0.110 0.090 0.052 0.034 0.035 0.036 0.032 0.017 0.010 0.010 0.001 0.000 0.000 0.000 0.000 0.000 0.000 0.000 0.000 0.000 0.000 0.000 0.000 0.010 0.032 0.033 0.088 0.159 0.205 0.158 0.154 0.183 0.163 0.191 0.164 0.110 0.099 0.074 0.033 0.010 0.001 0.000 0.000 0.000 0.000 0.000 0.000
0.458 0.461 0.477 0.524 0.549 0.517 0.503 0.485 0.464 0.476 0.501 0.545 0.527 0.518 0.528 0.519 0.509 0.513 0.522 0.536 0.526 0.480 0.407 0.299 0.222 0.212 0.188 0.168 0.139 0.118 0.128 0.091 0.065 0.042 0.045 0.045 0.039 0.016 0.010 0.004 0.000 0.000 0.000 0.000 0.000 0.000 0.000 0.000 0.000 0.000 0.000 0.000 0.002 0.010 0.030 0.056 0.122 0.203 0.232 0.169 0.169 0.184 0.166 0.190 0.165 0.112 0.103 0.077 0.030 0.010 0.000 0.000 0.000 0.000 0.000 0.000 0.000
0.399 0.416 0.478 0.536 0.585 0.577 0.560 0.536 0.505 0.499 0.520 0.562 0.547 0.541 0.557 0.548 0.543 0.546 0.553 0.564 0.552 0.500 0.419 0.312 0.224 0.230 0.205 0.183 0.152 0.127 0.133 0.099 0.068 0.045 0.048 0.046 0.034 0.010 0.005 0.000 0.000 0.000 0.000 0.000 0.000 0.000 0.000 0.000 0.000 0.000 0.000 0.000 0.010 0.012 0.032 0.085 0.159 0.257 0.241 0.176 0.175 0.184 0.173 0.187 0.164 0.115 0.104 0.081 0.029 0.000 0.000 0.000 0.000 0.000 0.000 0.000 0.000
0.357 0.336 0.452 0.533 0.609 0.631 0.619 0.601 0.580 0.566 0.565 0.597 0.586 0.592 0.605 0.600 0.599 0.598 0.598 0.596 0.567 0.507 0.422 0.321 0.225 0.233 0.216 0.187 0.163 0.127 0.129 0.109 0.068 0.047 0.047 0.042 0.020 0.010 0.000 0.000 0.000 0.000 0.000 0.000 0.000 0.000 0.000 0.000 0.000 0.000 0.000 0.001 0.010 0.015 0.046 0.111 0.197 0.294 0.226 0.171 0.177 0.189 0.183 0.183 0.164 0.117 0.104 0.082 0.028 0.000 0.000 0.000 0.000 0.000 0.000 0.000 0.000
0.349 0.274 0.364 0.515 0.617 0.642 0.671 0.656 0.658 0.686 0.646 0.655 0.649 0.647 0.651 0.632 0.626 0.619 0.615 0.605 0.565 0.506 0.413 0.312 0.241 0.239 0.212 0.201 0.159 0.144 0.140 0.099 0.085 0.060 0.059 0.045 0.012 0.010 0.000 0.000 0.000 0.000 0.000 0.000 0.000 0.000 0.000 0.000 0.000 0.000 0.001 0.010 0.010 0.029 0.089 0.148 0.247 0.281 0.195 0.162 0.191 0.202 0.200 0.181 0.167 0.122 0.104 0.083 0.027 0.000 0.000 0.000 0.000 0.000 0.000 0.000 0.000
0.265 0.219 0.242 0.420 0.569 0.645 0.677 0.711 0.748 0.766 0.727 0.705 0.707 0.692 0.680 0.641 0.635 0.625 0.618 0.629 0.592 0.505 0.404 0.299 0.224 0.225 0.223 0.194 0.175 0.137 0.127 0.119 0.088 0.066 0.051 0.022 0.010 0.000 0.000 0.000 0.000 0.000 0.000 0.000 0.000 0.000 0.000 0.000 0.000 0.000 0.010 0.010 0.010 0.048 0.105 0.189 0.247 0.251 0.167 0.177 0.196 0.206 0.204 0.192 0.183 0.136 0.106 0.081 0.032 0.000 0.000 0.000 0.000 0.000 0.000 0.000 0.000
0.177 0.156 0.165 0.301 0.499 0.602 0.670 0.740 0.799 0.839 0.819 0.768 0.745 0.734 0.709 0.678 0.663 0.630 0.626 0.654 0.611 0.505 0.413 0.314 0.218 0.210 0.217 0.203 0.172 0.154 0.134 0.131 0.080 0.060 0.057 0.011 0.002 0.000 0.000 0.000 0.000 0.000 0.000 0.000 0.000 0.000 0.000 0.000 0.000 0.000 0.010 0.010 0.010 0.056 0.134 0.198 0.244 0.205 0.152 0.187 0.196 0.208 0.205 0.193 0.189 0.133 0.106 0.080 0.033 0.000 0.000 0.000 0.000 0.000 0.000 0.000 0.000
0.104 0.103 0.117 0.163 0.389 0.541 0.640 0.761 0.837 0.887 0.902 0.849 0.797 0.771 0.744 0.726 0.697 0.640 0.628 0.651 0.612 0.518 0.432 0.337 0.217 0.201 0.205 0.200 0.177 0.166 0.132 0.124 0.085 0.063 0.051 0.010 0.000 0.000 0.000 0.000 0.000 0.000 0.000 0.000 0.000 0.000 0.000 0.000 0.000 0.000 0.010 0.010 0.015 0.075 0.151 0.206 0.252 0.133 0.153 0.194 0.194 0.209 0.202 0.187 0.180 0.133 0.108 0.078 0.035 0.001 0.000 0.000 0.000 0.000 0.000 0.000 0.000
0.064 0.066 0.076 0.089 0.248 0.464 0.603 0.769 0.875 0.914 0.955 0.925 0.876 0.818 0.779 0.759 0.707 0.648 0.628 0.621 0.601 0.536 0.441 0.349 0.220 0.199 0.195 0.182 0.175 0.150 0.125 0.110 0.082 0.066 0.042 0.010 0.000 0.000 0.000 0.000 0.000 0.000 0.000 0.000 0.000 0.000 0.000 0.000 0.000 0.000 0.010 0.010 0.026 0.096 0.161 0.227 0.245 0.087 0.159 0.196 0.186 0.204 0.187 0.182 0.170 0.134 0.111 0.075 0.037 0.010 0.000 0.000 0.000 0.008 0.000 0.000 0.000
0.116 0.048 0.054 0.060 0.127 0.351 0.587 0.740 0.892 0.950 0.980 0.967 0.959 0.896 0.817 0.767 0.687 0.649 0.631 0.589 0.575 0.524 0.421 0.342 0.226 0.199 0.184 0.165 0.152 0.124 0.120 0.105 0.065 0.064 0.043 0.012 0.000 0.000 0.000 0.000 0.000 0.000 0.000 0.000 0.000 0.000 0.000 0.000 0.000 0.000 0.010 0.011 0.041 0.105 0.183 0.257 0.192 0.086 0.156 0.192 0.175 0.191 0.167 0.183 0.163 0.136 0.114 0.071 0.039 0.010 0.000 0.000 0.000 0.011 0.000 0.000 0.000
0.194 0.091 0.058 0.062 0.057 0.239 0.535 0.719 0.867 0.947 1.025 1.039 1.010 0.977 0.888 0.792 0.704 0.649 0.601 0.546 0.514 0.468 0.390 0.322 0.225 0.187 0.163 0.162 0.143 0.131 0.119 0.097 0.073 0.063 0.051 0.011 0.000 0.000 0.000 0.000 0.000 0.000 0.000 0.000 0.000 0.000 0.000 0.010 0.002 0.006 0.011 0.023 0.052 0.140 0.223 0.251 0.122 0.077 0.141 0.171 0.175 0.184 0.172 0.186 0.152 0.136 0.116 0.069 0.034 0.012 0.000 0.000 0.001 0.012 0.000 0.000 0.000
0.307 0.181 0.106 0.077 0.069 0.133 0.419 0.658 0.859 0.962 1.031 1.077 1.056 1.012 0.926 0.815 0.691 0.608 0.565 0.517 0.481 0.446 0.368 0.309 0.228 0.183 0.166 0.159 0.151 0.131 0.111 0.106 0.071 0.058 0.054 0.014 0.000 0.000 0.000 0.000 0.000 0.000 0.000 0.000 0.000 0.000 0.000 0.012 0.011 0.010 0.023 0.040 0.077 0.148 0.245 0.261 0.111 0.072 0.129 0.151 0.175 0.170 0.171 0.184 0.158 0.139 0.118 0.067 0.033 0.013 0.003 0.000 0.002 0.014 0.000 0.000 0.000
0.396 0.283 0.184 0.119 0.098 0.085 0.279 0.569 0.799 0.926 0.990 1.030 1.018 0.974 0.907 0.815 0.693 0.592 0.542 0.501 0.464 0.436 0.369 0.308 0.229 0.187 0.167 0.149 0.160 0.126 0.114 0.111 0.077 0.060 0.053 0.016 0.000 0.000 0.000 0.000 0.000 0.000 0.000 0.000 0.000 0.000 0.000 0.015 0.012 0.017 0.045 0.059 0.103 0.165 0.234 0.249 0.143 0.065 0.130 0.142 0.168 0.171 0.168 0.176 0.165 0.143 0.120 0.063 0.032 0.015 0.010 0.005 0.006 0.016 0.001 0.000 0.000
0.420 0.360 0.269 0.182 0.122 0.095 0.158 0.456 0.700 0.852 0.930 0.956 0.948 0.918 0.873 0.808 0.715 0.605 0.535 0.496 0.459 0.425 0.372 0.311 0.232 0.191 0.166 0.145 0.165 0.126 0.118 0.108 0.085 0.061 0.055 0.016 0.000 0.000 0.000 0.000 0.000 0.000 0.000 0.000 0.000 0.000 0.000 0.016 0.019 0.042 0.082 0.086 0.138 0.195 0.216 0.256 0.192 0.064 0.135 0.152 0.176 0.188 0.189 0.196 0.191 0.159 0.132 0.063 0.031 0.017 0.010 0.011 0.010 0.020 0.001 0.000 0.000
0.397 0.388 0.334 0.251 0.155 0.108 0.081 0.334 0.606 0.785 0.882 0.918 0.917 0.895 0.859 0.810 0.739 0.632 0.544 0.498 0.460 0.419 0.367 0.311 0.240 0.193 0.166 0.146 0.163 0.135 0.116 0.105 0.088 0.061 0.060 0.016 0.008 0.008 0.010 0.008 0.007 0.004 0.000 0.000 0.000 0.000 0.000 0.023 0.028 0.078 0.126 0.133 0.188 0.225 0.211 0.270 0.239 0.074 0.144 0.187 0.216 0.216 0.245 0.260 0.238 0.191 0.157 0.067 0.030 0.019 0.015 0.013 0.012 0.022 0.000 0.000 0.000
0.388 0.396 0.354 0.308 0.247 0.155 0.105 0.234 0.521 0.732 0.851 0.900 0.904 0.885 0.853 0.813 0.763 0.674 0.572 0.496 0.454 0.426 0.376 0.316 0.240 0.205 0.172 0.138 0.155 0.137 0.108 0.117 0.087 0.070 0.061 0.019 0.010 0.010 0.010 0.010 0.010 0.010 0.007 0.000 0.000 0.000 0.010 0.049 0.065 0.122 0.166 0.165 0.200 0.186 0.181 0.226 0.281 0.107 0.176 0.226 0.256 0.225 0.249 0.270 0.221 0.203 0.168 0.071 0.033 0.028 0.024 0.019 0.023 0.031 0.000 0.000 0.000
0.284 0.323 0.331 0.334 0.306 0.238 0.145 0.151 0.430 0.671 0.818 0.883 0.894 0.877 0.848 0.815 0.789 0.724 0.614 0.510 0.445 0.413 0.369 0.315 0.247 0.206 0.172 0.144 0.159 0.131 0.114 0.122 0.080 0.075 0.058 0.021 0.010 0.010 0.010 0.010 0.010 0.010 0.010 0.006 0.004 0.009 0.011 0.071 0.102 0.165 0.197 0.171 0.151 0.131 0.138 0.199 0.289 0.149 0.190 0.253 0.295 0.262 0.279 0.310 0.263 0.251 0.186 0.076 0.024 0.015 0.014 0.013 0.013 0.013 0.004 0.000 0.000
