DFSS/03_Furuegawa/04_EXE_SIMU/02_DF/output_DF/res_hmax.asc
ncols  425
nrows  839
xllcorner       9390.000
yllcorner     -10360.000
cellsize     10.000
NODATA_value -9999.000
[rows 68 to 101 of 839, columns 154 to 230 of 425]
0.791 0.967 1.172 1.421 1.711 1.991 2.246 2.461 2.645 2.670 2.651 2.768 2.781 2.759 2.825 2.859 2.838 2.772 2.730 2.696 2.672 2.625 2.585 2.582 2.515 2.450 2.390 2.366 2.355 2.318 2.252 2.247 2.219 2.174 2.137 2.085 2.046 2.036 1.942 1.929 1.817 1.826 1.815 1.738 1.725 1.624 1.592 1.523 1.487 1.491 1.427 1.386 1.332 1.282 1.226 1.160 1.170 1.132 1.052 1.028 0.946 0.926 0.831 0.827 0.821 0.723 0.720 0.627 0.620 0.536 0.519 0.517 0.446 0.421 0.351 0.445 0.493
0.922 1.093 1.288 1.522 1.761 2.017 2.294 2.547 2.741 2.736 2.767 2.853 2.868 2.866 2.926 2.933 2.897 2.846 2.774 2.720 2.716 2.654 2.607 2.598 2.562 2.499 2.476 2.409 2.405 2.336 2.297 2.266 2.243 2.192 2.153 2.123 2.032 2.040 1.942 1.920 1.830 1.819 1.812 1.742 1.703 1.635 1.593 1.532 1.492 1.489 1.448 1.376 1.335 1.278 1.220 1.165 1.167 1.128 1.054 1.029 0.941 0.918 0.827 0.826 0.820 0.721 0.721 0.626 0.620 0.535 0.519 0.517 0.443 0.419 0.351 0.447 0.519
1.050 1.275 1.489 1.659 1.840 2.102 2.336 2.672 2.820 2.833 2.932 2.977 2.962 2.967 2.954 2.943 2.938 2.861 2.829 2.742 2.723 2.722 2.664 2.620 2.637 2.548 2.501 2.492 2.435 2.372 2.343 2.263 2.261 2.241 2.155 2.149 2.049 2.035 1.926 1.941 1.824 1.835 1.812 1.732 1.707 1.622 1.616 1.522 1.497 1.493 1.427 1.381 1.336 1.273 1.227 1.163 1.162 1.132 1.054 1.034 0.940 0.921 0.826 0.828 0.821 0.721 0.719 0.627 0.619 0.533 0.518 0.521 0.442 0.419 0.350 0.455 0.525
1.190 1.358 1.578 1.769 1.973 2.199 2.412 2.666 2.964 2.932 3.045 3.021 3.062 3.045 3.064 2.945 2.920 2.929 2.850 2.873 2.761 2.695 2.687 2.653 2.626 2.605 2.546 2.472 2.424 2.362 2.333 2.253 2.264 2.243 2.150 2.122 2.042 2.049 1.939 1.927 1.829 1.822 1.819 1.741 1.710 1.632 1.598 1.518 1.499 1.497 1.426 1.383 1.324 1.269 1.233 1.161 1.162 1.128 1.054 1.025 0.941 0.917 0.826 0.825 0.820 0.720 0.721 0.627 0.618 0.533 0.518 0.518 0.442 0.417 0.350 0.505 0.560
1.317 1.518 1.735 1.921 2.086 2.288 2.510 2.725 2.964 3.106 3.148 3.144 3.151 3.088 3.047 3.061 3.006 2.933 2.917 2.882 2.798 2.760 2.709 2.665 2.589 2.608 2.555 2.486 2.452 2.378 2.347 2.256 2.256 2.242 2.173 2.142 2.054 2.031 1.926 1.930 1.843 1.823 1.825 1.741 1.715 1.633 1.595 1.522 1.495 1.491 1.435 1.374 1.329 1.270 1.229 1.161 1.159 1.125 1.050 1.029 0.942 0.919 0.826 0.825 0.821 0.720 0.721 0.626 0.618 0.532 0.521 0.518 0.442 0.417 0.351 0.505 0.608
1.477 1.706 1.901 2.057 2.245 2.434 2.629 2.797 3.017 3.271 3.238 3.192 3.170 3.112 3.076 3.036 2.953 2.934 2.941 2.866 2.820 2.807 2.730 2.641 2.592 2.601 2.562 2.475 2.472 2.381 2.352 2.253 2.249 2.189 2.164 2.141 2.041 2.024 1.922 1.923 1.824 1.823 1.823 1.723 1.704 1.625 1.594 1.523 1.490 1.486 1.428 1.378 1.322 1.268 1.222 1.155 1.157 1.130 1.055 1.025 0.943 0.922 0.826 0.825 0.820 0.720 0.721 0.627 0.617 0.533 0.517 0.516 0.442 0.416 0.351 0.542 0.643
1.630 1.827 2.022 2.210 2.387 2.565 2.794 2.918 3.142 3.297 3.271 3.213 3.157 3.171 3.089 3.057 2.957 2.965 2.936 2.854 2.809 2.744 2.701 2.659 2.609 2.621 2.561 2.501 2.443 2.368 2.368 2.273 2.246 2.159 2.165 2.162 2.039 2.024 1.932 1.921 1.822 1.820 1.822 1.735 1.712 1.619 1.599 1.535 1.486 1.492 1.426 1.382 1.320 1.267 1.228 1.158 1.159 1.131 1.054 1.024 0.937 0.918 0.827 0.824 0.819 0.721 0.719 0.626 0.617 0.532 0.517 0.516 0.442 0.415 0.349 0.568 0.660
1.767 1.916 2.123 2.344 2.549 2.682 2.874 3.080 3.240 3.287 3.303 3.284 3.167 3.173 3.049 3.039 2.975 2.940 2.962 2.857 2.816 2.773 2.708 2.663 2.615 2.597 2.572 2.504 2.447 2.387 2.347 2.260 2.242 2.167 2.146 2.137 2.040 2.039 1.929 1.955 1.819 1.804 1.826 1.733 1.706 1.633 1.591 1.516 1.493 1.507 1.423 1.378 1.321 1.269 1.223 1.162 1.162 1.131 1.048 1.021 0.939 0.918 0.825 0.825 0.820 0.721 0.721 0.626 0.617 0.532 0.516 0.499 0.437 0.416 0.350 0.570 0.676
1.865 2.043 2.229 2.470 2.758 2.953 3.083 3.159 3.190 3.294 3.301 3.283 3.168 3.185 3.105 3.050 2.959 2.942 2.954 2.896 2.821 2.773 2.718 2.643 2.608 2.608 2.545 2.501 2.475 2.401 2.363 2.289 2.256 2.167 2.156 2.141 2.046 2.037 1.932 1.921 1.830 1.815 1.830 1.734 1.710 1.621 1.605 1.517 1.494 1.486 1.434 1.383 1.324 1.273 1.224 1.160 1.159 1.134 1.056 1.024 0.936 0.917 0.825 0.823 0.820 0.720 0.719 0.626 0.617 0.532 0.516 0.439 0.415 0.416 0.351 0.570 0.729
2.066 2.296 2.549 2.676 2.815 2.880 2.989 3.111 3.161 3.210 3.211 3.202 3.197 3.156 3.069 3.043 2.955 2.916 2.937 2.856 2.811 2.745 2.724 2.641 2.590 2.611 2.553 2.493 2.447 2.372 2.355 2.253 2.250 2.165 2.177 2.150 2.059 2.034 1.936 1.913 1.826 1.815 1.812 1.736 1.704 1.651 1.602 1.526 1.490 1.492 1.448 1.379 1.332 1.275 1.227 1.160 1.166 1.130 1.051 1.025 0.939 0.924 0.827 0.823 0.819 0.720 0.718 0.625 0.617 0.532 0.516 0.439 0.415 0.416 0.351 0.622 0.763
2.287 2.450 2.569 2.699 2.799 2.834 2.959 3.073 3.149 3.170 3.155 3.154 3.178 3.178 3.068 3.073 3.013 2.955 2.926 2.868 2.817 2.752 2.709 2.667 2.596 2.608 2.555 2.494 2.477 2.376 2.337 2.287 2.228 2.153 2.161 2.131 2.039 2.047 1.933 1.945 1.825 1.811 1.824 1.741 1.705 1.622 1.601 1.530 1.489 1.484 1.430 1.381 1.335 1.269 1.229 1.162 1.168 1.127 1.055 1.025 0.943 0.923 0.827 0.824 0.820 0.721 0.718 0.626 0.617 0.533 0.516 0.439 0.416 0.416 0.350 0.633 0.775
2.366 2.487 2.530 2.665 2.766 2.856 2.961 3.082 3.138 3.112 3.130 3.127 3.122 3.111 3.069 3.081 3.073 2.943 2.961 2.864 2.839 2.770 2.697 2.633 2.622 2.605 2.558 2.484 2.445 2.385 2.351 2.280 2.241 2.151 2.161 2.154 2.027 2.026 1.925 1.931 1.818 1.812 1.814 1.723 1.708 1.645 1.593 1.525 1.495 1.503 1.430 1.371 1.326 1.270 1.229 1.162 1.163 1.129 1.054 1.026 0.940 0.924 0.829 0.825 0.821 0.721 0.718 0.626 0.616 0.532 0.515 0.439 0.415 0.416 0.351 0.632 0.803
2.303 2.416 2.520 2.634 2.747 2.849 2.955 3.072 3.064 3.048 3.053 3.062 3.049 3.027 3.061 3.055 3.071 2.966 2.959 2.882 2.826 2.780 2.723 2.653 2.618 2.611 2.543 2.480 2.448 2.378 2.364 2.278 2.252 2.145 2.148 2.136 2.040 2.041 1.921 1.929 1.822 1.819 1.813 1.732 1.698 1.623 1.596 1.534 1.505 1.487 1.427 1.373 1.329 1.276 1.236 1.162 1.164 1.123 1.057 1.032 0.939 0.920 0.826 0.825 0.821 0.720 0.718 0.626 0.617 0.532 0.516 0.439 0.416 0.416 0.351 0.631 0.816
2.325 2.410 2.526 2.621 2.744 2.842 2.937 3.030 3.053 3.076 3.061 3.053 3.070 3.048 3.041 3.039 3.050 2.971 2.938 2.861 2.797 2.758 2.724 2.643 2.592 2.609 2.563 2.479 2.454 2.364 2.339 2.263 2.242 2.177 2.168 2.149 2.052 2.030 1.931 1.921 1.822 1.825 1.820 1.719 1.705 1.629 1.604 1.536 1.490 1.497 1.429 1.384 1.319 1.270 1.227 1.159 1.160 1.126 1.049 1.027 0.938 0.919 0.825 0.823 0.820 0.721 0.718 0.626 0.616 0.532 0.516 0.439 0.415 0.415 0.351 0.625 0.767
2.307 2.441 2.520 2.628 2.761 2.840 2.930 2.956 2.953 2.983 2.972 2.991 2.989 2.967 2.974 2.977 2.945 2.935 2.968 2.854 2.823 2.753 2.727 2.692 2.652 2.609 2.545 2.489 2.443 2.369 2.335 2.255 2.257 2.150 2.158 2.159 2.044 2.033 1.939 1.922 1.835 1.823 1.814 1.728 1.706 1.627 1.604 1.532 1.488 1.490 1.427 1.376 1.331 1.262 1.217 1.159 1.161 1.131 1.054 1.023 0.937 0.919 0.825 0.824 0.819 0.720 0.717 0.625 0.616 0.533 0.515 0.439 0.416 0.415 0.351 0.572 0.729
2.332 2.409 2.535 2.615 2.759 2.833 2.927 2.948 2.979 2.939 2.941 2.943 2.945 2.928 2.927 2.928 2.934 2.973 2.926 2.868 2.845 2.784 2.742 2.722 2.664 2.598 2.552 2.471 2.447 2.374 2.352 2.259 2.259 2.172 2.172 2.150 2.061 2.039 1.942 1.934 1.845 1.823 1.809 1.726 1.699 1.628 1.603 1.523 1.497 1.493 1.427 1.387 1.326 1.266 1.227 1.157 1.155 1.129 1.055 1.028 0.938 0.916 0.825 0.825 0.822 0.722 0.718 0.625 0.616 0.531 0.515 0.439 0.415 0.415 0.351 0.563 0.720
2.313 2.416 2.524 2.623 2.732 2.823 2.883 2.890 2.874 2.948 2.928 2.926 2.930 2.933 2.920 2.899 2.870 2.877 2.877 2.835 2.833 2.817 2.779 2.713 2.687 2.586 2.556 2.481 2.443 2.406 2.350 2.273 2.251 2.192 2.172 2.136 2.064 2.028 1.957 1.950 1.835 1.815 1.813 1.732 1.702 1.624 1.590 1.527 1.485 1.483 1.437 1.383 1.322 1.274 1.231 1.166 1.159 1.132 1.059 1.029 0.938 0.922 0.827 0.825 0.821 0.721 0.718 0.625 0.617 0.533 0.515 0.439 0.415 0.415 0.350 0.561 0.688
2.317 2.427 2.504 2.637 2.733 2.838 2.843 2.837 2.843 2.888 2.904 2.905 2.893 2.913 2.933 2.825 2.831 2.827 2.833 2.819 2.804 2.815 2.762 2.716 2.648 2.599 2.548 2.486 2.438 2.375 2.354 2.325 2.284 2.281 2.143 2.148 2.050 2.048 1.927 1.920 1.826 1.815 1.818 1.730 1.707 1.634 1.598 1.529 1.489 1.485 1.424 1.382 1.338 1.270 1.224 1.165 1.164 1.127 1.057 1.022 0.938 0.922 0.828 0.823 0.820 0.721 0.717 0.625 0.616 0.533 0.515 0.439 0.415 0.415 0.351 0.540 0.644
2.297 2.412 2.520 2.612 2.711 2.759 2.831 2.829 2.837 2.838 2.826 2.806 2.835 2.848 2.811 2.848 2.822 2.848 2.840 2.822 2.811 2.810 2.755 2.725 2.690 2.614 2.570 2.525 2.446 2.406 2.379 2.341 2.281 2.245 2.155 2.143 2.067 2.030 1.946 1.919 1.829 1.816 1.818 1.729 1.704 1.626 1.601 1.533 1.494 1.498 1.431 1.385 1.330 1.276 1.232 1.164 1.156 1.130 1.046 1.021 0.938 0.921 0.832 0.825 0.821 0.723 0.717 0.625 0.616 0.533 0.515 0.439 0.415 0.415 0.350 0.499 0.616
2.305 2.381 2.429 2.532 2.645 2.714 2.745 2.725 2.814 2.810 2.816 2.818 2.851 2.829 2.823 2.827 2.807 2.836 2.836 2.778 2.731 2.740 2.758 2.740 2.657 2.597 2.602 2.553 2.491 2.454 2.383 2.360 2.273 2.262 2.170 2.132 2.041 2.035 1.931 1.940 1.836 1.829 1.816 1.734 1.705 1.625 1.599 1.526 1.495 1.498 1.437 1.382 1.326 1.274 1.224 1.166 1.157 1.132 1.048 1.031 0.945 0.919 0.828 0.826 0.822 0.722 0.717 0.626 0.617 0.533 0.516 0.439 0.415 0.415 0.350 0.498 0.615
2.236 2.339 2.424 2.527 2.634 2.699 2.697 2.716 2.751 2.737 2.753 2.739 2.730 2.728 2.732 2.732 2.748 2.751 2.757 2.731 2.709 2.708 2.723 2.708 2.646 2.594 2.564 2.513 2.475 2.452 2.367 2.355 2.271 2.259 2.145 2.141 2.047 2.035 1.933 1.929 1.916 1.849 1.829 1.727 1.706 1.633 1.596 1.523 1.493 1.501 1.434 1.385 1.332 1.275 1.236 1.170 1.158 1.126 1.045 1.028 0.943 0.926 0.833 0.826 0.822 0.722 0.718 0.627 0.616 0.533 0.515 0.440 0.415 0.415 0.351 0.498 0.571
2.193 2.320 2.420 2.531 2.613 2.666 2.673 2.687 2.710 2.718 2.719 2.720 2.710 2.727 2.704 2.714 2.707 2.719 2.710 2.718 2.721 2.697 2.698 2.697 2.667 2.622 2.556 2.491 2.491 2.460 2.384 2.358 2.267 2.238 2.178 2.156 2.098 2.052 1.987 1.940 1.940 1.864 1.832 1.735 1.714 1.634 1.592 1.528 1.496 1.490 1.433 1.381 1.328 1.277 1.241 1.168 1.161 1.128 1.053 1.030 0.944 0.930 0.833 0.825 0.821 0.723 0.719 0.627 0.616 0.533 0.515 0.440 0.415 0.415 0.351 0.462 0.533
2.189 2.310 2.419 2.537 2.618 2.611 2.608 2.617 2.690 2.694 2.677 2.687 2.684 2.694 2.671 2.668 2.695 2.691 2.683 2.658 2.668 2.668 2.659 2.662 2.640 2.589 2.543 2.486 2.488 2.464 2.370 2.359 2.249 2.253 2.193 2.140 2.152 2.060 2.035 1.939 1.930 1.842 1.822 1.737 1.707 1.633 1.594 1.530 1.486 1.497 1.435 1.394 1.324 1.270 1.228 1.162 1.158 1.134 1.056 1.028 0.941 0.925 0.830 0.827 0.822 0.722 0.717 0.626 0.616 0.534 0.515 0.440 0.415 0.416 0.351 0.437 0.515
2.192 2.304 2.423 2.518 2.603 2.599 2.611 2.617 2.605 2.618 2.601 2.598 2.643 2.585 2.593 2.616 2.597 2.607 2.617 2.597 2.617 2.579 2.615 2.616 2.621 2.612 2.570 2.476 2.495 2.443 2.374 2.335 2.273 2.268 2.248 2.157 2.145 2.045 2.035 1.959 1.916 1.843 1.815 1.738 1.716 1.633 1.594 1.549 1.503 1.499 1.433 1.383 1.334 1.273 1.230 1.162 1.158 1.131 1.053 1.028 0.943 0.926 0.832 0.827 0.804 0.721 0.718 0.626 0.616 0.533 0.515 0.440 0.415 0.416 0.351 0.436 0.503
2.209 2.299 2.420 2.484 2.510 2.507 2.503 2.611 2.605 2.609 2.583 2.621 2.598 2.593 2.605 2.606 2.579 2.596 2.577 2.586 2.586 2.600 2.602 2.615 2.587 2.598 2.564 2.479 2.496 2.463 2.366 2.345 2.279 2.247 2.257 2.156 2.167 2.041 2.052 1.942 1.930 1.841 1.832 1.731 1.712 1.631 1.607 1.600 1.535 1.491 1.434 1.380 1.330 1.271 1.227 1.169 1.169 1.136 1.054 1.029 0.946 0.930 0.832 0.824 0.721 0.719 0.718 0.627 0.616 0.533 0.516 0.441 0.415 0.415 0.351 0.434 0.458
2.181 2.304 2.408 2.479 2.495 2.493 2.505 2.535 2.511 2.514 2.513 2.514 2.509 2.508 2.517 2.515 2.519 2.506 2.509 2.499 2.507 2.509 2.529 2.522 2.504 2.539 2.494 2.498 2.493 2.441 2.374 2.341 2.252 2.259 2.238 2.171 2.160 2.052 2.053 1.931 1.915 1.837 1.827 1.806 1.723 1.697 1.638 1.601 1.538 1.511 1.435 1.382 1.329 1.268 1.230 1.164 1.138 1.068 1.053 1.031 0.947 0.929 0.831 0.820 0.721 0.721 0.721 0.628 0.616 0.534 0.515 0.440 0.415 0.415 0.352 0.385 0.422
2.195 2.307 2.398 2.419 2.427 2.428 2.447 2.493 2.505 2.476 2.488 2.492 2.504 2.486 2.476 2.510 2.495 2.496 2.499 2.474 2.488 2.514 2.469 2.483 2.483 2.499 2.483 2.505 2.494 2.442 2.387 2.335 2.273 2.265 2.256 2.173 2.164 2.050 2.037 1.996 1.942 1.887 1.842 1.820 1.736 1.701 1.635 1.607 1.541 1.506 1.436 1.388 1.331 1.272 1.233 1.171 1.163 1.111 1.055 1.032 0.950 0.929 0.835 0.823 0.722 0.720 0.719 0.628 0.616 0.534 0.515 0.440 0.415 0.415 0.351 0.375 0.415
2.191 2.330 2.340 2.396 2.388 2.383 2.387 2.434 2.433 2.437 2.437 2.439 2.457 2.450 2.443 2.448 2.441 2.463 2.433 2.435 2.438 2.441 2.439 2.451 2.453 2.435 2.439 2.429 2.435 2.417 2.397 2.358 2.277 2.264 2.240 2.160 2.155 2.053 2.043 2.056 1.941 1.931 1.844 1.818 1.738 1.717 1.654 1.595 1.539 1.500 1.444 1.387 1.354 1.305 1.246 1.207 1.168 1.138 1.052 1.037 0.950 0.930 0.832 0.823 0.723 0.719 0.718 0.627 0.616 0.534 0.515 0.440 0.415 0.415 0.351 0.375 0.389
2.188 2.244 2.327 2.349 2.369 2.356 2.383 2.403 2.393 2.378 2.374 2.381 2.373 2.378 2.368 2.400 2.401 2.378 2.389 2.390 2.364 2.373 2.377 2.370 2.387 2.402 2.369 2.362 2.380 2.380 2.372 2.375 2.254 2.272 2.259 2.160 2.144 2.060 2.057 2.040 1.946 1.923 1.841 1.821 1.736 1.712 1.630 1.602 1.544 1.496 1.445 1.412 1.384 1.341 1.285 1.234 1.164 1.129 1.055 1.034 0.947 0.928 0.833 0.822 0.722 0.720 0.719 0.627 0.616 0.533 0.516 0.440 0.415 0.415 0.351 0.359 0.347
2.078 2.188 2.265 2.270 2.271 2.273 2.377 2.396 2.376 2.381 2.382 2.367 2.366 2.409 2.382 2.378 2.373 2.401 2.372 2.372 2.370 2.373 2.375 2.364 2.372 2.377 2.370 2.374 2.371 2.384 2.379 2.334 2.271 2.264 2.251 2.151 2.139 2.043 2.047 2.048 1.949 1.925 1.835 1.822 1.746 1.706 1.634 1.600 1.540 1.486 1.497 1.436 1.386 1.336 1.273 1.242 1.168 1.132 1.052 1.040 0.947 0.926 0.838 0.825 0.733 0.721 0.721 0.629 0.616 0.533 0.515 0.440 0.415 0.415 0.352 0.315 0.315
2.074 2.185 2.265 2.297 2.296 2.260 2.279 2.283 2.292 2.302 2.283 2.282 2.281 2.286 2.275 2.287 2.281 2.282 2.289 2.314 2.294 2.278 2.273 2.280 2.275 2.284 2.286 2.289 2.285 2.269 2.294 2.277 2.255 2.279 2.259 2.146 2.136 2.049 2.066 2.050 1.960 1.920 1.842 1.828 1.727 1.716 1.702 1.639 1.589 1.534 1.493 1.442 1.383 1.336 1.273 1.231 1.170 1.134 1.052 1.032 0.942 0.938 0.919 0.832 0.814 0.725 0.720 0.629 0.617 0.534 0.516 0.441 0.416 0.415 0.352 0.315 0.315
2.081 2.168 2.202 2.203 2.200 2.211 2.268 2.273 2.297 2.280 2.252 2.258 2.264 2.295 2.263 2.269 2.267 2.258 2.268 2.273 2.277 2.271 2.274 2.263 2.264 2.257 2.268 2.269 2.267 2.267 2.269 2.281 2.256 2.261 2.246 2.159 2.145 2.034 2.032 2.074 1.939 1.927 1.849 1.828 1.788 1.745 1.708 1.657 1.596 1.551 1.501 1.442 1.383 1.338 1.270 1.231 1.172 1.129 1.053 1.052 1.006 0.941 0.934 0.833 0.828 0.729 0.724 0.631 0.619 0.535 0.517 0.442 0.416 0.415 0.352 0.315 0.276
2.063 2.122 2.161 2.162 2.159 2.175 2.211 2.231 2.206 2.211 2.242 2.219 2.222 2.207 2.209 2.226 2.220 2.209 2.204 2.213 2.209 2.201 2.232 2.228 2.203 2.229 2.209 2.235 2.207 2.217 2.216 2.211 2.237 2.221 2.195 2.165 2.168 2.037 2.045 2.039 1.940 1.922 1.839 1.818 1.822 1.764 1.728 1.644 1.596 1.545 1.503 1.450 1.380 1.348 1.273 1.262 1.203 1.148 1.095 1.052 1.034 0.949 0.940 0.835 0.830 0.731 0.723 0.630 0.618 0.535 0.516 0.442 0.416 0.416 0.352 0.316 0.259
2.038 2.080 2.124 2.116 2.148 2.171 2.152 2.165 2.158 2.154 2.152 2.158 2.176 2.146 2.164 2.172 2.166 2.152 2.165 2.162 2.166 2.164 2.156 2.150 2.162 2.184 2.151 2.155 2.145 2.151 2.148 2.152 2.140 2.154 2.153 2.155 2.145 2.052 2.034 2.044 1.954 1.932 1.840 1.832 1.817 1.747 1.719 1.646 1.607 1.548 1.497 1.448 1.384 1.351 1.298 1.269 1.242 1.164 1.145 1.054 1.033 0.950 0.938 0.834 0.830 0.729 0.722 0.632 0.621 0.563 0.524 0.467 0.425 0.416 0.352 0.315 0.259
