DFSS/03_Furuegawa/04_EXE_SIMU/02_DF/output_DF/res_hmax.asc
ncols  425
nrows  839
xllcorner       9390.000
yllcorner     -10360.000
cellsize     10.000
NODATA_value -9999.000
[rows 306 to 339 of 839, columns 231 to 307 of 425]
0.306 0.339 0.360 0.380 0.364 0.423 0.443 0.482 0.470 0.483 0.446 0.420 0.366 0.303 0.199 0.106 0.031 0.010 0.010 0.010 0.067 0.073 0.097 0.123 0.140 0.201 0.257 0.271 0.289 0.345 0.342 0.340 0.360 0.361 0.373 0.358 0.339 0.349 0.341 0.355 0.346 0.327 0.336 0.317 0.278 0.236 0.203 0.169 0.127 0.090 0.063 0.037 0.014 0.010 0.000 0.000 0.000 0.000 0.002 0.010 0.024 0.054 0.080 0.090 0.105 0.130 0.134 0.184 0.199 0.152 0.121 0.115 0.116 0.114 0.078 0.048 0.031
0.311 0.334 0.359 0.381 0.380 0.427 0.469 0.473 0.487 0.465 0.450 0.396 0.345 0.280 0.175 0.088 0.023 0.010 0.010 0.072 0.100 0.118 0.155 0.169 0.195 0.250 0.289 0.326 0.343 0.396 0.385 0.362 0.356 0.368 0.366 0.372 0.347 0.334 0.336 0.338 0.350 0.326 0.307 0.271 0.230 0.190 0.152 0.114 0.076 0.057 0.054 0.032 0.011 0.009 0.000 0.000 0.000 0.000 0.000 0.005 0.014 0.044 0.070 0.082 0.104 0.152 0.160 0.184 0.188 0.167 0.126 0.109 0.106 0.105 0.085 0.065 0.035
0.314 0.340 0.355 0.379 0.394 0.438 0.487 0.473 0.496 0.457 0.447 0.378 0.334 0.248 0.156 0.069 0.017 0.010 0.011 0.120 0.118 0.156 0.204 0.215 0.251 0.300 0.326 0.378 0.390 0.435 0.419 0.389 0.357 0.385 0.359 0.364 0.363 0.332 0.328 0.324 0.330 0.300 0.253 0.201 0.176 0.152 0.121 0.091 0.061 0.047 0.039 0.014 0.011 0.002 0.000 0.000 0.000 0.000 0.000 0.004 0.010 0.035 0.070 0.080 0.121 0.157 0.164 0.175 0.168 0.165 0.138 0.122 0.116 0.112 0.087 0.063 0.036
0.307 0.352 0.364 0.388 0.408 0.462 0.491 0.492 0.490 0.466 0.433 0.371 0.319 0.217 0.137 0.054 0.014 0.011 0.021 0.133 0.135 0.185 0.245 0.271 0.317 0.360 0.381 0.424 0.426 0.451 0.439 0.409 0.375 0.391 0.377 0.343 0.360 0.352 0.317 0.317 0.295 0.246 0.194 0.145 0.141 0.135 0.108 0.081 0.057 0.035 0.015 0.010 0.001 0.000 0.000 0.000 0.000 0.000 0.000 0.003 0.010 0.031 0.077 0.088 0.139 0.140 0.147 0.179 0.160 0.149 0.143 0.135 0.127 0.121 0.088 0.057 0.035
0.298 0.348 0.390 0.412 0.441 0.474 0.476 0.505 0.466 0.467 0.404 0.357 0.293 0.201 0.120 0.047 0.022 0.018 0.150 0.159 0.171 0.235 0.298 0.345 0.400 0.414 0.423 0.454 0.449 0.455 0.447 0.420 0.384 0.350 0.367 0.361 0.331 0.361 0.341 0.284 0.267 0.221 0.175 0.141 0.108 0.074 0.045 0.021 0.010 0.008 0.000 0.000 0.000 0.000 0.000 0.000 0.000 0.000 0.000 0.001 0.010 0.030 0.100 0.114 0.125 0.127 0.144 0.203 0.165 0.149 0.132 0.117 0.107 0.095 0.087 0.077 0.033
0.298 0.342 0.391 0.415 0.464 0.462 0.493 0.507 0.476 0.462 0.402 0.343 0.254 0.182 0.098 0.034 0.033 0.091 0.172 0.183 0.248 0.325 0.362 0.387 0.422 0.440 0.446 0.458 0.447 0.436 0.440 0.424 0.390 0.362 0.342 0.366 0.355 0.336 0.350 0.270 0.191 0.128 0.091 0.066 0.044 0.019 0.011 0.007 0.000 0.000 0.000 0.000 0.000 0.000 0.000 0.000 0.000 0.000 0.000 0.000 0.000 0.046 0.071 0.094 0.121 0.125 0.173 0.189 0.183 0.183 0.139 0.115 0.102 0.087 0.074 0.054 0.030
0.312 0.347 0.409 0.438 0.480 0.473 0.510 0.488 0.482 0.436 0.394 0.311 0.231 0.167 0.096 0.106 0.147 0.197 0.196 0.229 0.318 0.399 0.425 0.452 0.477 0.472 0.461 0.460 0.446 0.419 0.408 0.379 0.350 0.367 0.340 0.345 0.372 0.353 0.330 0.131 0.065 0.025 0.009 0.000 0.000 0.000 0.000 0.000 0.000 0.000 0.000 0.000 0.000 0.000 0.000 0.000 0.000 0.000 0.000 0.000 0.001 0.032 0.060 0.090 0.143 0.151 0.171 0.172 0.169 0.168 0.151 0.138 0.123 0.106 0.093 0.057 0.024
0.321 0.365 0.420 0.464 0.477 0.491 0.517 0.483 0.481 0.423 0.381 0.288 0.217 0.151 0.105 0.098 0.140 0.203 0.251 0.321 0.411 0.472 0.484 0.502 0.504 0.478 0.459 0.453 0.437 0.412 0.384 0.353 0.327 0.345 0.319 0.330 0.356 0.374 0.260 0.026 0.010 0.010 0.000 0.000 0.000 0.000 0.000 0.000 0.000 0.000 0.000 0.000 0.000 0.000 0.000 0.000 0.000 0.000 0.000 0.000 0.010 0.023 0.058 0.107 0.142 0.151 0.163 0.163 0.159 0.154 0.148 0.140 0.119 0.097 0.083 0.057 0.030
0.322 0.389 0.427 0.483 0.475 0.503 0.507 0.493 0.466 0.421 0.356 0.273 0.202 0.142 0.124 0.113 0.145 0.188 0.292 0.441 0.523 0.546 0.536 0.529 0.511 0.468 0.442 0.423 0.408 0.391 0.370 0.344 0.316 0.312 0.288 0.324 0.331 0.367 0.133 0.010 0.004 0.000 0.000 0.000 0.000 0.000 0.000 0.000 0.000 0.000 0.000 0.000 0.000 0.000 0.000 0.000 0.000 0.000 0.000 0.000 0.007 0.018 0.065 0.119 0.124 0.136 0.169 0.173 0.167 0.160 0.150 0.140 0.108 0.079 0.064 0.051 0.030
0.326 0.406 0.451 0.492 0.495 0.506 0.485 0.497 0.439 0.413 0.323 0.255 0.187 0.147 0.151 0.154 0.165 0.177 0.324 0.571 0.634 0.598 0.572 0.553 0.496 0.447 0.396 0.355 0.339 0.330 0.309 0.286 0.265 0.310 0.307 0.286 0.338 0.314 0.010 0.010 0.010 0.001 0.000 0.000 0.000 0.000 0.000 0.000 0.000 0.000 0.000 0.000 0.000 0.000 0.000 0.000 0.000 0.000 0.000 0.000 0.003 0.013 0.082 0.103 0.113 0.138 0.191 0.195 0.188 0.179 0.168 0.157 0.113 0.077 0.063 0.047 0.021
0.340 0.401 0.467 0.478 0.510 0.488 0.493 0.492 0.442 0.399 0.313 0.240 0.191 0.171 0.194 0.223 0.278 0.364 0.471 0.570 0.590 0.544 0.488 0.450 0.414 0.418 0.386 0.358 0.352 0.341 0.322 0.300 0.276 0.270 0.311 0.307 0.288 0.170 0.010 0.010 0.011 0.000 0.000 0.000 0.000 0.000 0.000 0.000 0.000 0.000 0.000 0.000 0.000 0.000 0.000 0.000 0.000 0.000 0.000 0.000 0.010 0.016 0.056 0.097 0.112 0.168 0.182 0.179 0.171 0.160 0.147 0.133 0.117 0.101 0.086 0.067 0.016
0.354 0.415 0.478 0.492 0.520 0.500 0.498 0.467 0.442 0.370 0.299 0.221 0.205 0.204 0.252 0.304 0.406 0.488 0.541 0.550 0.514 0.446 0.386 0.340 0.312 0.333 0.325 0.313 0.301 0.286 0.272 0.254 0.236 0.269 0.281 0.320 0.230 0.014 0.014 0.011 0.011 0.000 0.000 0.000 0.000 0.000 0.000 0.000 0.000 0.000 0.000 0.000 0.000 0.000 0.000 0.000 0.000 0.000 0.000 0.000 0.011 0.011 0.042 0.116 0.138 0.159 0.174 0.173 0.166 0.154 0.138 0.121 0.104 0.085 0.067 0.040 0.010
0.355 0.430 0.472 0.510 0.513 0.516 0.486 0.458 0.435 0.355 0.285 0.221 0.232 0.253 0.319 0.404 0.477 0.519 0.518 0.470 0.393 0.313 0.248 0.210 0.207 0.250 0.248 0.241 0.230 0.226 0.251 0.241 0.227 0.247 0.271 0.291 0.126 0.010 0.016 0.011 0.011 0.000 0.000 0.000 0.000 0.000 0.000 0.000 0.000 0.000 0.000 0.000 0.000 0.000 0.000 0.000 0.000 0.000 0.000 0.000 0.011 0.011 0.046 0.104 0.139 0.149 0.189 0.194 0.185 0.172 0.154 0.136 0.115 0.094 0.074 0.036 0.010
0.355 0.440 0.470 0.524 0.511 0.528 0.480 0.461 0.417 0.351 0.270 0.241 0.273 0.310 0.401 0.466 0.475 0.453 0.406 0.338 0.262 0.190 0.129 0.097 0.110 0.149 0.175 0.196 0.190 0.193 0.232 0.256 0.243 0.232 0.264 0.236 0.031 0.010 0.015 0.011 0.011 0.000 0.000 0.000 0.000 0.000 0.000 0.000 0.000 0.000 0.000 0.000 0.000 0.000 0.000 0.000 0.000 0.000 0.000 0.002 0.010 0.011 0.037 0.081 0.141 0.159 0.200 0.203 0.192 0.178 0.159 0.138 0.116 0.091 0.069 0.034 0.010
0.365 0.443 0.488 0.527 0.530 0.529 0.495 0.454 0.394 0.346 0.263 0.276 0.319 0.367 0.453 0.462 0.408 0.325 0.257 0.209 0.162 0.117 0.080 0.062 0.064 0.084 0.121 0.163 0.181 0.195 0.200 0.248 0.234 0.253 0.233 0.166 0.029 0.010 0.014 0.012 0.011 0.007 0.000 0.000 0.000 0.000 0.000 0.000 0.000 0.000 0.000 0.000 0.000 0.000 0.000 0.000 0.000 0.000 0.000 0.000 0.010 0.013 0.017 0.071 0.153 0.178 0.192 0.188 0.175 0.159 0.139 0.118 0.095 0.069 0.045 0.029 0.011
0.360 0.430 0.500 0.512 0.547 0.514 0.507 0.435 0.395 0.342 0.283 0.324 0.357 0.407 0.414 0.373 0.308 0.234 0.164 0.132 0.118 0.092 0.067 0.059 0.063 0.070 0.076 0.099 0.123 0.181 0.196 0.213 0.211 0.262 0.250 0.073 0.058 0.013 0.013 0.011 0.012 0.012 0.000 0.000 0.000 0.000 0.000 0.000 0.000 0.000 0.000 0.000 0.000 0.000 0.000 0.000 0.000 0.000 0.000 0.000 0.014 0.011 0.011 0.077 0.135 0.166 0.190 0.186 0.171 0.154 0.133 0.112 0.088 0.063 0.040 0.024 0.010
0.347 0.438 0.508 0.527 0.557 0.530 0.514 0.443 0.398 0.338 0.324 0.377 0.408 0.410 0.361 0.288 0.230 0.177 0.134 0.109 0.098 0.078 0.057 0.052 0.057 0.064 0.066 0.076 0.081 0.130 0.179 0.218 0.218 0.236 0.206 0.093 0.056 0.019 0.016 0.012 0.011 0.011 0.000 0.000 0.000 0.000 0.000 0.000 0.000 0.000 0.000 0.000 0.000 0.000 0.000 0.000 0.000 0.000 0.000 0.003 0.011 0.011 0.014 0.048 0.125 0.167 0.218 0.214 0.197 0.179 0.157 0.137 0.110 0.081 0.055 0.024 0.011
0.348 0.439 0.499 0.544 0.548 0.552 0.507 0.459 0.397 0.368 0.377 0.414 0.416 0.389 0.323 0.250 0.185 0.150 0.125 0.107 0.098 0.076 0.054 0.051 0.058 0.065 0.069 0.084 0.083 0.108 0.153 0.188 0.206 0.228 0.162 0.089 0.081 0.038 0.024 0.015 0.011 0.011 0.000 0.001 0.000 0.000 0.000 0.000 0.000 0.000 0.000 0.000 0.000 0.000 0.000 0.000 0.000 0.000 0.000 0.010 0.010 0.011 0.018 0.031 0.124 0.192 0.221 0.212 0.193 0.171 0.150 0.125 0.093 0.060 0.033 0.011 0.007
0.353 0.429 0.498 0.557 0.549 0.570 0.514 0.481 0.393 0.416 0.418 0.416 0.387 0.357 0.287 0.224 0.173 0.134 0.116 0.101 0.093 0.072 0.052 0.052 0.062 0.072 0.075 0.086 0.084 0.109 0.138 0.155 0.173 0.178 0.127 0.070 0.087 0.055 0.028 0.027 0.013 0.011 0.007 0.010 0.000 0.000 0.000 0.000 0.000 0.000 0.000 0.000 0.000 0.000 0.000 0.000 0.000 0.000 0.000 0.010 0.010 0.010 0.019 0.037 0.140 0.206 0.212 0.199 0.179 0.155 0.138 0.110 0.076 0.045 0.023 0.010 0.003
0.352 0.421 0.508 0.559 0.572 0.576 0.549 0.501 0.399 0.438 0.413 0.380 0.347 0.324 0.262 0.208 0.164 0.124 0.108 0.093 0.084 0.068 0.053 0.055 0.069 0.077 0.079 0.083 0.084 0.115 0.133 0.154 0.143 0.103 0.090 0.062 0.047 0.044 0.028 0.034 0.021 0.011 0.010 0.010 0.000 0.000 0.000 0.000 0.000 0.000 0.000 0.000 0.000 0.000 0.000 0.000 0.000 0.000 0.000 0.010 0.010 0.012 0.022 0.058 0.166 0.196 0.204 0.192 0.172 0.145 0.140 0.110 0.073 0.043 0.021 0.010 0.006
0.348 0.431 0.506 0.547 0.594 0.570 0.588 0.516 0.429 0.402 0.364 0.335 0.311 0.291 0.255 0.205 0.162 0.121 0.106 0.091 0.079 0.067 0.055 0.061 0.075 0.070 0.078 0.088 0.091 0.110 0.139 0.163 0.117 0.071 0.058 0.051 0.031 0.033 0.025 0.019 0.021 0.013 0.010 0.010 0.005 0.000 0.000 0.000 0.000 0.000 0.000 0.000 0.000 0.000 0.000 0.000 0.000 0.000 0.001 0.010 0.014 0.035 0.056 0.094 0.142 0.181 0.197 0.182 0.162 0.134 0.146 0.115 0.081 0.052 0.018 0.014 0.011
0.328 0.434 0.492 0.563 0.611 0.602 0.622 0.565 0.423 0.382 0.341 0.320 0.300 0.277 0.264 0.209 0.161 0.118 0.104 0.089 0.075 0.068 0.064 0.065 0.071 0.073 0.086 0.079 0.088 0.119 0.155 0.143 0.097 0.069 0.059 0.046 0.034 0.032 0.020 0.016 0.013 0.011 0.010 0.010 0.010 0.000 0.000 0.000 0.000 0.000 0.000 0.000 0.000 0.000 0.000 0.000 0.000 0.000 0.001 0.010 0.019 0.016 0.025 0.049 0.084 0.148 0.173 0.156 0.134 0.106 0.099 0.058 0.035 0.018 0.000 0.000 0.000
0.322 0.435 0.500 0.572 0.609 0.639 0.632 0.581 0.439 0.387 0.335 0.317 0.296 0.271 0.258 0.208 0.161 0.117 0.102 0.087 0.073 0.066 0.061 0.065 0.077 0.079 0.082 0.077 0.096 0.112 0.149 0.123 0.094 0.069 0.060 0.044 0.038 0.035 0.023 0.018 0.016 0.012 0.010 0.010 0.010 0.001 0.000 0.000 0.000 0.000 0.000 0.000 0.000 0.000 0.000 0.000 0.000 0.000 0.001 0.010 0.016 0.023 0.029 0.052 0.082 0.132 0.155 0.161 0.139 0.104 0.098 0.067 0.046 0.027 0.000 0.000 0.000
0.318 0.422 0.512 0.567 0.621 0.673 0.651 0.583 0.465 0.411 0.336 0.317 0.293 0.267 0.249 0.208 0.161 0.115 0.101 0.085 0.071 0.067 0.064 0.068 0.078 0.079 0.083 0.082 0.097 0.106 0.152 0.123 0.101 0.074 0.066 0.047 0.041 0.038 0.024 0.020 0.017 0.012 0.010 0.010 0.010 0.000 0.000 0.000 0.000 0.000 0.000 0.000 0.000 0.000 0.000 0.000 0.000 0.000 0.001 0.010 0.016 0.027 0.029 0.055 0.084 0.126 0.149 0.155 0.147 0.106 0.098 0.071 0.049 0.025 0.000 0.000 0.000
0.313 0.407 0.519 0.566 0.651 0.687 0.673 0.587 0.489 0.444 0.342 0.317 0.289 0.264 0.242 0.212 0.162 0.112 0.099 0.083 0.072 0.068 0.066 0.070 0.077 0.080 0.085 0.085 0.096 0.110 0.155 0.128 0.111 0.080 0.077 0.054 0.044 0.041 0.025 0.021 0.018 0.012 0.010 0.010 0.010 0.000 0.000 0.000 0.000 0.000 0.000 0.000 0.000 0.000 0.000 0.000 0.000 0.000 0.001 0.011 0.014 0.027 0.032 0.058 0.086 0.123 0.149 0.147 0.149 0.108 0.098 0.073 0.052 0.025 0.004 0.000 0.000
0.312 0.409 0.518 0.587 0.673 0.676 0.660 0.599 0.515 0.468 0.356 0.322 0.287 0.261 0.236 0.218 0.165 0.110 0.099 0.083 0.074 0.067 0.060 0.071 0.084 0.083 0.078 0.083 0.104 0.116 0.143 0.122 0.109 0.079 0.082 0.056 0.045 0.042 0.025 0.021 0.018 0.012 0.010 0.010 0.010 0.002 0.000 0.000 0.000 0.000 0.000 0.000 0.000 0.000 0.000 0.000 0.000 0.000 0.002 0.012 0.014 0.027 0.037 0.062 0.089 0.122 0.151 0.145 0.142 0.109 0.100 0.077 0.056 0.026 0.000 0.000 0.000
0.289 0.401 0.494 0.603 0.689 0.698 0.655 0.634 0.561 0.486 0.389 0.336 0.286 0.260 0.232 0.209 0.161 0.109 0.102 0.090 0.072 0.060 0.064 0.077 0.075 0.077 0.080 0.091 0.094 0.108 0.145 0.129 0.098 0.079 0.052 0.069 0.053 0.052 0.026 0.021 0.018 0.013 0.010 0.010 0.010 0.002 0.000 0.000 0.000 0.000 0.000 0.000 0.000 0.000 0.000 0.000 0.000 0.000 0.002 0.013 0.017 0.026 0.039 0.055 0.097 0.123 0.159 0.147 0.142 0.116 0.110 0.076 0.049 0.027 0.010 0.000 0.000
0.293 0.391 0.492 0.601 0.670 0.695 0.669 0.622 0.570 0.501 0.421 0.365 0.291 0.260 0.229 0.203 0.162 0.116 0.100 0.081 0.067 0.064 0.068 0.074 0.076 0.085 0.087 0.084 0.092 0.112 0.156 0.117 0.102 0.069 0.053 0.053 0.038 0.040 0.032 0.026 0.022 0.013 0.010 0.010 0.010 0.003 0.000 0.000 0.000 0.000 0.000 0.000 0.000 0.000 0.000 0.000 0.000 0.000 0.006 0.012 0.017 0.022 0.035 0.061 0.093 0.131 0.149 0.153 0.152 0.114 0.103 0.078 0.056 0.026 0.000 0.000 0.000
0.297 0.368 0.492 0.583 0.665 0.702 0.666 0.605 0.584 0.524 0.459 0.393 0.300 0.261 0.226 0.199 0.158 0.113 0.097 0.079 0.065 0.062 0.070 0.078 0.080 0.082 0.085 0.081 0.099 0.123 0.151 0.110 0.096 0.063 0.060 0.049 0.041 0.035 0.028 0.024 0.019 0.014 0.010 0.010 0.010 0.010 0.000 0.000 0.000 0.000 0.000 0.000 0.000 0.000 0.000 0.000 0.000 0.000 0.010 0.012 0.018 0.020 0.037 0.056 0.094 0.129 0.143 0.150 0.148 0.117 0.107 0.077 0.051 0.027 0.001 0.000 0.000
0.299 0.348 0.485 0.565 0.660 0.721 0.659 0.606 0.589 0.535 0.487 0.414 0.321 0.266 0.223 0.198 0.151 0.109 0.093 0.076 0.061 0.060 0.073 0.079 0.080 0.078 0.087 0.085 0.102 0.127 0.142 0.111 0.088 0.064 0.061 0.050 0.041 0.035 0.024 0.022 0.017 0.016 0.010 0.010 0.010 0.010 0.001 0.000 0.000 0.000 0.000 0.000 0.000 0.000 0.000 0.000 0.000 0.000 0.010 0.011 0.018 0.021 0.038 0.058 0.102 0.125 0.146 0.151 0.147 0.118 0.108 0.078 0.051 0.027 0.004 0.000 0.000
0.297 0.344 0.468 0.564 0.633 0.725 0.667 0.621 0.570 0.521 0.497 0.435 0.359 0.281 0.223 0.198 0.147 0.110 0.087 0.067 0.059 0.065 0.075 0.073 0.078 0.080 0.094 0.089 0.096 0.126 0.142 0.112 0.086 0.067 0.057 0.052 0.037 0.037 0.022 0.021 0.017 0.015 0.010 0.010 0.010 0.010 0.002 0.000 0.000 0.000 0.000 0.000 0.000 0.000 0.000 0.000 0.000 0.000 0.010 0.011 0.018 0.025 0.039 0.067 0.110 0.127 0.149 0.155 0.151 0.119 0.104 0.079 0.054 0.027 0.005 0.000 0.000
0.276 0.342 0.428 0.558 0.626 0.682 0.638 0.615 0.566 0.522 0.530 0.475 0.413 0.317 0.233 0.206 0.149 0.105 0.079 0.067 0.066 0.068 0.072 0.075 0.088 0.085 0.085 0.083 0.099 0.139 0.149 0.097 0.092 0.056 0.065 0.044 0.039 0.031 0.022 0.018 0.014 0.015 0.010 0.010 0.010 0.010 0.002 0.000 0.000 0.000 0.000 0.000 0.000 0.000 0.000 0.000 0.000 0.000 0.010 0.013 0.018 0.030 0.045 0.064 0.103 0.133 0.142 0.144 0.139 0.124 0.112 0.078 0.047 0.028 0.010 0.000 0.000
0.284 0.339 0.404 0.524 0.597 0.654 0.627 0.644 0.597 0.556 0.558 0.506 0.468 0.374 0.269 0.218 0.142 0.101 0.081 0.065 0.060 0.068 0.080 0.079 0.080 0.079 0.084 0.087 0.110 0.130 0.135 0.093 0.082 0.056 0.058 0.043 0.045 0.030 0.025 0.018 0.017 0.014 0.010 0.010 0.010 0.010 0.006 0.000 0.000 0.000 0.000 0.000 0.000 0.000 0.000 0.000 0.000 0.000 0.010 0.016 0.020 0.028 0.039 0.071 0.107 0.124 0.139 0.143 0.138 0.120 0.102 0.080 0.054 0.029 0.000 0.000 0.000
0.290 0.313 0.378 0.514 0.590 0.654 0.644 0.671 0.632 0.610 0.584 0.547 0.500 0.403 0.303 0.231 0.146 0.103 0.076 0.061 0.062 0.071 0.077 0.074 0.077 0.081 0.092 0.094 0.108 0.127 0.128 0.097 0.077 0.061 0.055 0.047 0.042 0.031 0.022 0.019 0.015 0.015 0.010 0.010 0.010 0.010 0.010 0.000 0.000 0.000 0.000 0.000 0.000 0.000 0.000 0.000 0.000 0.000 0.010 0.015 0.023 0.031 0.040 0.067 0.115 0.120 0.139 0.143 0.139 0.121 0.100 0.076 0.049 0.024 0.000 0.000 0.000
