proj:       3
zone:       0
north:      31:40N
south:      31:30N
east:       130:45E
west:       130:30E
cols:       2250
rows:       1500
e-w resol:  0:00:00.4
n-s resol:  0:00:00.4
top:        1.000000000000000
bottom:     0.000000000000000
cols3:      2250
rows3:      1500
depths:     1
e-w resol3: 0:00:00.4
n-s resol3: 0:00:00.4
t-b resol:  1
