xy=(131.1336120 32.9656112)
xy=(12435 -4605)