DFSS/01_Terauchi/04_EXE_SIMU/01_RR_DR/output_RR/res_2d_hsmax.asc
ncols  372
nrows  253
xllcorner     -26340.000
yllcorner      43260.000
cellsize     30.000
NODATA_value     0.000
[rows 102 to 135 of 253, columns 154 to 230 of 372]
0.263 0.298 0.239 1.000 1.000 0.641 0.305 0.326 0.395 0.424 1.000 1.000 1.000 1.000 1.000 0.196 1.000 0.436 0.512 0.347 0.455 0.959 1.000 0.824 0.663 0.182 1.000 0.207 0.349 1.000 0.899 0.278 0.497 0.817 0.339 0.141 0.334 0.550 0.552 0.222 0.275 0.399 0.411 1.000 1.000 1.000 0.477 0.238 0.321 0.197 0.241 0.276 0.827 1.000 1.000 0.311 0.216 0.179 0.422 0.555 0.662 1.000 1.000 0.827 1.000 1.000 1.000 1.000 1.000 1.000 1.000 1.000 0.479 0.210 0.191 0.153 0.139
0.122 0.227 0.358 0.392 0.897 0.622 0.383 0.244 0.481 1.000 1.000 0.829 1.000 0.470 0.717 0.205 1.000 0.422 0.445 0.274 0.210 0.207 0.405 0.720 0.640 0.119 1.000 0.206 0.398 1.000 0.499 0.249 0.462 0.436 0.213 0.172 0.258 0.457 0.363 0.347 0.502 0.419 0.437 0.330 0.313 0.294 0.258 0.406 0.140 0.161 0.107 0.153 0.434 1.000 1.000 1.000 1.000 0.503 1.000 1.000 1.000 0.514 1.000 0.269 0.299 0.512 0.275 0.608 0.590 0.730 1.000 1.000 1.000 1.000 0.624 0.273 0.111
0.245 0.132 0.186 0.189 0.615 0.689 0.454 0.293 0.247 0.398 0.456 0.441 0.692 0.632 1.000 0.374 0.640 1.000 0.807 0.867 0.726 0.367 0.152 0.348 0.442 0.166 1.000 0.169 0.496 1.000 0.545 0.267 0.236 0.170 0.191 0.182 0.222 0.424 0.423 0.646 0.503 0.478 0.397 0.403 0.257 0.818 1.000 1.000 1.000 0.974 0.609 0.526 0.434 1.000 1.000 1.000 0.467 0.976 0.341 0.183 0.211 0.178 0.969 0.843 0.236 0.397 0.375 0.492 0.549 0.456 0.597 0.974 0.806 0.428 0.270 0.281 0.149
0.413 0.195 0.066 0.069 0.112 0.391 0.543 0.364 0.220 0.372 0.353 0.277 0.542 0.674 0.467 0.250 0.490 1.000 0.435 0.315 0.423 0.755 0.468 0.269 0.219 0.433 1.000 0.147 0.892 1.000 0.633 0.222 0.096 0.150 0.471 0.389 0.226 0.177 0.218 0.242 0.299 0.494 0.481 0.652 0.610 0.897 0.507 0.349 0.868 1.000 1.000 1.000 1.000 1.000 1.000 1.000 0.344 0.121 0.107 0.094 0.103 0.134 0.160 0.989 0.472 0.411 0.605 0.649 0.690 0.729 0.589 0.601 0.583 0.363 0.238 0.099 0.174
0.207 0.142 0.218 0.207 0.334 0.186 0.161 0.189 0.234 0.399 0.240 0.271 0.359 0.513 0.320 0.187 0.400 0.515 1.000 0.277 0.164 0.114 0.239 0.308 0.296 0.616 1.000 0.158 0.270 0.581 0.866 0.186 0.149 0.395 0.653 1.000 0.763 0.154 0.163 0.233 0.499 0.682 0.581 0.514 0.558 0.790 0.732 0.547 0.410 0.293 0.311 0.297 0.464 1.000 1.000 1.000 1.000 0.365 0.300 0.889 0.584 0.163 0.110 0.105 0.253 0.263 0.353 0.388 0.428 0.420 0.542 0.532 0.410 0.164 0.084 0.163 0.243
0.127 0.314 0.262 0.644 1.000 0.389 0.184 0.191 0.140 0.142 0.113 0.177 0.179 0.341 0.170 0.165 0.212 0.327 1.000 0.987 0.340 0.478 0.364 0.420 0.290 0.295 0.638 0.242 0.135 0.327 0.246 0.077 0.173 0.253 0.578 1.000 1.000 0.322 0.167 0.268 0.328 0.452 0.480 0.399 0.369 0.475 0.525 0.312 0.197 0.205 0.260 0.311 1.000 1.000 1.000 1.000 1.000 0.656 0.984 0.577 0.156 0.285 0.509 0.200 0.436 0.652 0.201 0.331 0.375 0.335 0.293 0.259 0.222 0.126 0.120 0.559 0.302
0.160 0.629 0.270 1.000 0.559 0.206 0.233 0.333 0.331 0.185 0.127 0.189 0.186 0.192 0.120 0.101 0.136 0.205 0.220 1.000 1.000 1.000 0.487 0.636 0.378 0.244 0.301 0.290 0.386 0.157 0.103 0.099 0.215 0.256 0.251 0.297 1.000 1.000 0.180 0.293 0.306 0.434 0.631 0.343 0.329 0.518 0.465 0.217 0.185 0.339 0.286 1.000 1.000 0.255 0.698 1.000 1.000 1.000 1.000 0.987 0.906 1.000 1.000 1.000 1.000 0.935 0.473 0.502 0.631 0.437 0.422 0.317 0.240 0.161 0.173 0.974 0.402
0.181 0.598 0.704 0.956 0.230 0.162 0.514 0.702 0.339 0.245 0.263 0.453 0.262 0.181 0.345 0.123 0.257 0.157 0.106 0.163 1.000 0.821 1.000 0.731 0.273 0.261 0.359 0.544 0.565 0.104 0.162 0.258 0.270 0.494 0.282 0.202 0.205 0.716 1.000 0.389 0.344 0.336 0.558 0.832 0.216 0.703 0.273 0.239 0.307 0.342 0.485 1.000 0.251 0.195 0.984 0.942 1.000 1.000 1.000 1.000 0.386 0.260 0.441 0.251 0.243 0.249 0.192 0.283 0.330 0.308 0.389 0.254 0.158 0.360 0.312 0.988 0.563
0.256 0.584 1.000 0.572 0.329 0.420 1.000 0.440 0.180 0.344 0.459 0.692 0.377 0.216 0.695 0.236 0.608 0.255 0.143 0.089 0.238 0.161 0.540 0.628 0.411 0.359 0.279 0.307 1.000 0.296 0.368 0.469 0.310 0.692 0.197 0.300 0.240 0.253 0.258 0.968 1.000 0.717 0.556 1.000 0.193 0.617 0.378 0.285 0.312 0.409 1.000 1.000 0.184 0.163 0.622 1.000 0.930 0.886 1.000 1.000 0.219 0.177 0.139 0.134 0.192 0.137 0.400 0.362 0.135 0.435 0.305 0.257 0.125 0.250 0.669 1.000 0.409
0.444 0.714 1.000 0.624 0.563 1.000 0.707 0.200 0.312 1.000 0.391 0.785 0.415 0.230 0.921 0.771 0.841 0.253 0.168 0.130 0.084 0.092 0.118 0.262 0.320 0.281 0.459 0.168 0.512 1.000 0.872 1.000 0.566 0.915 0.278 0.372 0.203 0.228 0.381 0.523 0.763 1.000 1.000 1.000 0.519 0.617 0.416 0.276 0.583 0.601 1.000 0.224 0.132 0.122 0.216 1.000 0.649 0.622 1.000 1.000 0.579 0.339 0.312 1.000 1.000 0.619 0.228 0.253 0.119 0.814 0.362 0.448 0.133 0.167 0.496 1.000 0.419
0.469 0.602 1.000 0.710 1.000 1.000 0.248 0.249 0.756 0.639 0.439 1.000 0.348 0.636 1.000 0.977 0.596 0.180 0.201 0.300 0.199 0.137 0.149 0.234 0.407 0.486 0.643 1.000 0.083 0.191 0.936 1.000 1.000 1.000 1.000 1.000 0.249 0.137 0.177 0.279 0.180 0.179 0.419 1.000 1.000 1.000 1.000 1.000 1.000 1.000 0.872 0.226 0.166 0.177 0.168 0.423 0.486 1.000 1.000 1.000 0.603 0.322 0.355 0.584 0.134 0.109 0.138 0.669 0.102 1.000 1.000 0.491 0.093 0.301 0.431 1.000 1.000
0.802 1.000 1.000 1.000 0.547 0.173 0.226 0.896 0.530 0.619 0.808 0.404 0.279 1.000 0.675 0.975 0.326 0.172 0.303 0.736 0.355 0.288 0.189 0.201 0.156 0.234 0.744 1.000 0.636 0.339 0.554 0.713 0.332 0.491 0.478 1.000 1.000 0.175 0.146 0.186 0.165 0.264 1.000 1.000 0.848 0.412 0.578 1.000 1.000 0.684 0.286 0.209 0.096 0.181 1.000 0.827 1.000 1.000 1.000 0.518 0.231 0.094 0.938 0.392 0.125 0.135 0.157 0.963 0.123 1.000 0.262 0.153 0.117 0.325 1.000 1.000 1.000
1.000 1.000 0.128 0.161 0.146 0.162 0.237 1.000 0.928 1.000 0.758 0.234 0.719 1.000 0.783 0.588 0.331 0.219 0.904 1.000 0.773 0.417 0.433 0.452 0.214 0.109 0.318 0.602 1.000 1.000 0.063 0.129 0.122 0.138 0.166 0.134 1.000 1.000 0.550 0.461 0.679 1.000 0.908 0.120 0.145 0.147 0.214 1.000 1.000 0.465 0.298 0.116 0.350 1.000 0.110 0.183 0.455 1.000 1.000 0.167 0.094 0.140 1.000 0.280 0.215 0.198 0.172 1.000 0.404 1.000 0.190 0.299 0.195 0.268 0.461 1.000 0.662
1.000 0.896 0.256 0.168 0.116 0.157 0.285 1.000 1.000 0.724 0.245 0.146 0.693 1.000 0.501 0.361 0.253 0.265 1.000 1.000 1.000 1.000 0.650 0.253 0.229 0.094 0.141 0.199 0.241 0.642 1.000 0.358 0.291 0.189 0.202 0.851 1.000 1.000 1.000 1.000 0.946 1.000 0.441 0.109 0.127 0.795 1.000 0.300 1.000 0.272 0.235 0.487 1.000 0.248 0.117 0.174 1.000 1.000 1.000 0.477 0.736 1.000 1.000 0.408 0.530 0.328 0.280 1.000 0.638 0.423 0.691 0.276 0.311 1.000 1.000 1.000 0.290
1.000 0.555 0.207 0.208 0.259 0.323 1.000 1.000 0.364 0.187 0.094 0.139 0.624 1.000 0.481 0.292 0.343 0.717 1.000 1.000 0.489 0.281 0.345 0.271 0.347 0.120 0.160 0.128 0.138 0.208 0.368 1.000 1.000 1.000 1.000 1.000 0.792 0.715 0.757 0.520 0.288 1.000 0.424 0.155 0.597 0.930 1.000 0.140 1.000 0.239 0.112 0.637 0.646 0.135 0.167 1.000 1.000 0.662 1.000 1.000 1.000 1.000 1.000 1.000 1.000 1.000 1.000 1.000 1.000 1.000 1.000 1.000 1.000 1.000 1.000 1.000 1.000
1.000 0.898 0.470 0.364 0.593 1.000 0.524 0.211 0.129 0.085 0.129 0.237 1.000 0.813 0.239 0.267 0.785 1.000 0.960 0.480 0.501 0.433 0.317 0.469 0.433 0.184 0.437 0.200 0.113 0.224 0.359 0.520 0.307 0.296 0.446 0.431 0.544 0.358 0.350 0.697 0.470 1.000 0.279 0.305 0.355 0.609 1.000 0.142 0.515 0.163 0.127 1.000 0.295 0.345 1.000 1.000 0.401 0.259 0.416 1.000 1.000 0.269 0.232 1.000 0.959 1.000 0.591 0.687 1.000 0.402 1.000 0.711 0.469 0.362 0.835 0.322 0.467
1.000 1.000 1.000 0.722 0.651 0.316 0.131 0.109 0.127 0.245 0.207 0.710 1.000 0.331 0.371 0.703 1.000 1.000 0.597 0.337 0.301 0.254 0.464 0.554 0.464 0.215 0.588 0.274 0.198 0.099 0.136 0.285 0.215 0.268 0.451 0.447 0.383 0.357 0.484 0.569 0.651 0.883 0.410 0.172 0.271 1.000 1.000 0.163 0.233 0.196 1.000 0.692 0.230 0.483 0.290 0.419 0.129 0.148 0.200 0.333 1.000 0.325 0.142 0.587 0.341 0.301 0.585 0.243 1.000 0.298 1.000 0.495 0.423 0.561 0.326 0.229 0.195
0.150 1.000 1.000 1.000 1.000 1.000 0.133 0.115 0.313 0.304 0.197 1.000 0.917 0.450 1.000 1.000 0.818 0.746 0.777 0.302 0.132 0.411 1.000 0.354 0.216 0.371 1.000 0.640 0.419 0.182 0.153 0.120 0.178 0.430 0.492 0.337 0.317 0.458 0.586 0.273 0.469 1.000 0.241 0.222 0.169 0.360 0.620 0.220 0.151 0.319 1.000 0.269 0.284 0.310 0.227 0.155 0.190 0.187 0.415 1.000 1.000 0.433 0.262 0.396 0.440 0.302 0.697 0.253 1.000 0.373 0.855 0.226 0.171 1.000 0.119 1.000 0.288
0.114 0.807 1.000 1.000 0.410 0.329 0.102 0.293 0.766 0.212 0.156 1.000 1.000 1.000 0.601 0.261 0.240 0.247 0.226 0.125 0.167 0.742 0.932 0.211 0.143 0.684 1.000 0.625 0.304 0.218 0.237 0.247 0.169 0.214 0.258 0.285 0.224 0.281 0.360 0.236 0.274 0.281 0.180 0.399 0.380 0.135 0.216 0.190 0.169 0.397 0.362 0.340 0.264 0.194 0.104 0.173 0.203 0.335 1.000 0.422 0.170 0.279 0.308 0.269 0.235 0.280 0.423 0.515 1.000 0.533 0.353 0.209 0.204 1.000 0.440 0.345 1.000
0.166 0.387 1.000 1.000 0.238 0.089 0.127 0.280 0.870 0.271 0.244 1.000 1.000 0.276 0.188 0.142 0.122 0.139 0.205 0.163 0.147 1.000 0.910 0.164 0.224 1.000 0.392 0.111 0.320 0.429 0.289 0.528 0.205 0.203 0.138 0.143 0.174 0.135 0.094 0.108 0.116 0.183 0.369 1.000 0.692 0.152 0.143 0.129 0.205 0.295 0.346 0.354 0.257 0.180 0.205 0.326 0.259 1.000 1.000 0.744 0.104 0.175 0.148 0.156 0.148 0.173 0.251 0.855 1.000 1.000 0.164 0.229 0.238 0.496 1.000 0.118 1.000
0.172 0.687 1.000 1.000 0.561 0.125 0.288 1.000 1.000 0.216 0.382 1.000 0.509 0.421 0.215 0.168 0.280 0.351 0.370 0.325 0.183 1.000 0.903 0.124 0.306 1.000 0.259 0.091 0.856 0.569 0.455 0.400 0.155 0.149 0.158 0.216 0.292 0.380 0.176 0.282 0.172 0.199 0.383 1.000 1.000 0.479 0.241 0.141 0.076 0.280 0.368 0.257 0.338 0.723 0.953 1.000 1.000 1.000 0.577 1.000 1.000 0.278 0.261 0.221 0.145 0.153 0.283 1.000 0.360 1.000 0.296 0.136 0.278 1.000 0.661 0.110 0.136
0.664 1.000 1.000 1.000 1.000 1.000 1.000 1.000 1.000 0.970 1.000 0.467 0.253 0.174 0.155 0.621 0.398 0.479 0.668 0.303 0.206 1.000 0.577 0.134 0.948 0.995 0.120 0.177 1.000 0.992 0.790 0.312 0.148 0.175 0.232 0.239 0.312 0.791 0.324 0.460 0.198 0.181 0.247 1.000 1.000 0.376 0.206 0.232 0.200 0.144 0.272 0.471 1.000 1.000 1.000 0.721 0.227 0.126 0.162 0.882 1.000 1.000 1.000 0.643 0.281 0.144 0.232 0.549 0.516 1.000 0.290 0.118 0.265 0.673 1.000 0.117 0.060
0.876 1.000 0.825 1.000 1.000 0.160 0.216 0.276 0.397 0.256 0.165 0.213 0.148 0.133 0.421 0.899 0.426 0.529 0.638 0.421 0.245 1.000 0.812 0.673 1.000 0.308 0.152 1.000 1.000 0.769 0.293 0.139 0.297 0.271 0.454 0.309 0.298 1.000 0.896 1.000 0.179 0.208 0.195 1.000 0.536 0.294 0.574 0.619 0.365 0.199 0.295 0.302 1.000 0.179 0.642 0.601 0.113 0.179 1.000 1.000 0.666 0.174 0.256 0.601 0.540 0.284 0.115 0.186 0.331 0.822 0.204 0.119 0.242 0.341 1.000 1.000 0.144
0.879 0.367 0.413 1.000 1.000 0.271 0.324 0.344 0.250 0.086 0.104 0.295 0.187 0.223 0.734 0.650 0.435 0.591 0.530 0.300 0.164 1.000 1.000 1.000 0.235 0.184 1.000 1.000 0.942 0.246 0.129 0.139 0.328 0.536 0.363 0.639 0.347 0.477 1.000 1.000 0.170 0.222 0.289 1.000 1.000 0.883 1.000 0.972 0.175 0.159 0.242 0.836 0.469 0.879 1.000 0.190 0.095 0.206 1.000 1.000 0.340 0.235 0.123 0.153 0.182 0.200 0.080 0.087 0.136 0.286 0.231 0.093 0.224 0.453 1.000 1.000 1.000
0.426 0.343 0.576 1.000 1.000 0.544 0.697 0.582 0.611 0.155 0.329 0.314 0.168 0.264 1.000 1.000 0.605 0.653 0.522 0.266 0.183 1.000 1.000 0.224 0.163 1.000 1.000 0.588 0.268 0.200 0.173 0.162 0.301 0.809 0.348 0.798 0.473 0.202 0.712 1.000 0.229 1.000 1.000 1.000 1.000 0.823 0.269 0.643 0.437 0.151 0.346 0.355 0.934 1.000 0.124 0.081 0.121 0.441 1.000 1.000 1.000 0.999 0.428 0.241 0.166 0.139 0.200 0.178 0.141 0.131 0.241 0.169 0.169 0.286 1.000 0.462 1.000
0.458 0.501 0.804 1.000 1.000 1.000 1.000 1.000 1.000 1.000 1.000 1.000 1.000 1.000 1.000 1.000 1.000 0.540 0.276 0.208 0.177 1.000 0.826 0.190 1.000 1.000 0.448 0.327 0.330 0.291 0.268 0.186 0.330 0.753 0.471 0.565 0.978 0.552 0.819 1.000 1.000 1.000 1.000 1.000 1.000 0.407 0.313 0.111 0.128 0.152 0.220 0.362 0.338 0.105 0.107 0.193 0.961 1.000 0.917 0.527 0.530 1.000 0.629 0.498 0.263 0.601 1.000 0.786 0.219 0.224 0.182 0.275 0.094 0.191 1.000 0.157 1.000
0.633 0.993 0.571 0.574 0.748 0.766 1.000 1.000 1.000 0.821 0.599 1.000 1.000 0.902 0.946 1.000 1.000 0.582 0.273 0.228 1.000 1.000 0.126 0.814 1.000 0.314 0.359 0.398 0.316 0.237 0.204 0.197 0.330 0.674 0.753 0.790 0.937 1.000 1.000 0.914 0.628 0.747 0.748 0.470 1.000 1.000 0.600 0.257 0.330 0.181 0.122 0.135 0.200 0.326 1.000 1.000 0.121 0.124 1.000 0.089 0.194 1.000 1.000 0.920 0.657 1.000 0.540 0.140 0.232 0.273 0.181 0.710 0.114 0.193 0.878 0.285 0.412
1.000 0.331 0.275 0.402 0.387 0.262 1.000 0.172 0.319 1.000 0.082 0.230 0.458 0.232 0.359 1.000 1.000 0.935 0.439 0.622 1.000 0.299 0.151 1.000 0.353 0.498 0.595 0.571 0.292 0.270 0.177 0.263 0.300 0.615 1.000 0.469 1.000 1.000 0.576 0.299 0.174 0.263 1.000 0.476 0.865 1.000 1.000 1.000 0.581 0.205 0.110 0.140 0.225 0.609 1.000 0.137 0.143 1.000 0.195 0.097 0.216 0.651 1.000 1.000 0.837 0.164 0.100 0.236 0.427 0.211 0.529 0.838 0.228 0.170 0.291 0.536 0.195
0.338 0.219 0.327 0.351 0.476 0.625 1.000 0.171 0.330 1.000 0.307 0.088 0.164 0.177 0.145 0.301 1.000 1.000 1.000 0.610 0.571 0.426 1.000 1.000 1.000 0.846 0.587 0.417 0.306 0.258 0.156 0.227 0.574 0.564 1.000 0.642 1.000 0.958 0.470 0.308 0.161 0.158 0.579 0.436 0.901 1.000 0.447 1.000 1.000 0.342 0.161 0.105 0.175 0.316 0.222 0.141 1.000 0.327 0.121 0.134 0.480 0.804 1.000 1.000 1.000 0.255 0.174 0.691 0.330 0.688 1.000 1.000 0.783 0.240 0.109 0.192 0.179
0.199 0.222 0.413 0.510 1.000 1.000 0.992 0.547 0.358 1.000 1.000 0.230 0.133 0.123 0.148 0.218 1.000 1.000 1.000 1.000 0.876 1.000 1.000 0.961 0.861 0.513 0.304 0.242 0.266 0.293 0.146 0.245 0.345 0.712 1.000 1.000 0.701 0.596 0.443 0.289 0.158 0.130 0.353 0.428 1.000 0.615 0.516 1.000 0.996 1.000 0.609 0.193 0.109 0.159 0.181 1.000 1.000 0.351 0.110 0.273 0.346 0.414 1.000 1.000 1.000 1.000 1.000 1.000 1.000 1.000 0.715 0.345 0.156 0.151 0.203 0.269 0.214
0.221 0.338 0.428 1.000 0.897 0.585 0.815 1.000 0.469 0.878 1.000 0.516 0.234 0.259 0.169 0.206 0.441 1.000 1.000 1.000 0.623 0.223 0.185 0.224 0.345 0.399 0.214 0.190 0.447 0.297 0.227 0.386 0.273 0.340 1.000 1.000 1.000 0.818 0.660 0.519 0.222 0.106 0.188 0.240 1.000 0.140 0.359 1.000 0.284 0.810 1.000 0.441 0.126 0.217 0.988 1.000 0.602 0.457 0.832 0.582 0.365 0.271 0.374 1.000 0.738 0.278 0.264 0.348 0.541 0.321 0.312 0.340 1.000 1.000 1.000 0.715 0.316
0.261 0.436 0.776 0.709 0.478 1.000 0.744 0.425 0.289 0.324 1.000 0.783 0.380 0.304 0.150 0.167 0.251 0.714 1.000 1.000 0.681 0.346 0.286 0.330 0.273 0.204 0.127 0.468 0.624 0.310 0.356 0.501 0.360 1.000 1.000 1.000 0.802 0.532 0.396 0.345 0.418 0.207 0.111 0.233 1.000 0.080 0.320 1.000 0.208 0.349 0.810 0.379 0.343 0.638 1.000 0.987 0.749 0.735 0.479 0.406 0.629 0.546 0.650 1.000 1.000 0.885 0.553 1.000 1.000 1.000 1.000 1.000 0.958 0.423 0.363 0.507 0.492
0.318 0.241 0.417 0.410 0.579 0.948 0.373 0.249 0.273 0.344 1.000 0.646 0.549 0.278 0.155 0.242 0.297 0.428 1.000 1.000 1.000 1.000 0.965 0.824 0.456 0.223 0.157 0.632 1.000 0.305 0.422 0.741 1.000 1.000 1.000 0.814 1.000 0.771 0.293 0.231 0.199 0.164 0.074 0.232 0.940 0.091 0.317 1.000 0.220 0.286 0.380 0.227 0.185 0.306 0.720 1.000 0.555 0.412 0.293 1.000 1.000 1.000 1.000 1.000 1.000 1.000 1.000 0.724 0.663 0.882 1.000 1.000 1.000 1.000 1.000 1.000 0.763
0.222 0.256 0.515 0.999 0.976 0.446 0.232 0.284 0.355 0.457 1.000 0.350 0.254 0.294 0.205 0.324 0.339 0.460 1.000 1.000 1.000 1.000 0.369 0.303 0.260 0.190 0.219 0.499 0.803 0.851 1.000 1.000 1.000 0.342 0.225 0.237 0.352 0.595 0.419 0.212 0.184 0.172 0.071 0.204 0.785 0.084 0.226 1.000 0.341 0.245 0.195 0.181 0.105 0.226 0.529 0.569 0.570 0.811 1.000 1.000 0.506 0.416 1.000 1.000 1.000 1.000 1.000 1.000 1.000 0.554 0.349 1.000 1.000 1.000 1.000 0.326 0.341
