DFSS/01_Terauchi/04_EXE_SIMU/01_RR_DR/output_RR/res_2d_hsmax.asc
ncols  372
nrows  253
xllcorner     -26340.000
yllcorner      43260.000
cellsize     30.000
NODATA_value     0.000
[rows 102 to 135 of 253, columns 77 to 153 of 372]
0.501 0.822 1.000 1.000 0.669 0.741 0.609 0.362 0.240 0.436 0.260 0.341 1.000 1.000 0.496 1.000 1.000 0.368 0.158 0.167 0.111 0.116 0.148 0.153 0.159 0.138 0.411 0.492 1.000 1.000 1.000 1.000 1.000 1.000 0.985 0.631 0.653 0.412 0.375 0.291 0.249 0.284 0.467 0.153 0.580 1.000 1.000 0.113 0.304 1.000 0.616 0.169 0.175 0.203 0.420 0.664 0.770 1.000 1.000 0.374 0.380 0.124 0.212 0.253 0.201 0.457 0.501 0.856 1.000 0.650 0.445 0.343 0.288 0.222 0.138 0.148 0.148
0.318 0.689 1.000 1.000 1.000 1.000 0.671 0.206 0.409 0.348 0.285 1.000 1.000 0.264 0.211 0.523 1.000 0.604 0.204 0.210 0.343 0.253 0.283 0.427 0.399 0.885 1.000 1.000 1.000 0.471 0.590 0.634 0.703 0.309 0.209 0.273 0.164 0.165 0.340 0.368 0.240 0.372 0.211 0.206 0.196 0.618 0.171 0.167 1.000 0.949 0.220 0.148 0.252 0.279 0.188 0.237 1.000 1.000 1.000 0.194 0.066 0.382 0.693 0.415 0.359 0.768 0.574 1.000 0.596 0.486 0.660 0.534 0.390 0.279 0.271 0.304 0.175
0.405 0.606 0.889 0.827 1.000 1.000 0.392 0.351 0.314 0.290 0.847 0.885 1.000 0.242 0.196 0.267 0.905 1.000 0.426 0.328 0.334 0.493 1.000 1.000 1.000 1.000 1.000 1.000 0.340 0.301 0.467 0.429 0.636 0.745 0.337 0.151 0.146 0.552 0.540 0.232 0.272 0.832 1.000 0.734 0.202 0.414 0.135 0.349 1.000 0.126 0.182 0.240 0.548 0.932 0.696 1.000 0.506 0.932 1.000 0.169 0.308 1.000 1.000 1.000 1.000 1.000 1.000 1.000 0.549 0.666 0.761 0.614 0.500 0.381 0.483 0.478 0.377
0.532 0.739 0.802 1.000 0.650 1.000 0.315 0.280 0.357 0.495 1.000 1.000 0.625 0.506 0.322 0.239 0.372 1.000 1.000 1.000 1.000 1.000 1.000 0.901 0.417 0.373 0.422 1.000 1.000 0.819 0.850 0.547 0.557 0.521 0.244 0.139 0.231 1.000 0.281 0.292 1.000 1.000 1.000 0.326 0.244 0.153 0.151 0.703 0.209 0.155 0.355 0.920 1.000 0.642 1.000 0.764 0.364 0.453 1.000 1.000 1.000 1.000 1.000 1.000 1.000 1.000 1.000 1.000 0.551 0.507 0.537 0.734 0.870 0.685 0.773 0.940 0.548
0.618 0.627 0.717 1.000 0.747 0.639 0.159 0.386 0.490 0.754 1.000 1.000 0.515 0.627 0.319 0.179 0.279 0.938 1.000 1.000 0.283 0.329 0.388 0.300 0.449 0.336 0.220 0.554 0.442 1.000 1.000 0.672 0.608 0.294 0.104 0.280 1.000 1.000 0.503 1.000 1.000 0.378 0.424 0.407 0.176 0.160 0.171 0.167 0.146 0.161 0.169 0.214 0.200 1.000 0.896 0.207 0.261 0.472 0.899 1.000 1.000 0.457 0.944 1.000 1.000 1.000 1.000 1.000 1.000 1.000 1.000 1.000 1.000 1.000 0.981 0.441 0.286
0.786 1.000 1.000 1.000 0.791 0.291 0.324 0.324 0.356 1.000 1.000 0.912 0.487 0.703 0.470 0.314 0.240 1.000 1.000 1.000 0.337 0.185 0.166 0.235 0.323 0.286 0.309 0.275 0.214 0.379 1.000 0.227 0.171 0.132 0.138 0.284 1.000 1.000 1.000 0.235 0.226 0.282 0.160 0.176 0.172 0.231 0.231 0.187 0.211 0.344 0.353 0.403 0.892 1.000 0.124 0.187 0.255 0.360 0.582 1.000 0.285 0.173 0.351 1.000 1.000 1.000 1.000 1.000 0.731 1.000 1.000 1.000 0.839 0.778 0.606 0.426 0.233
0.934 0.950 0.842 1.000 1.000 0.232 0.251 0.318 0.392 1.000 1.000 0.313 0.518 0.695 0.679 0.629 0.476 1.000 1.000 1.000 1.000 0.368 0.237 0.194 0.170 0.217 0.370 0.268 0.244 0.274 0.525 0.163 0.114 0.225 0.367 1.000 0.517 0.089 1.000 1.000 0.562 0.287 0.367 0.225 0.190 0.618 0.254 0.297 0.265 0.358 0.399 0.830 1.000 0.194 0.127 0.166 0.215 0.324 1.000 0.850 0.201 0.139 0.200 1.000 1.000 1.000 1.000 0.607 0.217 0.194 0.273 0.358 0.333 0.252 0.429 0.262 0.116
0.717 0.829 1.000 1.000 0.437 0.150 0.434 0.484 1.000 1.000 1.000 0.544 0.722 0.680 0.484 0.356 0.404 0.942 1.000 1.000 1.000 1.000 0.402 0.626 0.468 0.293 0.118 0.143 0.119 0.089 0.076 0.191 0.284 0.459 1.000 1.000 1.000 0.271 0.158 0.312 1.000 1.000 0.836 0.193 0.474 0.610 0.342 0.396 0.365 0.379 1.000 1.000 0.280 0.152 0.150 0.279 0.344 1.000 0.992 0.244 0.135 0.133 0.318 1.000 1.000 1.000 0.557 0.370 0.340 0.236 0.191 0.213 0.202 0.278 0.176 0.152 0.177
0.393 1.000 1.000 1.000 0.146 0.230 0.391 1.000 1.000 0.812 1.000 0.985 0.672 0.266 0.099 0.268 0.623 0.623 0.586 0.402 0.916 1.000 1.000 0.617 0.358 0.317 0.294 0.200 0.222 0.119 0.161 0.307 0.709 1.000 0.684 0.478 0.891 1.000 0.461 0.118 1.000 0.742 0.568 0.474 0.587 0.965 0.439 0.347 0.633 1.000 1.000 0.710 0.187 0.117 0.238 0.493 0.888 0.798 0.220 0.120 0.153 0.295 1.000 1.000 0.672 0.612 0.244 0.305 0.397 0.355 0.370 0.465 0.499 0.314 0.216 0.150 0.194
0.711 1.000 1.000 0.379 0.189 0.328 1.000 1.000 0.891 0.776 0.457 0.742 0.144 0.183 0.157 0.573 1.000 0.305 0.406 0.295 0.433 1.000 1.000 0.602 0.330 0.305 0.446 0.311 0.243 0.120 0.249 0.505 1.000 0.177 0.248 0.255 0.149 0.797 0.651 0.294 1.000 1.000 0.168 0.157 0.558 1.000 1.000 1.000 1.000 0.611 0.288 0.414 0.104 0.287 0.695 0.739 0.514 0.288 0.247 0.214 0.232 0.343 1.000 1.000 0.577 0.810 0.640 0.289 0.561 0.680 0.554 0.414 0.336 0.271 0.291 0.162 0.185
0.459 1.000 0.853 0.221 0.265 1.000 0.325 0.485 0.968 1.000 0.848 0.141 0.169 0.369 0.277 0.719 1.000 0.415 0.263 0.256 0.354 1.000 1.000 0.861 0.789 0.506 0.373 0.421 0.216 0.120 0.374 1.000 0.736 0.365 0.180 0.140 0.139 0.151 0.573 0.339 0.405 1.000 0.782 0.143 0.659 0.512 0.567 0.794 0.987 0.299 0.140 0.162 0.120 0.270 0.458 0.720 0.533 1.000 1.000 0.905 1.000 1.000 1.000 1.000 1.000 1.000 1.000 0.984 0.553 0.504 0.381 0.286 0.332 0.432 0.259 0.164 0.282
0.714 0.617 0.240 0.312 1.000 1.000 0.523 0.313 0.401 1.000 0.226 0.188 0.440 0.728 0.850 0.942 0.702 0.228 0.249 0.354 0.771 0.529 1.000 1.000 1.000 1.000 0.616 0.451 0.212 0.182 1.000 1.000 1.000 1.000 0.732 0.502 0.534 0.304 0.210 0.283 0.151 0.193 0.284 0.125 0.235 0.266 0.258 0.430 0.473 0.199 0.133 0.104 0.207 0.224 0.271 0.346 0.634 0.684 0.519 0.374 0.557 0.488 0.480 1.000 1.000 1.000 1.000 1.000 1.000 0.656 0.396 0.423 0.439 0.710 0.344 0.129 0.349
1.000 0.139 0.330 0.560 1.000 1.000 0.866 0.662 0.686 0.679 0.294 0.324 1.000 1.000 0.873 0.712 1.000 0.576 0.456 0.991 0.484 0.351 0.471 1.000 1.000 1.000 1.000 0.831 0.565 1.000 1.000 0.516 0.491 0.408 1.000 1.000 0.693 0.269 0.151 0.174 0.198 0.146 0.170 0.278 0.104 0.125 0.200 0.326 0.340 0.505 0.633 0.267 0.236 0.336 0.391 0.256 0.223 0.188 0.254 0.242 0.169 0.116 0.198 1.000 0.669 1.000 1.000 1.000 1.000 1.000 0.675 0.613 0.650 0.462 0.289 0.125 0.337
0.200 0.225 0.622 1.000 1.000 1.000 1.000 1.000 1.000 1.000 0.525 0.404 0.572 0.662 0.810 1.000 1.000 0.458 0.599 0.428 0.282 0.259 0.289 0.444 1.000 1.000 1.000 1.000 1.000 1.000 0.366 0.283 0.326 0.579 0.510 0.413 0.319 0.178 0.150 0.248 0.227 0.446 0.705 0.562 0.249 0.163 0.178 0.268 0.351 0.622 1.000 0.269 0.298 0.317 0.482 0.720 0.155 0.208 0.375 0.341 0.738 0.652 1.000 0.404 0.428 0.857 0.153 0.718 1.000 1.000 1.000 0.555 0.312 0.329 0.198 0.176 0.478
0.207 0.329 1.000 1.000 1.000 1.000 0.580 0.344 1.000 0.977 0.342 0.454 0.662 0.513 0.400 0.315 0.214 0.309 0.296 0.285 0.268 0.283 0.524 0.315 1.000 0.248 0.469 1.000 0.680 0.266 0.256 0.459 0.249 0.198 0.294 0.210 0.143 0.170 0.403 0.638 0.415 1.000 1.000 0.727 0.414 0.146 0.220 0.403 0.607 1.000 1.000 0.235 0.322 0.343 0.535 1.000 0.404 0.209 0.238 0.260 0.440 1.000 0.903 0.139 0.256 0.383 0.180 0.218 0.903 1.000 1.000 0.547 0.257 0.379 0.184 0.211 0.317
0.221 0.399 0.559 1.000 1.000 1.000 0.249 0.368 0.677 0.107 0.347 0.608 0.829 0.673 0.509 0.344 0.177 0.269 0.283 0.243 0.238 0.316 0.237 0.250 1.000 0.488 0.091 0.608 1.000 0.671 0.278 0.253 0.162 0.186 0.150 0.141 0.229 0.297 0.569 0.694 0.958 1.000 0.412 0.584 0.153 0.139 0.148 0.244 0.382 0.863 1.000 0.385 0.374 0.921 1.000 1.000 1.000 1.000 0.525 1.000 1.000 1.000 0.217 0.120 0.291 0.277 0.102 0.152 0.397 1.000 1.000 1.000 0.356 0.409 0.158 0.130 1.000
0.322 0.440 0.270 1.000 1.000 0.345 0.365 0.420 0.324 0.278 0.428 0.540 0.688 0.517 0.351 0.274 0.278 0.390 0.495 0.375 0.269 0.179 0.272 0.230 1.000 0.293 0.104 0.204 1.000 1.000 0.610 0.494 0.409 0.361 0.245 0.148 0.304 0.320 0.638 1.000 1.000 0.341 1.000 0.244 0.176 0.308 0.122 0.179 0.292 0.258 0.545 1.000 1.000 0.611 0.267 0.121 0.120 0.221 1.000 1.000 0.223 0.834 0.224 0.109 0.235 0.222 0.208 0.228 1.000 0.205 0.564 1.000 1.000 1.000 0.153 0.291 1.000
0.170 0.242 0.188 0.363 0.832 1.000 0.764 0.747 0.506 0.356 0.350 0.405 0.432 0.354 0.243 0.474 0.473 0.734 1.000 0.696 0.544 0.193 0.266 0.374 1.000 0.197 0.097 0.195 0.949 1.000 0.764 0.338 0.422 0.357 0.241 0.205 0.673 0.525 1.000 0.437 0.215 0.631 0.366 0.291 1.000 0.739 0.103 0.174 0.641 0.151 0.176 0.115 0.181 0.203 0.257 0.287 0.501 1.000 1.000 0.160 0.125 0.511 0.153 0.239 0.280 0.211 0.423 1.000 1.000 0.133 0.277 1.000 1.000 1.000 1.000 1.000 0.432
0.324 0.336 0.239 0.840 0.919 1.000 1.000 1.000 1.000 0.458 0.158 0.061 0.227 0.466 0.569 0.664 0.600 0.926 1.000 1.000 1.000 1.000 1.000 1.000 0.873 0.151 0.086 0.175 0.846 1.000 1.000 0.349 0.290 0.502 0.795 1.000 1.000 1.000 1.000 1.000 1.000 1.000 1.000 1.000 1.000 0.372 0.108 0.233 0.786 0.552 0.119 0.211 0.203 0.416 1.000 1.000 1.000 0.309 1.000 0.251 0.121 0.274 0.132 0.274 0.304 0.299 0.564 1.000 0.270 0.116 0.181 0.956 0.792 1.000 1.000 0.419 0.136
0.243 0.594 0.919 1.000 0.653 0.630 1.000 1.000 0.848 0.270 0.202 0.182 0.555 0.720 0.544 0.485 0.503 0.697 1.000 1.000 0.572 0.167 0.244 1.000 0.724 0.151 0.120 0.212 0.908 1.000 1.000 1.000 0.724 1.000 0.822 0.246 0.213 0.163 0.286 0.540 0.334 0.590 1.000 0.433 0.444 0.129 0.206 1.000 1.000 1.000 0.955 0.518 0.472 1.000 0.408 0.249 0.413 0.334 1.000 0.191 0.188 0.125 0.240 0.410 0.421 0.325 0.374 1.000 0.506 0.186 0.165 0.914 0.556 0.332 0.462 0.256 0.118
0.000 0.000 0.000 0.569 0.211 0.142 0.706 1.000 0.991 0.365 0.152 0.188 0.930 0.821 0.417 0.450 0.536 0.883 1.000 0.817 0.241 0.143 0.229 1.000 1.000 0.220 0.092 0.327 0.974 1.000 1.000 0.336 1.000 1.000 0.134 0.121 0.096 0.076 0.103 0.213 0.195 0.184 0.880 0.436 0.344 0.359 0.312 1.000 0.708 0.339 1.000 1.000 1.000 0.828 0.372 0.207 0.183 0.850 0.634 0.219 0.206 0.176 0.265 0.728 0.648 0.599 1.000 1.000 0.624 0.451 0.184 0.851 0.896 0.221 0.238 0.152 0.170
0.000 0.000 0.000 0.000 0.000 0.137 0.120 0.555 0.323 0.269 0.179 0.357 0.381 0.471 0.437 0.526 0.582 1.000 0.279 0.577 0.150 0.181 0.193 0.787 1.000 0.360 0.119 0.236 1.000 0.413 0.886 0.139 0.318 1.000 0.245 0.238 0.192 0.122 0.218 0.364 0.218 0.131 0.125 0.278 0.372 0.640 1.000 1.000 0.685 1.000 0.984 0.624 1.000 1.000 0.288 0.164 0.357 1.000 0.180 0.129 0.220 0.245 0.294 0.342 0.317 0.468 1.000 0.468 0.316 0.305 0.237 0.691 0.926 0.328 0.252 0.156 0.228
0.000 0.000 0.000 0.000 0.000 0.000 0.000 0.000 0.263 0.161 0.148 0.352 0.460 0.517 0.544 0.647 1.000 0.774 0.354 0.350 0.134 0.202 0.301 1.000 1.000 0.200 0.083 0.525 0.917 0.307 0.729 0.148 0.228 1.000 1.000 0.345 0.293 0.370 0.336 0.491 0.459 0.418 0.350 0.413 0.234 0.215 0.825 0.230 0.613 0.527 0.247 0.358 1.000 0.987 0.232 0.175 0.565 0.535 0.203 0.297 0.369 0.875 1.000 0.390 0.471 0.238 1.000 1.000 0.431 0.218 0.185 0.382 1.000 0.831 0.446 0.322 0.402
0.000 0.000 0.000 0.000 0.000 0.000 0.000 0.000 0.000 0.000 0.182 0.432 0.652 0.690 0.535 1.000 1.000 0.236 0.422 0.225 0.153 0.178 0.278 1.000 1.000 0.530 0.201 0.247 0.555 0.254 0.365 0.243 0.418 0.829 1.000 0.921 1.000 1.000 1.000 1.000 0.944 0.570 0.474 0.529 0.352 0.146 0.383 0.251 0.338 0.249 0.313 0.469 1.000 0.709 0.190 0.386 1.000 0.168 0.496 0.818 1.000 1.000 1.000 1.000 0.807 0.594 1.000 0.985 0.513 0.288 0.295 0.331 0.973 0.925 0.375 0.302 0.391
0.000 0.000 0.000 0.000 0.000 0.000 0.000 0.000 0.000 0.000 0.000 0.268 0.556 0.661 1.000 1.000 0.265 0.208 0.523 1.000 0.463 0.219 0.235 1.000 0.693 0.305 0.453 0.240 0.483 0.277 0.287 0.358 0.506 0.825 1.000 1.000 0.420 0.161 0.182 0.305 0.413 0.338 0.398 0.498 0.489 0.192 0.248 0.221 0.200 0.333 0.326 0.259 0.888 0.524 0.112 0.658 1.000 0.109 0.277 0.462 0.615 1.000 1.000 0.792 0.545 1.000 1.000 0.454 0.241 0.225 0.261 0.386 1.000 0.657 0.424 0.475 0.825
0.000 0.000 0.000 0.000 0.000 0.000 0.000 0.000 0.000 0.000 0.000 0.000 0.000 1.000 0.290 0.992 0.393 1.000 1.000 0.601 1.000 0.997 1.000 0.193 1.000 0.302 0.209 0.276 0.196 0.234 0.413 0.557 0.651 0.631 0.425 1.000 0.985 0.216 0.174 0.335 0.340 0.328 0.494 0.966 0.739 0.375 0.348 0.210 0.141 0.154 0.170 0.201 0.611 0.226 0.093 1.000 0.156 0.134 0.216 0.434 0.571 0.878 1.000 1.000 1.000 1.000 0.646 0.637 0.402 0.282 0.182 0.433 1.000 0.317 0.397 0.768 0.585
0.000 0.000 0.000 0.000 0.000 0.000 0.000 0.000 0.000 0.000 0.000 0.000 0.000 0.000 0.359 0.558 0.282 0.426 0.251 0.219 0.328 1.000 1.000 0.102 0.705 1.000 0.841 0.343 0.171 0.227 0.468 0.382 0.445 0.520 0.638 1.000 1.000 0.222 0.331 0.619 0.361 0.505 0.662 1.000 0.686 0.630 0.571 0.282 0.264 0.269 0.215 0.145 0.252 0.151 0.673 0.596 0.106 0.291 0.535 0.661 0.778 1.000 1.000 1.000 1.000 0.969 0.292 0.401 0.403 0.255 0.134 0.286 0.938 0.516 0.562 0.452 0.258
0.000 0.000 0.000 0.000 0.000 0.000 0.000 0.000 0.000 0.000 0.000 0.000 0.000 0.000 0.177 0.203 0.160 0.199 0.196 0.178 0.348 1.000 0.678 0.111 0.342 1.000 0.274 0.192 0.187 0.153 0.321 0.408 0.412 0.484 1.000 1.000 1.000 1.000 1.000 1.000 1.000 0.466 0.522 1.000 1.000 0.908 0.539 0.302 0.555 0.664 0.852 0.865 0.435 0.284 0.800 0.084 0.119 0.180 0.229 0.271 0.249 0.242 0.231 0.755 1.000 1.000 0.206 0.260 0.416 0.457 0.222 0.144 0.470 0.599 0.264 0.279 0.378
0.000 0.000 0.000 0.000 0.000 0.000 0.000 0.000 0.000 0.000 0.000 0.000 0.000 0.000 0.000 0.000 0.000 0.115 0.220 0.585 0.804 0.899 0.407 0.097 0.190 1.000 0.311 0.331 0.285 0.132 0.117 0.280 0.380 0.781 0.684 0.395 1.000 1.000 0.250 0.236 1.000 1.000 1.000 0.264 0.215 0.234 0.193 0.154 0.648 1.000 0.859 0.264 0.155 0.124 0.140 0.174 0.181 0.215 0.179 0.180 0.164 0.147 0.194 1.000 0.077 1.000 0.556 0.461 0.316 0.254 0.217 0.196 0.469 0.324 0.107 0.324 1.000
0.000 0.000 0.000 0.000 0.000 0.000 0.000 0.000 0.000 0.000 0.000 0.000 0.000 0.000 0.000 0.000 0.000 0.192 1.000 1.000 0.115 1.000 0.312 0.107 0.243 1.000 0.604 0.362 0.242 0.171 0.174 0.154 0.307 0.316 0.236 0.359 0.849 0.912 0.133 0.068 0.162 1.000 1.000 0.254 0.232 0.252 0.244 0.138 1.000 0.315 0.141 0.283 0.214 0.169 0.382 0.614 0.451 0.259 0.394 0.301 0.268 0.269 0.966 1.000 0.510 1.000 0.463 0.396 0.600 0.464 0.469 0.512 0.292 0.197 0.094 0.369 0.946
0.000 0.000 0.000 0.000 0.000 0.000 0.000 0.000 0.000 0.000 0.000 0.000 0.000 0.000 0.000 0.000 0.000 0.557 1.000 0.251 0.208 1.000 0.248 0.092 0.170 1.000 0.664 0.324 0.253 0.287 0.274 0.129 0.209 0.212 0.502 1.000 0.248 0.297 1.000 0.151 0.075 0.131 0.304 1.000 0.274 0.203 0.123 0.850 0.559 0.131 0.136 1.000 0.398 0.091 0.253 0.756 1.000 1.000 1.000 1.000 1.000 1.000 0.290 0.194 1.000 1.000 0.814 0.912 0.871 0.849 0.683 0.814 0.711 0.365 0.143 0.552 0.317
0.000 0.000 0.000 0.000 0.000 0.000 0.000 0.000 0.000 0.000 0.000 0.000 0.000 0.000 0.000 0.000 0.307 1.000 0.533 0.175 0.325 1.000 0.168 0.063 0.202 0.980 1.000 0.485 0.527 0.384 0.227 0.127 0.190 0.458 1.000 0.327 0.176 0.198 0.805 1.000 0.182 0.096 0.126 0.375 1.000 1.000 0.618 0.643 0.217 0.196 1.000 1.000 0.513 0.135 0.154 0.183 0.214 0.199 0.223 0.448 1.000 0.401 0.082 0.170 0.563 1.000 0.285 0.182 0.171 0.304 0.236 0.427 0.445 0.318 0.158 0.484 0.202
0.000 0.000 0.000 0.000 0.000 0.000 0.000 0.000 0.000 0.000 0.000 0.000 0.000 0.000 0.000 0.000 0.342 0.307 0.181 0.185 1.000 1.000 0.267 0.097 0.308 1.000 1.000 0.934 0.525 0.177 0.129 0.201 0.329 1.000 0.509 0.277 0.109 0.276 0.406 1.000 1.000 0.177 0.185 0.213 0.487 1.000 1.000 0.457 0.864 1.000 1.000 0.746 0.254 0.250 0.131 0.145 0.152 0.185 0.147 0.164 1.000 0.206 0.084 0.160 0.292 1.000 0.414 0.152 0.286 0.536 0.263 0.196 0.665 0.229 0.133 0.288 0.293
0.000 0.000 0.000 0.000 0.000 0.000 0.000 0.000 0.000 0.000 0.000 0.000 0.000 0.000 0.000 0.000 0.000 0.000 0.000 0.225 0.246 0.589 1.000 0.240 0.348 0.821 0.633 1.000 1.000 0.358 0.148 0.347 1.000 1.000 0.290 0.276 0.102 0.170 0.201 0.427 1.000 0.980 0.425 0.212 0.360 1.000 1.000 1.000 0.708 0.241 0.405 0.795 1.000 0.846 0.115 0.138 0.406 1.000 0.378 0.688 1.000 0.167 0.104 0.158 0.388 1.000 1.000 1.000 1.000 0.502 0.417 0.509 0.711 0.276 0.363 0.138 0.248
