DFSS/01_Terauchi/04_EXE_SIMU/01_RR_DR/output_RR/res_2d_hsmax.asc
ncols  372
nrows  253
xllcorner     -26340.000
yllcorner      43260.000
cellsize     30.000
NODATA_value     0.000
[rows 68 to 101 of 253, columns 154 to 230 of 372]
0.351 0.296 0.261 0.224 0.141 0.243 0.287 0.397 0.330 0.590 1.000 1.000 0.428 0.308 0.370 0.217 0.155 0.105 0.687 0.698 0.103 0.172 0.301 0.303 0.404 1.000 0.185 0.162 0.078 0.312 1.000 0.189 0.416 0.115 0.320 0.816 1.000 1.000 0.177 0.175 0.456 1.000 1.000 0.271 0.454 0.323 0.262 1.000 1.000 1.000 1.000 0.659 0.506 0.337 0.173 0.105 0.344 0.722 0.834 0.893 1.000 1.000 1.000 0.740 0.946 0.880 0.776 0.555 0.364 0.436 0.234 0.134 1.000 0.696 1.000 1.000 0.423
0.251 0.233 0.177 0.170 0.068 0.273 0.387 0.669 0.587 0.434 1.000 1.000 0.718 0.695 0.437 0.284 0.133 0.149 1.000 0.232 0.080 0.183 0.369 0.507 0.734 1.000 0.187 0.106 0.103 0.511 1.000 0.352 0.596 0.103 0.132 0.372 1.000 0.579 0.130 0.080 0.172 0.218 1.000 0.181 0.130 0.262 0.303 0.283 0.420 1.000 0.530 0.329 0.258 0.204 0.140 0.150 0.199 0.381 0.900 1.000 1.000 1.000 0.731 0.556 0.677 1.000 0.850 0.295 0.224 0.209 0.266 0.135 0.629 0.472 0.247 1.000 1.000
0.184 0.142 0.100 0.097 0.081 0.173 0.297 0.346 0.734 0.661 1.000 0.859 0.437 0.538 0.299 0.188 0.155 1.000 0.931 0.132 0.102 0.234 0.610 0.913 1.000 0.697 0.313 0.124 0.189 0.764 1.000 0.756 0.295 0.150 0.150 0.369 1.000 0.229 0.113 0.059 0.092 0.280 0.654 1.000 0.320 0.441 1.000 1.000 0.967 1.000 0.628 0.338 0.358 0.289 0.117 0.236 0.387 0.415 1.000 1.000 1.000 1.000 1.000 1.000 1.000 0.933 1.000 1.000 0.324 0.165 0.138 0.105 0.218 1.000 0.252 0.377 0.821
0.252 0.241 0.093 0.330 0.120 0.164 0.329 0.400 0.341 0.550 1.000 0.280 0.173 0.231 0.169 0.201 1.000 1.000 0.132 0.222 0.258 0.109 0.225 0.634 1.000 0.560 0.174 0.098 0.209 0.932 1.000 0.509 0.159 0.303 0.179 0.343 0.490 0.438 1.000 0.126 0.067 0.111 0.262 0.308 1.000 1.000 0.645 0.542 1.000 1.000 0.636 0.903 0.609 0.339 0.113 0.295 0.406 0.400 1.000 1.000 1.000 1.000 0.705 0.617 0.731 0.629 0.327 1.000 1.000 1.000 0.466 0.303 0.140 0.472 1.000 0.549 0.578
0.283 0.174 0.264 0.609 0.167 0.138 0.313 0.812 0.536 0.898 1.000 0.392 0.234 0.155 0.202 1.000 0.536 0.101 0.164 1.000 0.330 0.101 0.152 0.424 1.000 0.256 0.166 0.106 0.176 0.917 1.000 0.123 0.156 0.467 0.290 0.329 0.714 1.000 1.000 1.000 0.178 0.070 0.136 0.158 0.100 0.125 0.153 0.241 1.000 1.000 0.211 0.187 0.438 0.178 0.105 0.107 0.179 0.396 1.000 1.000 1.000 1.000 1.000 0.908 0.735 0.489 0.149 0.814 1.000 1.000 1.000 1.000 1.000 1.000 0.586 0.658 0.613
0.226 0.165 0.510 0.733 0.233 0.129 0.307 0.879 1.000 1.000 1.000 0.300 0.191 0.103 0.747 0.349 0.108 0.113 0.389 1.000 0.193 0.144 0.344 1.000 0.946 0.211 0.134 0.125 0.183 1.000 0.759 0.116 0.129 0.339 0.439 0.715 1.000 0.944 1.000 1.000 1.000 0.129 0.112 0.249 0.206 0.174 0.167 0.166 1.000 0.561 0.183 0.115 1.000 0.208 0.073 0.138 0.229 0.799 1.000 1.000 1.000 1.000 1.000 1.000 1.000 1.000 0.450 0.509 0.354 0.899 1.000 0.729 0.411 0.737 0.716 0.429 0.476
0.170 0.171 0.464 1.000 0.413 0.150 0.278 0.431 0.307 0.677 1.000 0.286 0.126 0.127 1.000 0.239 0.119 0.213 0.383 1.000 0.115 0.337 0.385 1.000 0.827 0.264 0.108 0.117 0.355 1.000 0.783 0.120 0.209 0.339 0.586 1.000 1.000 0.738 1.000 1.000 0.238 0.061 0.139 0.247 0.418 0.465 0.319 0.843 1.000 0.162 0.110 0.134 0.953 0.149 0.123 0.226 0.571 1.000 1.000 1.000 1.000 1.000 1.000 0.685 0.691 1.000 0.875 0.253 0.104 0.365 0.661 1.000 0.890 0.394 0.382 0.464 0.387
0.184 0.213 0.500 1.000 0.384 0.164 0.122 0.171 0.208 0.417 1.000 0.223 0.112 0.137 1.000 0.140 0.115 0.419 0.878 0.225 0.095 0.224 0.221 1.000 0.803 0.152 0.088 0.129 0.321 1.000 0.669 0.082 0.203 0.349 1.000 1.000 1.000 1.000 1.000 0.701 0.070 0.080 0.205 0.320 0.849 1.000 1.000 1.000 0.932 0.214 0.233 0.818 1.000 0.368 0.293 0.597 0.764 1.000 1.000 0.869 0.881 0.762 0.321 0.464 0.373 1.000 1.000 0.277 0.168 0.128 0.107 0.237 0.418 0.445 0.227 0.300 0.328
0.200 0.159 0.582 0.677 0.150 0.251 0.193 0.109 0.127 0.163 1.000 0.280 0.119 0.243 0.999 0.104 0.203 1.000 0.630 0.264 0.183 0.213 0.198 1.000 0.442 0.136 0.168 0.141 0.192 1.000 0.451 0.095 0.193 0.385 1.000 1.000 0.680 0.463 1.000 0.920 0.073 0.145 0.291 1.000 1.000 1.000 1.000 1.000 0.867 0.889 1.000 1.000 1.000 0.585 0.635 0.777 0.816 1.000 1.000 0.967 0.927 0.419 0.298 0.304 0.720 0.746 1.000 1.000 1.000 1.000 0.803 0.549 0.295 0.323 0.345 0.328 0.259
0.382 0.260 0.664 0.954 0.248 0.545 0.238 0.104 0.163 0.302 1.000 0.363 0.190 0.437 0.706 0.146 0.349 1.000 0.492 0.516 0.297 0.261 0.241 1.000 0.220 0.146 0.214 0.224 0.183 0.558 1.000 0.139 0.193 0.781 1.000 0.382 0.058 0.140 1.000 1.000 0.097 0.224 0.946 1.000 1.000 1.000 1.000 1.000 1.000 1.000 1.000 1.000 1.000 0.533 0.656 1.000 1.000 1.000 0.947 1.000 1.000 1.000 1.000 1.000 1.000 0.977 0.542 0.493 0.321 0.293 0.642 0.902 0.772 0.393 0.314 0.247 0.269
0.638 1.000 1.000 1.000 1.000 1.000 0.529 0.187 0.342 1.000 1.000 0.224 0.155 0.896 1.000 1.000 1.000 1.000 0.794 0.789 0.804 0.612 0.680 1.000 0.326 0.237 0.393 0.430 0.347 0.623 1.000 1.000 0.717 1.000 0.675 0.187 0.163 1.000 1.000 0.498 0.103 0.218 1.000 1.000 0.637 0.753 0.535 0.191 0.392 0.459 0.644 1.000 1.000 1.000 1.000 1.000 1.000 1.000 1.000 0.507 0.577 0.641 0.181 0.185 0.458 1.000 1.000 1.000 1.000 1.000 1.000 1.000 0.403 0.447 0.235 0.269 0.368
1.000 1.000 1.000 1.000 0.924 1.000 1.000 0.713 0.682 1.000 0.253 0.211 0.255 1.000 1.000 1.000 1.000 1.000 1.000 1.000 1.000 1.000 1.000 1.000 1.000 1.000 1.000 0.985 0.888 1.000 0.997 1.000 1.000 0.489 0.162 0.205 1.000 1.000 1.000 0.257 0.090 0.397 1.000 0.914 0.453 0.469 0.176 0.084 0.128 0.131 0.398 0.570 0.627 1.000 1.000 1.000 0.958 0.530 1.000 0.717 0.396 0.270 0.148 0.135 0.102 0.125 0.961 1.000 1.000 0.946 0.963 1.000 1.000 1.000 1.000 1.000 0.915
0.722 0.923 0.857 1.000 0.771 1.000 1.000 1.000 1.000 0.796 0.389 0.457 1.000 1.000 0.868 0.579 0.217 0.827 1.000 1.000 1.000 1.000 1.000 1.000 1.000 1.000 1.000 1.000 1.000 1.000 1.000 1.000 0.725 0.188 0.139 0.195 1.000 1.000 1.000 0.315 0.242 0.539 1.000 1.000 0.704 0.426 0.276 0.244 0.166 0.073 0.092 0.222 0.289 0.570 1.000 0.755 1.000 0.468 0.482 1.000 1.000 0.509 0.338 0.184 0.184 0.119 0.111 0.505 1.000 1.000 1.000 0.876 0.774 1.000 1.000 0.622 0.558
0.253 0.554 1.000 1.000 0.871 1.000 0.749 0.584 1.000 1.000 0.674 0.740 1.000 0.604 0.489 1.000 0.302 0.150 0.268 0.405 0.304 0.560 1.000 0.978 1.000 0.704 0.616 0.909 0.863 1.000 1.000 1.000 0.704 0.189 0.091 0.265 1.000 1.000 1.000 1.000 1.000 1.000 1.000 0.641 1.000 1.000 1.000 1.000 0.579 0.255 0.166 0.065 0.118 0.275 0.547 0.365 1.000 0.397 0.403 0.851 1.000 1.000 1.000 0.629 0.335 0.151 0.180 0.101 0.614 0.747 1.000 1.000 0.777 0.821 0.966 0.620 0.488
0.200 0.320 0.503 1.000 0.835 0.601 0.352 0.287 1.000 1.000 1.000 1.000 0.868 0.227 0.320 0.234 1.000 0.123 0.133 0.373 0.232 0.454 0.583 0.421 1.000 0.351 0.188 0.321 0.207 0.736 0.366 0.978 0.521 0.214 0.300 0.765 1.000 1.000 1.000 1.000 1.000 1.000 0.569 0.385 0.644 1.000 0.516 0.683 1.000 1.000 1.000 0.395 0.098 0.088 0.172 0.323 1.000 0.335 0.171 0.923 0.613 1.000 1.000 1.000 0.585 0.309 0.153 0.152 0.172 0.171 0.271 0.225 0.323 0.353 0.280 0.328 0.339
0.310 0.390 0.298 1.000 0.350 0.258 0.227 0.242 0.916 0.845 0.946 1.000 0.803 0.397 0.301 0.108 1.000 0.290 0.137 0.308 0.201 0.472 0.211 0.271 1.000 0.200 0.159 0.194 0.179 0.473 0.256 0.748 0.373 0.188 0.453 0.431 0.393 0.498 1.000 1.000 1.000 0.562 0.369 0.209 0.415 1.000 0.416 0.496 0.760 1.000 1.000 1.000 0.280 0.144 0.079 0.230 0.898 0.178 0.138 0.923 0.489 1.000 0.890 1.000 0.875 0.552 0.289 0.258 0.195 0.153 0.112 0.131 0.175 0.148 0.124 0.133 0.187
0.292 0.364 0.314 1.000 0.251 0.184 0.221 0.481 0.943 0.320 0.230 1.000 0.633 0.481 0.235 0.122 1.000 1.000 0.287 0.353 0.245 0.366 0.258 0.335 1.000 1.000 0.884 0.249 0.149 0.232 0.314 0.413 0.296 0.342 0.366 0.279 0.286 0.401 1.000 0.831 1.000 0.456 0.247 0.205 0.511 1.000 0.263 0.283 0.422 0.724 1.000 1.000 0.311 0.229 0.114 0.136 0.426 0.153 0.277 1.000 0.203 0.992 0.449 0.725 1.000 0.846 0.852 0.649 0.353 0.278 0.400 0.562 0.385 0.101 0.255 0.817 0.529
0.374 0.258 0.284 1.000 0.313 0.182 0.211 0.696 0.713 0.356 0.299 1.000 0.421 0.314 0.249 0.131 0.523 1.000 0.641 0.330 0.199 0.234 0.321 0.475 1.000 0.264 1.000 1.000 0.277 0.197 0.250 0.354 0.531 0.478 0.217 0.254 0.285 0.535 0.460 1.000 0.732 0.911 0.171 0.206 0.725 0.752 0.190 0.134 0.168 0.547 1.000 1.000 0.745 0.397 0.252 0.094 0.315 0.150 0.335 1.000 0.191 0.692 0.226 0.324 1.000 1.000 1.000 1.000 0.831 0.731 0.549 0.283 0.103 0.164 1.000 1.000 0.598
0.659 0.239 0.219 1.000 0.879 0.278 0.247 0.705 0.424 0.492 0.379 1.000 0.230 0.248 0.216 0.181 1.000 1.000 0.393 0.256 0.173 0.217 0.195 0.308 1.000 0.192 0.268 1.000 1.000 0.275 0.277 0.381 0.694 0.608 0.194 0.248 0.394 0.553 0.348 0.800 0.233 1.000 0.213 0.132 1.000 0.420 0.129 0.084 0.204 1.000 0.697 0.826 0.808 0.421 0.185 0.115 0.091 0.074 0.250 0.362 0.264 0.545 0.221 0.314 0.604 1.000 0.783 1.000 0.819 0.996 0.291 0.139 0.115 1.000 1.000 0.898 0.399
1.000 0.255 0.215 1.000 1.000 0.338 0.222 0.408 0.485 0.360 0.422 1.000 0.168 0.191 0.561 1.000 0.785 0.738 0.301 0.191 0.176 0.146 0.212 0.997 1.000 0.222 0.202 0.188 1.000 0.588 0.294 0.452 0.785 0.624 0.238 0.138 0.566 0.541 1.000 0.263 0.249 1.000 0.352 0.123 0.817 0.170 0.079 0.224 1.000 1.000 1.000 0.896 0.306 0.196 0.279 0.256 0.122 0.105 0.147 0.137 0.260 0.586 0.244 0.323 0.603 1.000 0.303 1.000 1.000 0.626 0.469 0.311 0.693 1.000 0.607 0.263 0.239
1.000 0.154 0.373 1.000 1.000 0.292 0.215 0.299 0.477 0.328 0.410 1.000 0.192 0.192 1.000 1.000 0.143 0.728 0.267 0.163 0.185 0.320 1.000 1.000 0.401 0.273 0.176 0.195 1.000 0.579 0.366 0.383 0.793 0.732 0.309 0.495 1.000 0.866 1.000 0.133 0.528 1.000 0.269 0.243 0.303 0.126 0.369 0.726 1.000 1.000 1.000 1.000 0.386 0.275 0.447 0.421 0.129 0.512 0.324 0.187 0.242 0.395 0.228 0.571 0.657 1.000 0.265 1.000 1.000 1.000 0.736 1.000 1.000 0.444 0.246 0.272 0.398
0.744 0.168 1.000 0.813 1.000 0.382 0.224 0.297 0.418 0.240 0.225 1.000 0.236 0.213 0.331 1.000 0.274 0.464 0.430 0.117 0.427 0.760 1.000 0.951 0.421 0.348 0.193 0.254 1.000 0.333 0.253 0.190 0.407 0.629 0.465 1.000 1.000 0.609 1.000 0.156 0.318 1.000 0.288 0.185 0.196 0.383 0.351 0.324 0.346 0.849 1.000 1.000 1.000 0.665 0.310 0.208 0.346 1.000 0.713 0.227 0.134 0.278 0.307 0.907 1.000 1.000 0.458 0.659 1.000 1.000 1.000 1.000 0.411 0.394 0.386 0.403 0.433
0.492 0.256 0.886 0.415 0.748 0.928 0.173 0.264 0.296 0.189 0.231 1.000 0.353 0.238 0.209 0.764 0.770 0.330 0.353 0.133 0.393 0.259 0.673 1.000 0.289 0.457 0.206 0.265 1.000 1.000 0.256 0.275 0.355 0.480 0.501 0.665 0.549 0.629 1.000 0.319 0.397 1.000 0.467 0.179 0.154 0.254 0.261 0.363 0.662 0.933 1.000 1.000 1.000 1.000 0.582 1.000 1.000 0.625 0.246 0.246 0.168 0.217 0.363 0.669 0.774 0.555 0.509 1.000 1.000 0.132 1.000 1.000 1.000 0.565 0.467 0.722 0.509
0.424 0.319 0.369 0.574 0.385 1.000 0.323 0.183 0.155 0.198 1.000 0.924 0.388 0.393 0.238 0.542 1.000 0.258 0.241 0.192 0.214 0.239 0.447 1.000 0.368 0.547 0.317 0.468 0.795 1.000 0.648 0.351 0.257 0.365 0.366 0.298 0.522 0.653 0.816 0.889 0.505 1.000 0.794 0.199 0.128 0.158 0.252 0.244 0.298 0.661 1.000 1.000 1.000 1.000 1.000 0.654 0.826 1.000 0.692 0.394 0.235 0.166 0.315 0.389 0.498 0.327 0.335 0.788 1.000 0.196 0.963 0.502 1.000 1.000 0.645 0.717 0.454
0.524 0.453 0.424 0.731 0.525 0.637 0.187 0.175 0.263 1.000 1.000 0.281 0.372 0.457 0.252 0.406 1.000 0.279 0.272 0.298 0.138 0.179 0.330 1.000 0.348 0.297 0.527 1.000 0.165 1.000 1.000 0.296 0.178 0.266 0.284 0.353 0.437 0.269 0.401 0.867 0.644 1.000 0.751 0.291 0.120 0.186 0.478 1.000 1.000 1.000 1.000 0.777 1.000 1.000 1.000 0.171 0.129 0.158 0.303 0.695 0.428 0.229 0.210 0.334 0.604 0.808 0.562 0.570 1.000 0.271 1.000 0.283 0.459 1.000 1.000 1.000 0.385
0.517 0.395 0.180 0.301 0.527 0.231 0.165 0.223 0.296 1.000 0.636 0.121 0.460 0.535 0.331 0.174 1.000 1.000 0.419 0.408 0.271 0.162 0.438 1.000 0.381 0.392 0.569 0.672 0.214 1.000 1.000 0.681 0.274 0.391 0.291 0.359 0.304 0.180 0.251 0.538 0.797 1.000 0.622 0.358 0.177 0.650 0.610 0.443 0.567 0.535 0.406 0.370 0.639 1.000 1.000 0.259 0.304 1.000 1.000 1.000 0.434 0.203 0.222 0.252 0.412 1.000 0.503 0.368 0.904 0.428 1.000 0.337 0.321 0.615 1.000 1.000 1.000
0.744 0.724 0.513 0.231 0.641 0.199 0.372 0.351 0.515 1.000 1.000 0.735 0.268 0.420 0.272 0.150 0.780 1.000 0.356 0.299 0.219 0.137 0.668 1.000 0.251 0.585 0.765 0.259 0.239 1.000 1.000 1.000 1.000 0.635 0.305 0.248 0.370 0.170 0.255 0.574 0.820 0.520 0.233 0.223 0.404 0.357 0.490 0.435 0.347 0.353 0.331 0.284 0.510 1.000 1.000 1.000 1.000 0.464 0.398 0.760 0.816 0.312 0.234 0.184 0.259 0.630 0.514 0.309 0.539 0.278 1.000 0.327 0.520 0.340 1.000 0.325 1.000
0.240 0.388 0.337 0.339 0.397 0.326 0.468 1.000 1.000 0.364 0.972 1.000 0.472 0.495 0.278 0.197 1.000 1.000 0.674 0.311 0.153 0.166 1.000 0.883 0.362 0.821 0.933 0.220 0.258 1.000 1.000 0.568 1.000 1.000 0.649 0.307 0.211 0.142 0.209 1.000 0.574 0.266 0.173 0.216 0.325 0.309 0.258 0.240 0.195 0.248 0.235 0.246 0.746 1.000 0.870 0.761 0.703 0.403 0.287 0.641 0.773 0.706 0.289 0.129 0.109 0.321 0.669 0.323 0.326 0.298 0.777 0.251 0.257 0.488 0.609 0.373 1.000
0.588 0.692 0.388 0.304 0.393 0.268 0.484 1.000 0.963 0.331 0.361 0.536 0.445 0.399 0.367 0.250 1.000 0.627 0.484 0.343 0.139 0.208 1.000 1.000 0.501 0.333 1.000 0.235 0.304 0.546 1.000 0.504 0.285 0.571 1.000 0.514 0.143 0.280 1.000 1.000 0.187 0.108 0.226 0.279 0.290 0.192 0.135 0.154 0.246 0.244 0.318 0.376 1.000 1.000 0.612 0.299 0.254 0.300 0.338 0.382 0.350 0.307 0.118 0.183 0.184 0.093 0.624 0.410 0.469 0.360 0.691 0.302 0.240 0.389 0.394 0.493 0.550
1.000 0.327 0.422 0.311 0.229 0.360 0.345 1.000 0.406 0.297 0.277 0.401 0.343 0.273 0.232 0.366 1.000 0.645 0.446 0.235 0.085 0.380 1.000 0.468 0.772 0.178 1.000 0.255 0.198 0.294 1.000 0.915 0.302 0.411 0.637 0.526 0.157 0.538 1.000 0.172 0.169 0.217 0.237 0.252 0.314 0.623 0.548 0.170 0.154 0.275 0.484 0.503 1.000 1.000 1.000 0.428 0.415 0.256 0.347 0.400 0.187 0.085 0.161 0.703 0.350 0.166 0.106 0.339 0.551 0.541 0.481 0.479 0.224 0.442 0.425 0.548 0.444
1.000 1.000 0.507 0.682 0.342 0.294 0.532 0.416 0.987 0.245 0.394 0.457 0.360 0.353 0.266 1.000 1.000 0.557 0.764 0.361 0.153 0.419 1.000 0.372 0.295 0.221 1.000 0.264 0.222 0.327 1.000 1.000 0.296 0.277 0.462 0.393 0.185 0.403 0.702 0.209 0.234 0.280 0.401 0.464 0.362 0.608 1.000 0.459 0.181 0.167 0.258 0.862 1.000 1.000 0.430 0.394 0.376 0.342 0.483 0.183 0.108 0.114 0.171 1.000 0.471 0.221 0.123 0.115 0.290 0.401 0.226 0.232 0.288 0.421 0.552 0.345 0.419
0.359 1.000 0.382 0.480 0.636 0.289 0.384 0.443 0.805 0.344 0.507 0.510 0.466 0.239 0.170 1.000 1.000 0.270 0.527 0.689 0.306 0.190 1.000 0.350 0.146 0.279 0.968 0.243 0.221 0.408 1.000 1.000 0.409 0.284 0.334 0.512 0.202 0.285 1.000 1.000 0.268 0.167 0.459 0.680 1.000 1.000 0.700 1.000 0.870 0.096 0.140 0.388 1.000 1.000 0.396 0.281 0.289 0.282 0.269 0.110 0.322 0.388 0.165 1.000 0.361 0.199 0.203 0.143 0.155 0.296 0.504 0.278 0.211 0.270 0.428 0.298 0.661
0.302 1.000 1.000 0.247 0.343 0.398 0.315 0.498 0.505 0.579 0.645 0.548 0.422 0.410 0.646 1.000 1.000 0.517 0.849 0.680 0.339 0.262 0.748 0.450 0.234 0.346 1.000 0.270 0.295 0.390 1.000 0.613 0.630 0.488 0.269 0.273 0.433 0.503 1.000 1.000 1.000 1.000 0.205 0.134 0.118 0.119 0.117 0.139 1.000 0.325 0.234 0.650 1.000 1.000 0.475 0.334 0.229 0.160 0.221 0.165 0.441 0.599 0.217 1.000 0.268 0.308 0.250 0.257 0.187 0.297 1.000 0.407 0.128 0.163 0.240 0.368 0.413
0.287 0.275 1.000 1.000 0.567 0.482 0.264 0.495 0.440 0.454 0.627 0.872 1.000 1.000 1.000 1.000 1.000 0.697 0.737 0.868 0.599 0.577 0.465 0.527 0.352 0.302 1.000 0.284 0.328 0.877 1.000 0.435 0.748 0.946 0.432 0.155 0.322 0.819 0.819 0.407 0.259 1.000 1.000 0.613 0.372 0.377 1.000 1.000 0.954 1.000 1.000 1.000 1.000 1.000 1.000 0.314 0.175 0.156 0.394 0.189 0.290 1.000 1.000 1.000 1.000 1.000 0.804 0.786 0.341 1.000 0.493 0.482 0.744 0.291 0.168 0.238 0.256
