DFSS/01_Terauchi/04_EXE_SIMU/01_RR_DR/output_RR/res_2d_hsmax.asc
ncols  372
nrows  253
xllcorner     -26340.000
yllcorner      43260.000
cellsize     30.000
NODATA_value     0.000
[rows 204 to 237 of 253, columns 231 to 307 of 372]
1.000 1.000 1.000 0.786 1.000 1.000 1.000 1.000 0.292 0.112 0.220 0.292 0.179 0.214 0.190 0.272 1.000 0.776 1.000 1.000 1.000 1.000 1.000 0.641 0.573 0.421 0.228 0.208 0.126 0.599 0.971 0.186 0.185 0.186 0.362 1.000 1.000 0.500 1.000 0.617 0.177 0.691 0.354 0.131 0.233 0.297 0.232 0.399 1.000 0.695 0.319 0.276 0.606 0.430 0.191 0.349 0.377 1.000 0.108 0.082 0.098 0.189 1.000 0.207 0.000 0.000 0.000 0.000 0.000 0.000 0.000 0.000 0.000 0.000 0.000 0.000 0.000
1.000 0.851 1.000 0.832 0.996 0.926 0.610 0.600 0.517 0.358 0.152 0.199 0.229 0.177 0.179 0.209 1.000 0.417 0.285 0.510 0.599 0.733 0.881 1.000 1.000 0.542 0.301 0.214 0.077 0.442 1.000 0.730 0.219 0.166 0.144 0.376 0.975 1.000 1.000 1.000 0.218 0.718 0.982 0.221 0.165 0.410 0.436 0.535 1.000 1.000 0.268 0.137 0.860 0.245 0.171 0.422 1.000 1.000 1.000 0.366 0.627 1.000 0.541 0.105 0.000 0.000 0.000 0.000 0.000 0.000 0.000 0.000 0.000 0.000 0.000 0.000 0.000
0.700 0.832 0.608 0.539 0.513 0.748 0.526 0.390 0.281 0.274 0.566 0.719 0.335 0.307 0.224 0.151 0.683 0.543 0.296 0.234 0.315 0.387 0.297 0.421 0.391 0.149 0.285 0.453 0.108 0.290 0.615 1.000 0.515 0.390 0.169 0.271 0.477 1.000 1.000 1.000 0.221 0.347 1.000 0.282 0.127 0.151 0.367 0.723 1.000 1.000 0.241 0.143 1.000 0.444 1.000 1.000 1.000 0.516 1.000 1.000 1.000 1.000 1.000 0.207 0.090 0.000 0.000 0.000 0.000 0.000 0.000 0.000 0.000 0.000 0.000 0.000 0.000
0.318 0.158 0.217 0.205 0.279 0.468 0.956 0.659 0.414 0.370 0.548 0.289 0.724 1.000 0.898 0.650 0.527 0.342 0.352 0.260 0.153 0.198 0.176 0.126 0.141 0.141 0.373 0.718 0.147 0.178 0.298 0.548 1.000 0.639 0.243 0.290 0.189 0.354 1.000 1.000 1.000 0.287 0.346 1.000 0.180 0.125 0.210 0.916 0.877 1.000 0.659 1.000 1.000 1.000 0.543 0.393 1.000 0.223 0.125 0.177 0.141 0.263 1.000 1.000 0.431 0.000 0.000 0.000 0.000 0.000 0.000 0.000 0.000 0.000 0.000 0.000 0.000
0.288 0.310 0.679 0.760 0.602 0.805 1.000 0.595 0.462 0.492 0.468 0.453 1.000 1.000 1.000 1.000 0.852 0.349 0.344 0.264 0.272 0.300 0.298 0.341 0.294 0.167 0.287 1.000 0.196 0.206 0.275 0.451 1.000 1.000 0.203 0.229 0.435 0.280 0.141 0.137 0.507 1.000 0.285 1.000 0.366 0.194 0.191 0.582 1.000 1.000 1.000 0.340 0.396 0.350 0.236 0.117 0.725 1.000 0.258 0.127 0.110 0.209 0.909 0.282 0.556 0.000 0.000 0.000 0.000 0.000 0.000 0.000 0.000 0.000 0.000 0.000 0.000
0.123 0.822 1.000 1.000 1.000 0.706 0.675 0.398 0.397 0.552 1.000 1.000 1.000 0.245 0.151 0.176 0.191 0.252 0.268 0.353 0.489 0.373 0.462 0.456 0.327 0.149 0.242 0.950 0.883 0.363 0.376 0.407 1.000 1.000 0.180 0.265 0.949 0.593 0.326 0.199 0.143 0.418 1.000 1.000 1.000 0.230 0.252 0.359 1.000 0.660 0.152 0.132 0.194 0.267 0.185 0.171 0.163 1.000 1.000 0.207 0.143 0.162 0.420 0.107 0.097 0.000 0.000 0.000 0.000 0.000 0.000 0.000 0.000 0.000 0.000 0.000 0.000
0.133 1.000 1.000 0.831 1.000 0.679 0.561 0.527 0.759 1.000 1.000 0.681 0.693 1.000 1.000 1.000 0.828 0.573 0.382 0.456 0.562 0.282 0.685 0.689 0.224 0.134 0.251 0.549 0.926 1.000 0.835 0.446 1.000 1.000 0.189 0.156 0.769 1.000 0.255 0.577 0.075 0.118 0.294 1.000 1.000 0.307 0.315 0.470 1.000 0.593 0.171 0.194 0.127 0.152 0.206 0.167 0.130 0.142 1.000 1.000 0.321 0.135 0.143 0.000 0.000 0.000 0.000 0.000 0.000 0.000 0.000 0.000 0.000 0.000 0.000 0.000 0.000
0.215 1.000 0.582 0.826 1.000 0.989 0.773 0.919 1.000 0.483 0.324 0.385 0.552 0.715 0.861 0.764 0.530 0.263 0.635 1.000 0.637 0.216 1.000 0.631 0.246 0.220 0.323 0.490 0.745 1.000 1.000 0.406 1.000 1.000 0.205 0.117 0.418 1.000 1.000 1.000 0.179 0.154 0.177 0.362 1.000 1.000 0.514 1.000 1.000 1.000 0.526 0.458 0.304 0.234 0.233 0.232 0.298 0.207 0.487 0.523 0.466 0.213 0.100 0.000 0.000 0.000 0.000 0.000 0.000 0.000 0.000 0.000 0.000 0.000 0.000 0.000 0.000
0.508 1.000 0.582 1.000 1.000 1.000 1.000 1.000 1.000 0.582 0.381 0.385 0.518 0.401 0.238 0.222 0.126 0.556 1.000 1.000 0.324 0.263 1.000 0.642 0.228 0.388 0.479 0.529 0.809 1.000 1.000 0.754 0.642 1.000 0.227 0.120 0.141 0.293 1.000 1.000 0.174 0.152 0.180 0.255 0.272 1.000 1.000 1.000 0.722 0.911 1.000 0.779 1.000 1.000 1.000 1.000 1.000 0.961 0.713 0.523 0.390 0.354 0.087 0.000 0.000 0.000 0.000 0.000 0.000 0.000 0.000 0.000 0.000 0.000 0.000 0.000 0.000
1.000 1.000 1.000 1.000 0.306 0.245 0.163 0.861 1.000 1.000 1.000 1.000 0.522 0.304 0.274 0.200 0.157 1.000 1.000 0.153 0.184 0.604 0.991 0.576 0.282 0.725 0.499 0.385 0.896 0.838 0.824 1.000 1.000 1.000 0.285 0.356 0.145 0.076 0.106 1.000 0.375 0.197 0.135 0.212 0.285 0.905 1.000 1.000 0.320 0.223 0.184 0.124 0.254 0.384 0.621 1.000 0.601 0.425 0.429 0.238 0.152 0.226 0.139 0.000 0.000 0.000 0.000 0.000 0.000 0.000 0.000 0.000 0.000 0.000 0.000 0.000 0.000
1.000 1.000 0.476 0.216 0.192 0.164 0.196 0.282 0.488 0.363 0.258 0.359 0.294 0.360 0.266 0.189 0.188 1.000 0.685 0.152 0.154 1.000 0.927 0.261 0.240 1.000 0.501 0.367 0.472 0.341 0.407 0.470 1.000 0.967 0.212 1.000 0.324 0.157 0.269 0.685 1.000 0.237 0.207 0.194 0.233 1.000 1.000 1.000 0.583 0.268 0.306 0.249 0.273 0.123 0.123 0.115 0.149 0.163 0.123 0.168 0.283 0.360 0.192 0.237 0.154 0.000 0.000 0.000 0.000 0.000 0.000 0.000 0.000 0.000 0.000 0.000 0.000
1.000 0.444 0.252 0.155 0.147 0.118 0.145 0.114 0.153 0.127 0.602 1.000 0.676 0.421 0.369 0.252 0.237 1.000 0.591 0.190 0.194 1.000 0.985 0.364 0.693 0.738 0.531 0.376 0.296 0.568 0.242 0.187 0.319 1.000 0.293 0.824 1.000 0.287 0.101 0.152 1.000 1.000 0.222 0.133 0.205 1.000 1.000 1.000 1.000 1.000 0.541 0.570 0.354 0.209 0.196 0.184 0.199 0.187 0.147 0.280 0.900 1.000 0.538 1.000 0.164 0.259 0.283 0.391 0.000 0.000 0.000 0.000 0.000 0.000 0.000 0.000 0.000
0.337 0.275 0.188 0.304 0.475 0.934 1.000 0.505 0.165 0.304 1.000 0.991 0.968 0.972 0.458 0.197 0.212 1.000 0.499 0.265 0.245 1.000 1.000 0.705 1.000 0.544 0.332 0.308 0.351 0.614 0.708 0.250 0.197 0.541 1.000 0.564 1.000 0.554 0.146 0.123 0.289 1.000 0.712 0.220 0.531 1.000 1.000 1.000 0.586 0.837 1.000 0.754 0.621 0.313 0.330 0.388 0.253 0.486 0.441 1.000 1.000 1.000 1.000 0.217 0.111 0.282 1.000 0.207 0.000 0.000 0.000 0.000 0.000 0.000 0.000 0.000 0.000
0.089 0.107 0.666 0.999 1.000 1.000 0.218 0.144 0.118 1.000 0.839 0.953 0.669 0.347 0.232 0.114 0.192 1.000 0.405 0.236 0.208 1.000 1.000 1.000 0.454 0.306 0.297 0.270 0.347 0.537 1.000 0.337 0.092 0.184 1.000 1.000 0.639 1.000 0.156 0.116 0.157 0.496 1.000 0.819 1.000 1.000 0.729 0.284 0.674 0.272 0.684 1.000 0.966 0.941 0.999 0.350 0.243 1.000 1.000 1.000 0.240 0.356 0.181 0.081 0.288 1.000 0.838 0.112 0.000 0.000 0.000 0.000 0.000 0.000 0.000 0.000 0.000
0.129 1.000 1.000 0.797 0.113 0.233 0.315 0.165 0.170 1.000 0.676 1.000 0.421 0.192 0.356 0.221 0.328 1.000 0.375 0.216 0.219 1.000 1.000 0.511 0.306 0.343 0.244 0.267 0.414 0.414 0.726 1.000 0.128 0.086 0.174 0.978 1.000 1.000 0.348 0.105 0.151 0.412 1.000 1.000 1.000 0.622 0.113 0.101 0.168 1.000 0.095 1.000 1.000 0.639 0.475 0.321 1.000 1.000 0.647 0.265 0.407 0.228 0.089 0.153 1.000 1.000 1.000 0.849 0.000 0.000 0.000 0.000 0.000 0.000 0.000 0.000 0.000
1.000 1.000 0.188 0.182 0.478 1.000 1.000 1.000 1.000 1.000 1.000 0.891 0.419 0.380 0.912 0.543 1.000 0.686 0.381 0.405 0.240 1.000 1.000 0.357 0.698 0.541 0.243 0.180 0.409 1.000 0.574 1.000 0.408 0.123 0.087 0.151 1.000 1.000 0.677 0.310 0.246 0.644 1.000 1.000 1.000 1.000 0.457 0.127 0.098 0.650 0.390 0.205 0.915 1.000 1.000 1.000 1.000 0.461 0.295 0.268 0.126 0.079 0.177 1.000 0.473 0.165 0.229 0.886 0.000 0.000 0.000 0.000 0.000 0.000 0.000 0.000 0.000
0.599 0.088 0.161 1.000 1.000 1.000 1.000 0.857 0.547 0.499 0.724 0.552 0.307 0.081 0.356 1.000 1.000 0.453 1.000 0.857 0.262 1.000 1.000 1.000 1.000 0.568 0.314 0.168 0.354 1.000 0.747 0.888 1.000 0.317 0.210 0.136 0.235 0.837 1.000 0.639 0.487 0.795 1.000 1.000 0.850 0.694 0.918 1.000 0.397 0.171 0.251 0.140 0.235 0.170 0.750 0.231 0.743 0.284 0.159 0.140 0.429 0.161 0.811 1.000 0.461 0.389 0.279 0.114 0.065 0.000 0.000 0.000 0.000 0.000 0.000 0.000 0.000
0.100 0.232 1.000 0.602 0.402 0.335 0.503 0.825 1.000 0.740 0.558 0.717 0.347 0.122 0.119 0.218 1.000 1.000 1.000 0.226 0.193 0.836 1.000 1.000 1.000 0.486 0.381 0.242 0.375 1.000 1.000 0.284 1.000 1.000 0.421 0.270 0.229 0.685 1.000 1.000 0.893 0.943 1.000 1.000 1.000 0.240 0.115 0.191 0.177 0.168 0.120 0.095 0.096 0.157 0.430 0.132 0.212 0.388 0.080 0.126 0.382 0.916 1.000 0.160 0.200 0.141 0.135 0.228 0.260 0.000 0.000 0.000 0.000 0.000 0.000 0.000 0.000
0.116 1.000 0.234 0.190 0.183 0.163 0.150 0.211 0.478 0.624 0.436 0.219 0.506 0.237 0.146 0.198 1.000 1.000 0.253 0.192 0.116 0.420 1.000 0.453 0.571 0.370 0.353 0.362 0.253 0.275 1.000 0.349 0.569 0.975 1.000 1.000 0.892 1.000 1.000 1.000 0.744 1.000 1.000 0.840 0.478 0.446 1.000 1.000 1.000 1.000 1.000 0.760 0.385 0.103 0.110 0.118 0.098 0.065 0.128 0.500 1.000 1.000 1.000 1.000 1.000 0.580 0.618 1.000 0.294 0.000 0.000 0.000 0.000 0.000 0.000 0.000 0.000
0.273 1.000 0.308 0.258 0.244 0.464 0.904 0.449 0.171 0.233 0.238 0.209 0.512 1.000 0.230 0.336 1.000 1.000 0.244 0.142 0.174 0.573 1.000 0.363 0.610 0.533 0.316 0.269 0.454 0.264 1.000 0.715 0.390 0.638 1.000 1.000 0.875 1.000 1.000 0.713 0.319 1.000 1.000 0.554 0.168 0.189 0.210 0.252 0.293 0.264 0.490 0.222 0.154 0.156 1.000 0.428 0.080 0.151 1.000 1.000 0.793 0.203 0.231 1.000 0.837 1.000 1.000 0.560 0.160 0.000 0.000 0.000 0.000 0.000 0.000 0.000 0.000
1.000 0.552 0.355 0.548 1.000 1.000 0.859 0.169 0.266 0.608 0.598 0.212 0.133 0.877 0.814 0.409 1.000 1.000 0.254 0.164 0.245 1.000 0.995 0.310 0.811 0.963 0.216 0.282 0.881 0.322 0.861 1.000 0.873 0.380 0.633 1.000 1.000 0.867 0.505 0.513 1.000 1.000 0.940 0.890 0.530 0.289 0.237 0.215 0.141 0.106 0.103 0.091 0.132 1.000 0.872 0.128 0.133 0.730 1.000 0.415 0.644 0.352 0.136 0.424 0.250 1.000 0.671 0.279 0.000 0.000 0.000 0.000 0.000 0.000 0.000 0.000 0.000
1.000 0.371 0.611 1.000 1.000 0.188 0.152 0.197 1.000 1.000 0.407 0.104 0.138 0.340 1.000 0.286 1.000 1.000 0.198 0.140 0.341 1.000 1.000 0.630 1.000 1.000 0.233 0.414 1.000 0.693 0.727 0.634 1.000 0.269 0.893 1.000 1.000 1.000 1.000 1.000 1.000 0.594 0.599 0.501 0.469 0.400 0.675 0.501 0.318 0.116 0.654 0.382 1.000 1.000 0.141 0.113 0.371 1.000 0.901 0.634 0.544 1.000 0.667 0.158 0.222 1.000 0.546 0.185 0.000 0.000 0.000 0.000 0.000 0.000 0.000 0.000 0.000
1.000 1.000 1.000 1.000 0.451 0.288 0.608 1.000 0.517 0.236 0.093 0.125 0.206 0.384 1.000 0.717 1.000 0.927 0.166 0.185 0.594 1.000 1.000 0.621 1.000 1.000 0.142 0.404 0.916 1.000 0.639 0.976 1.000 0.777 0.958 1.000 1.000 1.000 1.000 1.000 1.000 1.000 0.577 1.000 1.000 1.000 0.698 0.389 0.310 0.115 1.000 1.000 1.000 0.146 0.094 0.133 1.000 1.000 0.183 0.159 0.243 0.503 0.641 0.385 0.125 1.000 1.000 0.141 0.000 0.000 0.000 0.000 0.000 0.000 0.000 0.000 0.000
1.000 0.829 1.000 1.000 1.000 1.000 0.976 0.192 0.140 0.106 0.123 0.298 0.254 0.697 1.000 1.000 1.000 0.530 0.210 0.391 0.639 1.000 0.690 0.169 0.725 1.000 0.202 0.572 1.000 0.740 0.890 1.000 0.814 0.485 1.000 1.000 1.000 1.000 1.000 1.000 0.685 1.000 0.639 0.710 0.318 0.164 0.191 0.226 0.230 0.139 1.000 0.127 0.109 0.129 0.103 0.192 1.000 1.000 1.000 1.000 1.000 0.481 0.386 0.264 0.125 1.000 0.732 0.087 0.000 0.000 0.000 0.000 0.000 0.000 0.000 0.000 0.000
0.482 0.343 0.300 0.189 0.191 0.276 0.145 0.132 0.099 0.071 0.189 0.553 0.445 0.180 0.654 1.000 1.000 0.617 0.429 0.647 0.704 1.000 0.307 0.194 0.870 1.000 0.395 0.956 1.000 0.589 0.891 1.000 0.977 1.000 1.000 1.000 1.000 1.000 1.000 0.515 0.737 1.000 1.000 1.000 0.583 0.287 0.198 0.211 0.250 0.346 1.000 0.290 0.263 0.171 0.145 1.000 1.000 0.405 0.193 0.336 0.847 1.000 1.000 0.215 0.125 1.000 0.371 0.110 0.000 0.000 0.000 0.000 0.000 0.000 0.000 0.000 0.000
0.289 0.221 0.150 0.084 0.221 0.199 0.251 0.219 0.226 0.135 0.304 0.870 0.571 0.141 0.205 0.727 1.000 0.720 0.648 1.000 1.000 1.000 0.375 0.539 0.945 0.956 0.936 0.898 1.000 1.000 1.000 1.000 1.000 0.660 0.471 0.884 1.000 1.000 0.979 0.767 0.497 1.000 1.000 1.000 1.000 1.000 1.000 1.000 1.000 1.000 1.000 1.000 1.000 1.000 1.000 1.000 0.453 0.572 0.292 0.162 0.127 0.219 1.000 0.216 0.097 0.536 0.289 0.000 0.000 0.000 0.000 0.000 0.000 0.000 0.000 0.000 0.000
0.102 0.068 0.079 0.149 0.414 0.605 0.641 0.247 0.206 0.198 0.548 1.000 1.000 0.175 0.177 1.000 1.000 0.848 0.651 1.000 1.000 0.753 0.300 1.000 1.000 1.000 1.000 1.000 1.000 1.000 1.000 1.000 0.628 0.421 0.161 0.200 0.830 0.905 1.000 0.919 0.492 1.000 1.000 0.540 0.589 1.000 1.000 1.000 0.587 0.469 0.200 0.387 0.360 1.000 1.000 0.924 0.201 0.166 0.183 0.228 0.127 0.110 0.130 0.120 0.608 0.213 0.153 0.000 0.000 0.000 0.000 0.000 0.000 0.000 0.000 0.000 0.000
0.148 0.139 0.172 0.257 0.743 1.000 0.752 0.219 0.321 0.320 0.924 1.000 1.000 0.353 0.191 1.000 1.000 1.000 0.621 0.965 1.000 0.972 0.419 1.000 0.896 1.000 1.000 1.000 1.000 1.000 0.986 1.000 1.000 0.602 0.220 0.169 0.437 0.363 0.437 0.393 0.770 1.000 0.858 0.506 0.444 1.000 0.718 0.701 0.734 0.401 0.240 0.205 0.270 1.000 1.000 1.000 0.489 0.267 0.308 0.163 0.364 0.310 0.150 0.229 1.000 0.307 0.139 0.000 0.000 0.000 0.000 0.000 0.000 0.000 0.000 0.000 0.000
0.237 0.237 0.301 0.277 1.000 0.618 0.339 0.415 0.515 0.410 1.000 1.000 1.000 0.668 0.457 1.000 1.000 0.960 0.714 0.834 1.000 0.971 0.999 1.000 1.000 1.000 1.000 1.000 1.000 0.718 0.594 0.803 0.854 1.000 0.928 0.409 0.162 0.232 0.255 0.290 0.925 1.000 0.597 0.598 0.643 1.000 0.710 0.535 1.000 1.000 1.000 0.462 0.366 0.783 0.336 0.244 1.000 0.860 0.478 0.258 0.854 0.211 0.144 1.000 1.000 0.284 0.193 0.131 0.156 0.065 0.000 0.000 0.000 0.000 0.000 0.000 0.000
0.269 0.311 0.444 0.495 1.000 0.240 0.301 1.000 0.478 0.441 1.000 1.000 1.000 0.812 0.638 1.000 1.000 1.000 0.905 0.806 1.000 1.000 1.000 1.000 1.000 1.000 0.874 1.000 0.446 0.638 0.793 0.703 0.679 1.000 1.000 0.890 0.335 0.193 0.122 0.368 0.933 1.000 0.672 0.585 0.520 0.891 1.000 0.597 0.690 1.000 1.000 0.958 0.368 0.359 0.192 0.131 1.000 1.000 0.972 0.945 1.000 0.954 1.000 1.000 0.563 0.267 0.187 0.123 0.580 0.219 0.000 0.000 0.000 0.000 0.000 0.000 0.000
0.712 0.958 1.000 1.000 1.000 0.533 0.784 1.000 0.766 1.000 1.000 1.000 1.000 1.000 1.000 1.000 1.000 1.000 0.960 1.000 1.000 1.000 1.000 1.000 1.000 0.548 0.364 0.286 0.885 0.572 0.632 0.578 0.605 0.729 1.000 0.856 0.279 0.176 0.146 0.143 0.257 0.527 0.590 0.712 0.420 0.533 1.000 0.847 0.714 0.952 0.352 0.234 0.309 0.184 0.424 1.000 0.757 1.000 1.000 1.000 0.937 0.335 0.202 0.539 0.527 0.260 0.315 0.395 1.000 0.466 0.000 0.000 0.000 0.000 0.000 0.000 0.000
1.000 1.000 1.000 1.000 1.000 0.897 1.000 1.000 0.840 1.000 1.000 1.000 1.000 1.000 1.000 1.000 1.000 1.000 1.000 1.000 1.000 1.000 1.000 1.000 0.643 0.765 0.968 1.000 1.000 1.000 1.000 0.793 0.527 0.737 0.608 1.000 0.266 0.174 0.184 0.197 0.183 0.155 0.242 0.393 0.393 0.251 1.000 1.000 0.452 0.783 0.513 0.233 0.475 0.423 1.000 1.000 0.781 0.861 0.780 1.000 1.000 1.000 1.000 1.000 1.000 0.746 1.000 0.831 0.473 0.173 0.086 0.000 0.000 0.000 0.000 0.000 0.000
1.000 1.000 1.000 1.000 1.000 1.000 1.000 1.000 1.000 1.000 1.000 1.000 1.000 1.000 1.000 1.000 1.000 1.000 1.000 1.000 1.000 1.000 1.000 1.000 1.000 1.000 1.000 1.000 1.000 1.000 1.000 1.000 0.355 0.108 0.132 1.000 1.000 1.000 1.000 1.000 0.498 0.224 0.130 0.253 0.307 0.234 0.642 1.000 0.399 0.666 0.581 0.147 0.239 0.671 1.000 0.259 1.000 1.000 1.000 0.132 0.467 0.368 0.470 1.000 1.000 1.000 1.000 1.000 1.000 0.774 0.179 0.000 0.000 0.000 0.000 0.000 0.000
0.811 1.000 1.000 1.000 1.000 1.000 1.000 1.000 1.000 1.000 1.000 1.000 1.000 1.000 1.000 1.000 1.000 1.000 1.000 0.776 1.000 0.709 0.433 1.000 0.874 0.551 0.677 1.000 1.000 1.000 1.000 1.000 1.000 0.289 0.076 0.220 0.804 1.000 0.628 1.000 1.000 0.600 0.383 0.215 0.164 0.118 0.339 1.000 0.504 0.472 0.375 0.122 0.213 0.895 1.000 0.163 1.000 0.764 1.000 0.290 0.123 0.228 0.165 0.738 0.783 0.412 0.393 0.536 1.000 1.000 0.250 0.000 0.000 0.000 0.000 0.000 0.000
