DFSS/03_Furuegawa/02_MK_TOPO/01_RR_DR/input/dem_30m.asc
ncols        168
nrows        308
xllcorner    10290.000000000000
yllcorner    -12990.000000000000
cellsize     30.000000000000
NODATA_value  -999
[rows 140 to 159 of 308, columns 0 to 43 of 168]
562.3389892578125 562.18853759765625 562.676025390625 562.37322998046875 561.13531494140625 560.4901123046875 560.45977783203125 560.408447265625 560.797607421875 561.25494384765625 559.4329833984375 559.9813232421875 562.33758544921875 562.1650390625 561.88177490234375 561.7425537109375 562.4136962890625 563.2666015625 565.0159912109375 565.9256591796875 566.3492431640625 566.78411865234375 566.55999755859375 564.8037109375 562.47967529296875 564.73486328125 565.9127197265625 566.89630126953125 566.8731689453125 566.685546875 566.75604248046875 567.074951171875 567.78778076171875 569.831298828125 569.87811279296875 570.17303466796875 570.14892578125 570.03228759765625 570.7598876953125 572.45111083984375 573.48687744140625 574.697265625 574.8878173828125 575.11334228515625
561.43878173828125 565.158203125 564.3870849609375 563.91741943359375 563.64697265625 564.8819580078125 564.7894287109375 564.6959228515625 564.5992431640625 564.12115478515625 561.05419921875 561.12664794921875 563.8590087890625 563.814208984375 563.52734375 563.460205078125 564.26983642578125 564.65960693359375 565.31622314453125 566.498046875 567.2491455078125 567.7274169921875 566.6754150390625 564.48272705078125 562.47967529296875 564.8348388671875 566.00799560546875 567.06622314453125 567.748046875 567.65447998046875 568.25360107421875 568.95477294921875 567.81072998046875 570.57757568359375 571.4814453125 571.77191162109375 571.31988525390625 571.927001953125 572.795654296875 573.58160400390625 574.716064453125 576.3712158203125 576.11700439453125 576.10540771484375
560.35400390625 564.634521484375 566.57366943359375 566.34991455078125 566.146484375 566.90411376953125 566.57867431640625 566.4561767578125 566.33502197265625 565.9202880859375 564.50799560546875 564.72210693359375 565.57958984375 565.39129638671875 565.10418701171875 564.87127685546875 565.88787841796875 565.61468505859375 566.0987548828125 566.98004150390625 567.94482421875 568.45721435546875 566.98114013671875 565.1795654296875 562.89105224609375 564.74090576171875 566.0015869140625 567.1224365234375 568.2164306640625 568.59576416015625 568.68463134765625 570.18194580078125 569.46038818359375 570.1297607421875 570.8719482421875 573.174072265625 572.388916015625 573.68182373046875 574.64825439453125 575.643798828125 576.32720947265625 577.6695556640625 577.449951171875 577.17901611328125
564.75799560546875 560.35400390625 566.65093994140625 568.47393798828125 568.4873046875 568.9273681640625 568.3255615234375 568.07379150390625 567.86712646484375 566.6522216796875 564.50799560546875 565.18829345703125 566.48284912109375 566.85247802734375 566.59210205078125 566.67291259765625 567.05023193359375 566.58856201171875 566.59747314453125 567.56414794921875 568.5294189453125 569.18701171875 567.9534912109375 566.028564453125 563.97186279296875 564.37518310546875 565.82733154296875 566.96368408203125 568.118408203125 569.25030517578125 569.509033203125 570.89642333984375 570.070068359375 569.682861328125 571.22894287109375 574.45391845703125 573.64202880859375 574.9970703125 575.9627685546875 577.0125732421875 578.08636474609375 579.06719970703125 578.7655029296875 578.1805419921875
566.13037109375 564.31060791015625 563.62152099609375 570.29541015625 570.5516357421875 570.542236328125 569.92059326171875 569.88299560546875 569.115234375 567.18072509765625 566.3841552734375 565.96942138671875 566.98291015625 568.1278076171875 568.27410888671875 568.27545166015625 568.09100341796875 567.67364501953125 567.42913818359375 567.93994140625 569.01678466796875 569.8446044921875 569.30963134765625 567.2095947265625 565.57513427734375 563.97186279296875 564.7991943359375 566.03973388671875 567.73699951171875 569.43157958984375 571.30169677734375 573.01239013671875 570.94537353515625 574.06671142578125 575.645263671875 575.80828857421875 575.297119140625 575.0029296875 577.02496337890625 578.3702392578125 579.50677490234375 580.376953125 579.7498779296875 579.35919189453125
568.5072021484375 568.5172119140625 565.15850830078125 570.03607177734375 571.36138916015625 572.0994873046875 572.07049560546875 571.499755859375 570.36419677734375 569.8804931640625 569.72967529296875 568.6256103515625 567.671630859375 568.7677001953125 569.41741943359375 569.49285888671875 569.07733154296875 568.82489013671875 568.46990966796875 568.2821044921875 569.49713134765625 571.68212890625 569.2974853515625 569.22332763671875 570.87750244140625 567.89178466796875 566.10614013671875 565.23101806640625 566.67938232421875 569.09454345703125 573.4471435546875 574.360595703125 574.23065185546875 573.967041015625 576.0447998046875 577.157958984375 576.90936279296875 576.75445556640625 578.2969970703125 579.85784912109375 580.52227783203125 581.38323974609375 581.1346435546875 581.04119873046875
569.99151611328125 571.0076904296875 570.10406494140625 568.937744140625 571.1751708984375 572.71771240234375 573.7459716796875 573.31787109375 572.3131103515625 571.92205810546875 571.46038818359375 569.82745361328125 569.3421630859375 569.3841552734375 570.84320068359375 571.56805419921875 570.3876953125 570.00048828125 569.60809326171875 569.226806640625 569.40777587890625 572.66766357421875 570.07000732421875 571.99114990234375 572.9798583984375 571.61932373046875 570.0927734375 568.29937744140625 566.759521484375 567.97125244140625 571.58123779296875 572.76611328125 574.09307861328125 574.21099853515625 576.07672119140625 577.3944091796875 578.63092041015625 578.95867919921875 579.972412109375 580.6553955078125 581.3009033203125 581.896728515625 582.63623046875 582.55865478515625
570.612060546875 572.5311279296875 571.02972412109375 569.3253173828125 571.1807861328125 573.31365966796875 575.16925048828125 574.87945556640625 574.30157470703125 573.830078125 572.295654296875 571.4583740234375 571.35784912109375 571.2872314453125 572.40185546875 573.93634033203125 573.19287109375 572.6790771484375 572.1683349609375 571.546875 570.79052734375 574.51806640625 570.9786376953125 574.31304931640625 575.1248779296875 573.8804931640625 572.2325439453125 570.94635009765625 569.9820556640625 569.20916748046875 568.35614013671875 569.26739501953125 572.8897705078125 574.39825439453125 575.99566650390625 577.53497314453125 579.14794921875 580.0072021484375 580.63616943359375 581.1732177734375 581.85565185546875 582.67095947265625 583.31561279296875 583.86627197265625
571.5054931640625 573.5267333984375 572.97625732421875 570.9993896484375 571.95147705078125 574.161865234375 576.35845947265625 576.43310546875 575.9903564453125 574.84381103515625 573.50665283203125 573.40362548828125 573.30572509765625 573.2353515625 574.01483154296875 576.00579833984375 575.9049072265625 575.42279052734375 574.87030029296875 574.27642822265625 573.2950439453125 577.476318359375 575.30401611328125 576.89691162109375 577.3192138671875 576.02288818359375 574.18231201171875 572.795166015625 572.22418212890625 571.38116455078125 570.51727294921875 569.38372802734375 570.65228271484375 574.1158447265625 576.39752197265625 578.00421142578125 579.552490234375 580.392822265625 581.346923828125 581.9442138671875 582.42242431640625 583.12060546875 584.075439453125 584.725341796875
572.1597900390625 574.1195068359375 575.36993408203125 573.2081298828125 572.75091552734375 575.69769287109375 578.19793701171875 578.01458740234375 577.35076904296875 575.6864013671875 575.94287109375 575.84576416015625 575.7486572265625 575.67047119140625 575.60528564453125 577.77423095703125 578.49481201171875 578.24237060546875 577.8118896484375 578.50048828125 578.14739990234375 579.6004638671875 579.66571044921875 579.4730224609375 579.4281005859375 578.70538330078125 576.41802978515625 574.66973876953125 573.70806884765625 572.84356689453125 572.0157470703125 570.67718505859375 570.32379150390625 572.91546630859375 575.66015625 578.37847900390625 580.9678955078125 581.20111083984375 581.47869873046875 582.52191162109375 583.29156494140625 583.6585693359375 584.3511962890625 585.266357421875
573.79522705078125 574.69659423828125 576.81524658203125 576.22589111328125 573.69781494140625 577.97869873046875 579.74163818359375 579.56396484375 578.15240478515625 577.71197509765625 578.62115478515625 578.52398681640625 578.3643798828125 578.0565185546875 577.331787109375 579.31219482421875 580.06146240234375 580.07647705078125 580.0660400390625 580.10308837890625 580.00164794921875 580.74371337890625 581.421630859375 581.43780517578125 581.389404296875 579.88824462890625 577.555419921875 576.75836181640625 575.52655029296875 574.41259765625 573.4613037109375 572.43719482421875 571.58441162109375 573.21453857421875 576.1884765625 578.73480224609375 583.22845458984375 583.62518310546875 582.4185791015625 582.61212158203125 583.99932861328125 584.595458984375 584.91461181640625 585.46588134765625
575.91168212890625 575.826416015625 577.18328857421875 579.1480712890625 576.7242431640625 577.67425537109375 581.0284423828125 580.8604736328125 580.2425537109375 579.8388671875 581.31427001953125 581.34051513671875 580.76495361328125 580.352783203125 580.41204833984375 580.5167236328125 580.23199462890625 580.3199462890625 580.32025146484375 580.41607666015625 580.00164794921875 581.0054931640625 582.440185546875 583.20062255859375 582.0399169921875 580.71697998046875 579.6356201171875 578.82830810546875 577.65069580078125 576.30914306640625 575.0400390625 574.23944091796875 573.42218017578125 573.1669921875 576.05157470703125 579.2960205078125 582.27935791015625 584.69598388671875 584.0985107421875 582.8970947265625 584.031982421875 585.32672119140625 586.2362060546875 586.64117431640625
577.71923828125 578.19775390625 577.80023193359375 580.34442138671875 579.980712890625 576.99090576171875 581.05218505859375 582.72088623046875 582.9884033203125 582.65838623046875 582.60223388671875 583.20733642578125 582.632080078125 582.023193359375 582.16326904296875 581.9775390625 581.22998046875 580.57293701171875 580.61810302734375 580.49322509765625 580.09844970703125 581.67193603515625 583.40576171875 584.3072509765625 583.0391845703125 581.98699951171875 581.246826171875 580.487548828125 579.290283203125 577.90869140625 577.17034912109375 575.16461181640625 574.86029052734375 574.4361572265625 575.804443359375 579.6011962890625 581.70977783203125 583.36199951171875 584.7957763671875 583.82958984375 584.0577392578125 585.0806884765625 586.74786376953125 587.61474609375
579.4150390625 580.7806396484375 580.830078125 580.8660888671875 581.64129638671875 578.1748046875 579.977783203125 582.34075927734375 584.79473876953125 585.2337646484375 585.1361083984375 585.0443115234375 584.47491455078125 583.80108642578125 583.96826171875 583.448486328125 582.62908935546875 581.7628173828125 580.931884765625 580.7149658203125 581.28173828125 583.10491943359375 584.86212158203125 585.349853515625 584.31329345703125 583.44879150390625 582.6300048828125 581.797607421875 580.55413818359375 580.25225830078125 579.1361083984375 576.93597412109375 575.38043212890625 575.40740966796875 575.49609375 579.180908203125 583.2406005859375 585.73626708984375 585.70703125 584.471923828125 584.3055419921875 584.9632568359375 586.70184326171875 588.5594482421875
581.43646240234375 583.26788330078125 582.10015869140625 582.4669189453125 583.0032958984375 579.75921630859375 578.707763671875 581.0478515625 584.7041015625 586.838134765625 586.8399658203125 586.8486328125 586.2799072265625 585.6043701171875 585.806640625 585.1573486328125 584.11297607421875 582.92559814453125 581.9971923828125 581.30340576171875 582.55169677734375 584.379638671875 586.50537109375 586.63958740234375 585.775146484375 584.91064453125 584.04620361328125 583.01629638671875 581.91680908203125 581.016845703125 578.71868896484375 577.10174560546875 576.1455078125 577.07177734375 577.70965576171875 577.7518310546875 585.3560791015625 588.510009765625 587.7421875 585.55413818359375 585.51580810546875 586.16009521484375 586.799560546875 588.97796630859375
583.2845458984375 584.65924072265625 584.40081787109375 584.66033935546875 583.489013671875 580.8074951171875 579.48760986328125 580.3778076171875 584.72528076171875 588.3731689453125 588.5443115234375 588.55328369140625 588.06036376953125 587.40936279296875 587.56964111328125 586.77081298828125 586.81597900390625 584.77325439453125 583.035400390625 581.996826171875 584.6390380859375 587.6077880859375 588.37298583984375 588.01971435546875 587.23699951171875 586.37249755859375 585.365966796875 584.141845703125 583.08648681640625 580.9954833984375 578.5753173828125 576.731689453125 577.80694580078125 578.91943359375 579.6895751953125 578.3489990234375 588.7457275390625 590.39654541015625 590.0225830078125 587.965087890625 588.13287353515625 589.265625 588.452392578125 589.3798828125
585.10382080078125 586.34918212890625 586.70074462890625 586.7359619140625 584.65460205078125 582.43756103515625 581.748291015625 581.799560546875 585.89007568359375 589.741943359375 590.189453125 590.32952880859375 589.796630859375 589.30963134765625 589.37750244140625 588.3370361328125 588.1534423828125 588.63836669921875 585.985595703125 589.45745849609375 589.150146484375 589.61279296875 589.56719970703125 589.1990966796875 588.59881591796875 587.6605224609375 586.271484375 584.4376220703125 582.3153076171875 580.63140869140625 578.61474609375 577.2950439453125 579.2781982421875 581.3802490234375 582.65625 580.3255615234375 588.346923828125 590.8387451171875 590.69793701171875 590.187744140625 590.3480224609375 590.77337646484375 589.928955078125 589.4080810546875
586.8651123046875 588.04327392578125 588.23394775390625 588.26318359375 586.37103271484375 585.17462158203125 585.4920654296875 585.7041015625 586.50372314453125 590.77655029296875 591.99029541015625 592.34967041015625 591.67437744140625 591.18280029296875 591.23870849609375 589.89630126953125 590.25482177734375 591.099365234375 588.99658203125 591.53680419921875 591.7889404296875 591.35919189453125 591.62548828125 591.00146484375 589.99359130859375 587.61322021484375 584.87152099609375 582.45709228515625 580.5968017578125 579.301025390625 577.7437744140625 577.74755859375 580.2974853515625 584.6429443359375 585.18402099609375 583.02154541015625 588.3289794921875 590.979736328125 591.725341796875 591.5556640625 591.5003662109375 591.84991455078125 590.73712158203125 590.70806884765625
588.6212158203125 589.7420654296875 589.841064453125 589.810302734375 588.013916015625 588.75689697265625 589.6708984375 590.2615966796875 588.870361328125 590.17596435546875 592.0458984375 594.02423095703125 593.5042724609375 593.11688232421875 592.91668701171875 592.32330322265625 593.797119140625 590.5482177734375 590.43402099609375 592.611328125 593.59564208984375 593.32440185546875 593.572998046875 591.9132080078125 589.4366455078125 586.26336669921875 583.16693115234375 580.31536865234375 579.301025390625 579.67523193359375 579.1044921875 578.0667724609375 580.9603271484375 585.30084228515625 585.67352294921875 585.284423828125 588.520751953125 590.7459716796875 591.4488525390625 592.5577392578125 592.6893310546875 592.8238525390625 592.5499267578125 592.43023681640625
590.75567626953125 591.5908203125 592.1575927734375 592.12066650390625 589.8460693359375 591.52716064453125 591.98065185546875 592.327392578125 591.055908203125 590.83404541015625 592.51837158203125 594.47381591796875 595.31787109375 595.06500244140625 594.677001953125 594.90478515625 595.19915771484375 591.27215576171875 592.4556884765625 594.0220947265625 595.4312744140625 595.35107421875 594.77008056640625 592.66912841796875 590.65374755859375 587.63671875 582.6878662109375 579.59417724609375 579.73956298828125 582.97088623046875 579.51068115234375 578.3768310546875 580.15521240234375 584.30670166015625 585.64434814453125 586.50518798828125 588.0985107421875 589.62457275390625 590.68804931640625 592.0076904296875 593.41845703125 593.88433837890625 594.060302734375 594.15484619140625
