DFSS/03_Furuegawa/02_MK_TOPO/01_RR_DR/input/dem_30m.asc
ncols        168
nrows        308
xllcorner    10290.000000000000
yllcorner    -12990.000000000000
cellsize     30.000000000000
NODATA_value  -999
[rows 260 to 279 of 308, columns 88 to 131 of 168]
841.1082763671875 841.141357421875 830.98675537109375 845.42822265625 861.35943603515625 841.4378662109375 827.62786865234375 834.1607666015625 839.6328125 853.2921142578125 876.32318115234375 891.06707763671875 887.72509765625 878.9207763671875 891.77532958984375 920.33001708984375 947.419921875 942.12371826171875 917.00701904296875 904.0189208984375 909.55340576171875 931.2523193359375 956.52362060546875 977.4161376953125 972.19921875 967.3447265625 947.3402099609375 949.76812744140625 933.93084716796875 903.73529052734375 883.45806884765625 888.8533935546875 911.51336669921875 936.49371337890625 941.92822265625 941.059326171875 929.4263916015625 937.80755615234375 961.4456787109375 957.14959716796875 952.1085205078125 960.85528564453125 954.9510498046875 968.530517578125
852.53619384765625 856.825439453125 842.347900390625 857.9122314453125 870.59820556640625 848.19281005859375 835.22686767578125 840.89569091796875 851.71478271484375 870.170166015625 880.4891357421875 903.91094970703125 912.012939453125 902.210693359375 900.6265869140625 924.442138671875 953.3426513671875 959.61065673828125 935.7510986328125 920.0235595703125 925.842529296875 945.70587158203125 974.12982177734375 988.97259521484375 988.96258544921875 977.84539794921875 968.25042724609375 953.5909423828125 927.3846435546875 897.3558349609375 889.2978515625 895.452880859375 917.42901611328125 945.53955078125 961.60516357421875 956.77288818359375 943.9176025390625 946.14288330078125 965.32696533203125 960.68841552734375 967.11016845703125 971.37554931640625 970.2467041015625 981.6190185546875
862.12554931640625 873.4034423828125 861.58343505859375 868.058349609375 879.534423828125 856.9537353515625 843.24053955078125 846.01483154296875 849.7547607421875 870.8106689453125 893.3829345703125 909.68194580078125 928.3087158203125 931.69439697265625 920.50421142578125 939.39239501953125 962.66534423828125 978.556640625 953.779296875 939.3162841796875 943.6787109375 960.641357421875 986.95465087890625 1001.9293212890625 1005.3704833984375 991.0704345703125 972.62982177734375 948.802734375 923.07550048828125 896.11065673828125 895.37152099609375 907.06793212890625 929.3824462890625 959.9219970703125 977.73699951171875 961.3128662109375 949.33355712890625 958.61572265625 977.6666259765625 966.799560546875 979.25439453125 986.88427734375 984.8607177734375 995.8409423828125
856.37701416015625 871.32464599609375 888.24420166015625 887.8564453125 892.01983642578125 866.2022705078125 852.30877685546875 851.31085205078125 855.69671630859375 866.0914306640625 881.56280517578125 904.82568359375 931.91650390625 949.20050048828125 942.46673583984375 947.48895263671875 973.93792724609375 990.4105224609375 971.41412353515625 957.5594482421875 960.31329345703125 974.8861083984375 998.1109619140625 1019.67474365234375 1020.7899169921875 1003.05938720703125 973.335205078125 946.93292236328125 917.84588623046875 896.93670654296875 903.59454345703125 915.74652099609375 939.4073486328125 967.16510009765625 983.8221435546875 963.28363037109375 964.63275146484375 974.8370361328125 989.22369384765625 981.703857421875 989.6492919921875 1003.27093505859375 999.47406005859375 1002.5616455078125
853.371826171875 870.1575927734375 896.5076904296875 910.09686279296875 898.82958984375 872.42523193359375 857.20953369140625 855.5380859375 862.5072021484375 868.32794189453125 880.9599609375 897.07293701171875 918.85107421875 942.55133056640625 962.71649169921875 974.09136962890625 988.636474609375 1007.0531005859375 988.4683837890625 976.447021484375 979.25048828125 989.12457275390625 1008.44537353515625 1037.395263671875 1019.509521484375 996.13201904296875 975.33154296875 944.14337158203125 917.67291259765625 901.02294921875 910.18731689453125 931.8662109375 948.68914794921875 977.64697265625 991.90679931640625 972.356689453125 978.77899169921875 993.6719970703125 999.793212890625 988.53106689453125 1000.693603515625 1014.8463134765625 1003.6495361328125 992.43768310546875
852.85455322265625 871.509521484375 894.00958251953125 918.09515380859375 910.70086669921875 883.8421630859375 868.90411376953125 863.30792236328125 867.53521728515625 870.5220947265625 877.005615234375 886.39794921875 900.2127685546875 921.44049072265625 950.189453125 979.92706298828125 1007.72894287109375 1024.9068603515625 1007.150146484375 998.66998291015625 997.506591796875 1002.81756591796875 1027.8494873046875 1043.0325927734375 1014.784912109375 990.195068359375 964.350830078125 934.9495849609375 916.267578125 905.73419189453125 919.001708984375 940.97015380859375 964.194091796875 982.65826416015625 1001.08489990234375 983.8311767578125 984.0460205078125 1004.0550537109375 1009.33563232421875 999.65142822265625 1012.85504150390625 1019.24163818359375 992.0477294921875 970.4798583984375
856.4129638671875 873.00323486328125 895.48065185546875 918.3226318359375 926.1676025390625 897.26776123046875 875.10333251953125 870.484130859375 871.8197021484375 875.976318359375 878.50372314453125 888.6160888671875 902.79150390625 923.22491455078125 941.82452392578125 966.5518798828125 1000.11114501953125 1028.84130859375 1033.047607421875 1025.3248291015625 1021.94671630859375 1019.5211181640625 1040.6002197265625 1041.6070556640625 1019.7210693359375 994.25396728515625 968.751953125 934.66094970703125 919.62164306640625 914.3668212890625 931.9676513671875 952.0799560546875 972.77288818359375 995.74591064453125 1014.3509521484375 992.5584716796875 995.69024658203125 1016.1380615234375 1013.50750732421875 1013.79046630859375 1026.815673828125 1014.424560546875 989.965576171875 974.5684814453125
875.8564453125 882.14996337890625 895.58001708984375 919.27056884765625 930.1680908203125 908.83062744140625 896.322265625 878.7271728515625 878.51715087890625 882.35064697265625 884.237548828125 896.83648681640625 908.62884521484375 924.44091796875 943.134521484375 970.23211669921875 994.58514404296875 1019.279296875 1040.433837890625 1053.6397705078125 1044.4541015625 1041.8653564453125 1058.8233642578125 1038.1817626953125 1008.14324951171875 981.25970458984375 956.607666015625 939.57305908203125 922.96630859375 920.3634033203125 945.24267578125 968.868896484375 982.2833251953125 1002.0213623046875 1023.3125 998.06964111328125 1006.864501953125 1029.9810791015625 1023.15478515625 1033.7149658203125 1031.0408935546875 1009.8031005859375 983.5059814453125 990.10272216796875
897.39471435546875 888.4329833984375 907.69049072265625 928.59423828125 941.538330078125 924.297607421875 898.09527587890625 897.48468017578125 888.41705322265625 898.32855224609375 890.595947265625 898.856689453125 919.79193115234375 931.0126953125 948.9505615234375 969.60284423828125 1001.45697021484375 1025.4736328125 1046.273681640625 1072.6273193359375 1067.1624755859375 1065.4425048828125 1071.885986328125 1045.7138671875 1016.53094482421875 997.16558837890625 979.52197265625 953.96893310546875 926.89813232421875 927.80645751953125 948.44110107421875 972.5648193359375 994.675537109375 1017.3143310546875 1031.0723876953125 1008.1351318359375 1023.84912109375 1042.5814208984375 1041.512451171875 1048.3690185546875 1032.41796875 1008.4659423828125 997.7047119140625 1013.53363037109375
914.19024658203125 911.7928466796875 913.4776611328125 940.30377197265625 953.08868408203125 928.21563720703125 912.0440673828125 920.26763916015625 903.21124267578125 915.0902099609375 900.52044677734375 904.3544921875 919.44879150390625 944.06536865234375 965.1513671875 979.530029296875 992.93267822265625 1021.93768310546875 1050.76904296875 1085.7838134765625 1093.7193603515625 1083.7965087890625 1083.0054931640625 1056.8936767578125 1040.193603515625 1015.79034423828125 982.745849609375 954.76861572265625 934.77313232421875 935.8997802734375 960.6083984375 981.5428466796875 1000.224609375 1024.6522216796875 1038.3505859375 1025.39208984375 1044.1669921875 1060.108642578125 1058.3017578125 1055.976318359375 1026.5645751953125 1004.94732666015625 1017.1678466796875 1020.87884521484375
934.54193115234375 936.16815185546875 935.328369140625 948.6265869140625 963.82916259765625 944.31427001953125 934.6519775390625 941.10797119140625 921.10784912109375 922.9051513671875 924.48907470703125 915.6956787109375 926.206298828125 944.01019287109375 970.3321533203125 995.62274169921875 1008.4749755859375 1026.02392578125 1045.6685791015625 1085.2252197265625 1108.3175048828125 1103.8524169921875 1088.2213134765625 1067.6982421875 1039.900146484375 1014.6622314453125 993.04119873046875 963.34539794921875 940.33642578125 938.61212158203125 958.8990478515625 983.3336181640625 1008.37060546875 1034.163330078125 1048.8707275390625 1044.2669677734375 1064.018798828125 1075.17431640625 1073.3580322265625 1050.5711669921875 1023.74407958984375 1025.191650390625 1038.053466796875 1021.3817138671875
919.13385009765625 935.2464599609375 951.52459716796875 965.19659423828125 980.96868896484375 969.30377197265625 959.67840576171875 959.3349609375 939.981689453125 940.21539306640625 947.30609130859375 936.81683349609375 931.495849609375 948.8455810546875 968.22174072265625 991.489013671875 1025.349365234375 1041.264404296875 1058.1026611328125 1081.218505859375 1107.408447265625 1109.2276611328125 1090.493408203125 1058.6676025390625 1036.7203369140625 1009.241943359375 987.27313232421875 961.678466796875 939.39508056640625 948.2950439453125 963.2520751953125 984.2637939453125 1013.92095947265625 1041.761962890625 1062.4483642578125 1057.558837890625 1077.3514404296875 1092.5521240234375 1077.62255859375 1046.7454833984375 1031.51220703125 1043.4107666015625 1048.7779541015625 1023.49462890625
903.5050048828125 929.4691162109375 946.3466796875 962.794921875 986.26904296875 997.87835693359375 992.58514404296875 974.53094482421875 957.12384033203125 961.20098876953125 967.18365478515625 956.02166748046875 949.5794677734375 950.8502197265625 977.845703125 995.927978515625 1018.51513671875 1038.743408203125 1067.1544189453125 1097.3748779296875 1122.90869140625 1114.714599609375 1094.185546875 1058.6561279296875 1036.1002197265625 1011.76812744140625 993.803955078125 964.9991455078125 944.19635009765625 958.438720703125 978.2615966796875 983.12567138671875 1004.6962890625 1038.4459228515625 1068.1727294921875 1079.41650390625 1091.0450439453125 1102.973876953125 1077.2198486328125 1046.901611328125 1049.905029296875 1058.7144775390625 1058.3951416015625 1031.5906982421875
912.72467041015625 922.5201416015625 928.7945556640625 946.3687744140625 970.5965576171875 998.37646484375 1016.8494873046875 994.6583251953125 981.7244873046875 988.74676513671875 991.7081298828125 985.099853515625 980.0743408203125 965.68878173828125 984.31451416015625 1008.31854248046875 1030.653076171875 1050.2364501953125 1073.27734375 1099.192626953125 1132.6368408203125 1119.54443359375 1100.7598876953125 1063.879638671875 1039.69677734375 1015.49810791015625 994.258544921875 966.2467041015625 951.64508056640625 970.2056884765625 994.84625244140625 1013.96221923828125 1017.53057861328125 1032.7987060546875 1062.246337890625 1087.9158935546875 1107.7259521484375 1112.1646728515625 1081.4609375 1057.609375 1067.2607421875 1082.4925537109375 1066.9791259765625 1046.1619873046875
890.92413330078125 899.12109375 918.6607666015625 939.0050048828125 965.35162353515625 992.40985107421875 1014.28497314453125 1024.719482421875 1010.574951171875 1010.51708984375 1015.09246826171875 1011.144287109375 1004.34619140625 990.26312255859375 992.97125244140625 1012.8408203125 1038.56591796875 1063.6409912109375 1084.8564453125 1114.9931640625 1142.94580078125 1125.6591796875 1100.1292724609375 1057.03369140625 1021.80877685546875 998.5213623046875 978.2635498046875 962.47003173828125 958.41424560546875 989.44818115234375 1001.54730224609375 1023.02337646484375 1041.46728515625 1055.47900390625 1058.27392578125 1084.3486328125 1112.238037109375 1120.9173583984375 1095.7801513671875 1070.7503662109375 1087.658203125 1101.514892578125 1081.9893798828125 1055.73974609375
903.15692138671875 908.82373046875 923.76446533203125 938.0772705078125 963.50830078125 992.60284423828125 1013.5675048828125 1037.5909423828125 1040.47607421875 1035.6441650390625 1038.7117919921875 1037.851318359375 1024.9981689453125 1014.7569580078125 1010.88604736328125 1023.63604736328125 1041.617919921875 1061.9993896484375 1086.0047607421875 1115.328125 1135.6676025390625 1115.21630859375 1090.9356689453125 1049.206298828125 1032.0281982421875 1014.13555908203125 1001.164794921875 970.4830322265625 968.35760498046875 1002.45428466796875 1028.737548828125 1042.665283203125 1060.6409912109375 1075.9822998046875 1079.1962890625 1098.571533203125 1118.006103515625 1126.019775390625 1103.4730224609375 1087.2828369140625 1104.0206298828125 1115.8887939453125 1085.94091796875 1058.448974609375
916.368408203125 927.63165283203125 935.26239013671875 944.9573974609375 961.908935546875 983.74017333984375 1005.899658203125 1020.10009765625 1036.3707275390625 1040.9639892578125 1038.08740234375 1048.3509521484375 1052.3319091796875 1043.4150390625 1039.19482421875 1042.3885498046875 1055.6497802734375 1067.450927734375 1084.1180419921875 1110.9158935546875 1135.5135498046875 1124.769287109375 1099.6015625 1075.8707275390625 1048.3226318359375 1024.7862548828125 1004.1396484375 975.48114013671875 975.7188720703125 1015.13720703125 1041.0062255859375 1062.0401611328125 1083.934326171875 1096.471435546875 1106.0421142578125 1122.234619140625 1141.3629150390625 1138.6796875 1114.77294921875 1110.5030517578125 1123.874267578125 1110.085205078125 1082.1148681640625 1079.0994873046875
899.66290283203125 907.32891845703125 916.358154296875 939.03155517578125 958.8760986328125 964.9586181640625 981.693603515625 1000.58599853515625 1017.25799560546875 1015.55352783203125 1011.22918701171875 1034.2991943359375 1064.8095703125 1072.1966552734375 1068.999755859375 1071.6427001953125 1078.174072265625 1096.1826171875 1101.8515625 1119.122314453125 1145.97802734375 1137.3880615234375 1110.8197021484375 1072.15966796875 1035.3734130859375 1001.8192138671875 986.49847412109375 981.33233642578125 979.3297119140625 1013.89984130859375 1040.2896728515625 1057.4627685546875 1080.725830078125 1109.15966796875 1125.343505859375 1145.2816162109375 1166.49658203125 1145.8092041015625 1124.529052734375 1134.4970703125 1135.531494140625 1106.9326171875 1092.9493408203125 1106.5880126953125
902.192138671875 908.386474609375 912.348876953125 925.3358154296875 934.76123046875 941.30181884765625 971.0550537109375 987.542236328125 995.80548095703125 982.04498291015625 986.87158203125 1008.13739013671875 1043.478271484375 1072.909423828125 1101.1844482421875 1099.3511962890625 1098.298828125 1122.3245849609375 1122.7593994140625 1136.065673828125 1156.856201171875 1150.729736328125 1108.737060546875 1050.62744140625 1014.88775634765625 1010.4110107421875 1010.62030029296875 994.36016845703125 984.37933349609375 1004.77069091796875 1023.2244873046875 1043.4031982421875 1069.2625732421875 1093.021484375 1119.6995849609375 1146.6038818359375 1173.9024658203125 1158.7591552734375 1147.4541015625 1153.304931640625 1134.17578125 1115.0091552734375 1122.361083984375 1135.2030029296875
909.04571533203125 912.68267822265625 918.4537353515625 922.37188720703125 924.77398681640625 935.75714111328125 950.32476806640625 954.50311279296875 954.97998046875 960.36920166015625 990.3497314453125 1007.35150146484375 1019.920166015625 1054.1405029296875 1102.0516357421875 1124.9393310546875 1124.6124267578125 1143.572998046875 1147.206298828125 1156.611083984375 1170.70263671875 1152.406005859375 1116.39208984375 1037.6580810546875 1037.6058349609375 1039.77783203125 1030.3817138671875 997.563232421875 994.0467529296875 1019.75958251953125 1041.5391845703125 1065.3544921875 1086.7144775390625 1105.854248046875 1120.1927490234375 1143.42431640625 1175.0926513671875 1179.87841796875 1173.180419921875 1163.9356689453125 1139.043701171875 1138.7138671875 1150.653564453125 1155.0078125
