DFSS/03_Furuegawa/02_MK_TOPO/01_RR_DR/input/dem_30m.asc
ncols        168
nrows        308
xllcorner    10290.000000000000
yllcorner    -12990.000000000000
cellsize     30.000000000000
NODATA_value  -999
[rows 80 to 99 of 308, columns 0 to 43 of 168]
522.8773193359375 522.29205322265625 521.48193359375 520.79022216796875 520.2510986328125 517.79681396484375 520.19671630859375 520.65216064453125 521.20684814453125 521.89251708984375 521.84698486328125 521.94171142578125 521.75653076171875 522.33453369140625 522.51397705078125 523.18524169921875 523.1651611328125 521.67010498046875 521.1033935546875 520.5106201171875 520.0028076171875 520.34381103515625 521.075927734375 521.644775390625 521.774658203125 521.75860595703125 521.269287109375 520.69146728515625 520.04962158203125 519.983154296875 520.98114013671875 521.73004150390625 522.4013671875 522.85015869140625 522.29730224609375 521.076416015625 520.2425537109375 521.950927734375 523.240234375 523.5966796875 523.9771728515625 524.16650390625 524.206787109375 525.256591796875
523.3648681640625 522.75958251953125 521.893798828125 521.02801513671875 520.189208984375 517.79681396484375 520.11767578125 520.79010009765625 521.51385498046875 522.6156005859375 522.7440185546875 522.8524169921875 522.87554931640625 523.55718994140625 523.69384765625 524.521484375 523.74468994140625 523.110107421875 522.28106689453125 521.04388427734375 520.67266845703125 521.317138671875 521.89569091796875 522.31939697265625 521.9971923828125 521.5042724609375 520.92645263671875 520.55633544921875 520.1142578125 520.41387939453125 521.3695068359375 522.3519287109375 523.1851806640625 523.6484375 523.017578125 521.66937255859375 521.3363037109375 523.15191650390625 524.6932373046875 524.812744140625 524.84832763671875 524.84918212890625 524.85003662109375 525.3033447265625
523.85247802734375 523.1474609375 522.28167724609375 521.4158935546875 520.58221435546875 519.04736328125 518.84637451171875 519.98828125 520.81158447265625 522.3548583984375 523.64581298828125 523.7889404296875 523.87872314453125 524.73040771484375 525.05389404296875 525.119384765625 524.9124755859375 523.84710693359375 522.7799072265625 521.63812255859375 521.4910888671875 522.16937255859375 522.74774169921875 522.82049560546875 522.417724609375 522.0172119140625 521.63189697265625 521.30438232421875 521.114501953125 521.2291259765625 521.95306396484375 522.91290283203125 523.82623291015625 524.3411865234375 524.0269775390625 522.59942626953125 522.44281005859375 524.27880859375 525.1378173828125 525.32623291015625 525.35247802734375 525.35308837890625 525.3536376953125 525.6661376953125
524.22998046875 523.71295166015625 523.0577392578125 522.38604736328125 521.59918212890625 520.18426513671875 518.84637451171875 519.2958984375 520.2421875 521.98858642578125 523.90386962890625 524.69488525390625 524.8902587890625 525.15960693359375 525.4442138671875 525.34832763671875 525.00360107421875 524.20233154296875 523.1171875 522.06793212890625 522.22088623046875 522.834716796875 523.5721435546875 523.76690673828125 523.42279052734375 523.0042724609375 522.6007080078125 522.23468017578125 522.72161865234375 523.00421142578125 522.57061767578125 523.4058837890625 524.3726806640625 525.0712890625 524.94305419921875 523.218017578125 523.47222900390625 524.99908447265625 525.3809814453125 525.66986083984375 525.86651611328125 525.9400634765625 525.94061279296875 526.0654296875
524.66473388671875 524.63006591796875 524.28240966796875 523.59307861328125 522.43609619140625 520.15301513671875 519.2977294921875 519.47265625 520.19964599609375 521.8861083984375 523.90985107421875 525.21502685546875 525.5111083984375 525.70416259765625 525.80718994140625 525.46630859375 525.04119873046875 524.35736083984375 523.46453857421875 522.672119140625 522.84295654296875 523.33154296875 524.282470703125 524.62542724609375 524.4635009765625 524.07855224609375 523.57952880859375 523.70135498046875 524.6947021484375 524.91650390625 524.0966796875 524.075439453125 524.95086669921875 525.62213134765625 524.76275634765625 523.4407958984375 524.82989501953125 525.23504638671875 525.52557373046875 525.91314697265625 526.20220947265625 526.42401123046875 526.4276123046875 526.4833984375
525.053466796875 524.84619140625 525.05377197265625 524.87255859375 523.34381103515625 520.396240234375 520.53167724609375 521.87921142578125 524.08056640625 524.59344482421875 524.11993408203125 525.12933349609375 525.70343017578125 526.13763427734375 526.17803955078125 525.78009033203125 525.1539306640625 524.4827880859375 523.86163330078125 523.41534423828125 523.329345703125 523.90960693359375 524.6820068359375 525.3731689453125 525.376220703125 525.0701904296875 524.26885986328125 524.8228759765625 525.58355712890625 525.2630615234375 524.41094970703125 525.3778076171875 526.16241455078125 525.962158203125 525.19671630859375 524.28656005859375 524.896728515625 525.3447265625 525.7222900390625 526.15625 526.44537353515625 526.734375 526.952392578125 526.9959716796875
525.54730224609375 525.2689208984375 525.41094970703125 525.5716552734375 524.8392333984375 524.4951171875 525.038330078125 525.22216796875 525.67498779296875 525.701416015625 525.3759765625 525.5921630859375 525.98089599609375 526.3768310546875 526.68182373046875 526.1524658203125 525.62896728515625 525.09674072265625 524.3812255859375 523.98736572265625 524.0977783203125 524.6904296875 525.17620849609375 525.7255859375 526.12322998046875 525.57403564453125 525.28875732421875 525.2952880859375 526.13934326171875 525.5552978515625 524.99212646484375 525.6661376953125 526.60931396484375 526.66058349609375 525.9281005859375 525.20721435546875 525.13134765625 525.42138671875 525.8104248046875 526.09954833984375 526.57659912109375 526.9541015625 527.26629638671875 527.5015869140625
525.9453125 526.02587890625 526.10015869140625 526.05926513671875 525.38226318359375 525.1561279296875 525.828857421875 525.90399169921875 526.23431396484375 526.356201171875 526.022705078125 526.22119140625 526.61077880859375 526.96405029296875 527.09271240234375 526.5986328125 525.88494873046875 525.18145751953125 524.7994384765625 524.91802978515625 525.25244140625 525.255126953125 525.848388671875 526.2958984375 526.80499267578125 526.36175537109375 525.99554443359375 525.96197509765625 526.7034912109375 526.14617919921875 525.62237548828125 526.04974365234375 526.96221923828125 527.31109619140625 526.59173583984375 525.9705810546875 525.613525390625 525.864501953125 526.19659423828125 526.4859619140625 526.83160400390625 527.16461181640625 527.45391845703125 527.8228759765625
526.21380615234375 526.4967041015625 526.668701171875 526.4688720703125 526.0396728515625 525.751708984375 526.211181640625 526.63446044921875 526.88275146484375 526.999755859375 526.73681640625 526.85418701171875 527.2408447265625 527.5506591796875 527.5999755859375 526.92913818359375 526.2542724609375 525.66900634765625 525.44317626953125 525.65350341796875 526.12640380859375 526.228759765625 526.4185791015625 527.008544921875 527.43292236328125 527.092529296875 526.75958251953125 526.62371826171875 527.20904541015625 526.7294921875 526.25286865234375 526.4468994140625 527.30596923828125 527.93182373046875 527.34613037109375 526.66943359375 526.32537841796875 526.2939453125 526.5845947265625 526.8857421875 527.26190185546875 527.55120849609375 527.9405517578125 528.3243408203125
525.79498291015625 526.41680908203125 527.09454345703125 527.05841064453125 526.77044677734375 526.3824462890625 526.61236572265625 527.2510986328125 527.51287841796875 527.6304931640625 527.39190673828125 527.48150634765625 527.77099609375 528.060546875 527.9923095703125 527.41058349609375 526.8336181640625 526.180908203125 526.23284912109375 526.60369873046875 526.978271484375 527.20135498046875 527.39215087890625 527.619873046875 528.0953369140625 527.8673095703125 527.535400390625 527.2479248046875 527.7767333984375 527.3575439453125 526.8836669921875 526.9727783203125 527.66015625 528.4364013671875 528.02239990234375 527.40057373046875 526.9561767578125 526.78302001953125 526.97967529296875 527.35919189453125 527.73968505859375 528.06134033203125 528.42718505859375 528.7314453125
525.18389892578125 526.0240478515625 526.9573974609375 527.78912353515625 527.4093017578125 527.1131591796875 527.09906005859375 527.64642333984375 528.1776123046875 528.283447265625 528.1220703125 528.198486328125 528.401123046875 528.690673828125 528.7076416015625 528.06536865234375 527.41778564453125 526.88848876953125 527.18548583984375 527.49627685546875 527.81756591796875 528.007080078125 528.2039794921875 528.4013671875 528.673095703125 528.598388671875 528.26611328125 527.8974609375 528.3634033203125 527.92822265625 527.51458740234375 527.702880859375 528.074462890625 528.84130859375 528.72088623046875 528.13165283203125 527.63726806640625 527.44091796875 527.4659423828125 527.8458251953125 528.235107421875 528.61822509765625 528.978271484375 529.074951171875
525.14910888671875 525.8011474609375 527.05615234375 528.20599365234375 528.13189697265625 527.84393310546875 527.6573486328125 528.12213134765625 528.7060546875 528.92413330078125 528.82098388671875 528.928955078125 529.03125 529.31158447265625 529.23126220703125 528.89642333984375 528.23065185546875 527.6654052734375 528.39154052734375 528.44708251953125 528.64764404296875 528.8494873046875 529.04888916015625 529.13848876953125 529.305908203125 529.37884521484375 528.95281982421875 528.60748291015625 528.92840576171875 528.54193115234375 528.14593505859375 528.41900634765625 528.5693359375 529.2564697265625 529.33941650390625 528.86279296875 528.31768798828125 528.25018310546875 527.96490478515625 528.3133544921875 528.72174072265625 529.111083984375 529.41815185546875 529.41845703125
525.14910888671875 525.598876953125 526.86187744140625 528.21246337890625 528.8626708984375 528.57464599609375 528.1842041015625 528.79156494140625 529.06903076171875 529.55780029296875 529.4822998046875 529.65936279296875 529.7073974609375 529.80731201171875 529.80780029296875 529.6640625 528.89697265625 528.58880615234375 529.59002685546875 529.42095947265625 529.477783203125 529.72314453125 529.8681640625 529.92529296875 530.0926513671875 530.153076171875 529.60797119140625 529.247314453125 529.46075439453125 529.26385498046875 528.77716064453125 529.0433349609375 529.344970703125 529.7132568359375 530.09686279296875 529.59381103515625 529.0484619140625 529.08062744140625 528.7691650390625 528.6573486328125 529.23358154296875 529.59771728515625 529.7615966796875 529.76190185546875
525.65765380859375 525.35260009765625 526.96142578125 528.310791015625 529.5494384765625 529.305419921875 528.88055419921875 529.3626708984375 529.58929443359375 530.16009521484375 530.26275634765625 530.40155029296875 530.58740234375 530.5887451171875 530.4915771484375 530.39373779296875 529.26318359375 529.56268310546875 530.3953857421875 530.296142578125 530.39605712890625 530.5966796875 530.68658447265625 530.77642822265625 530.86614990234375 530.8914794921875 530.31524658203125 530.103515625 530.1058349609375 529.99725341796875 529.50311279296875 529.57659912109375 530.1856689453125 530.237060546875 530.7138671875 530.28094482421875 529.7445068359375 529.890625 529.49554443359375 529.11541748046875 529.48480224609375 530.03973388671875 530.4805908203125 530.21173095703125
526.51275634765625 526.4185791015625 528.83319091796875 528.9605712890625 529.8367919921875 530.11553955078125 529.65362548828125 529.82647705078125 530.38482666015625 530.57379150390625 530.91943359375 531.132080078125 531.421630859375 531.526123046875 531.15264892578125 530.3857421875 529.47454833984375 529.94232177734375 530.79937744140625 531.1688232421875 531.17596435546875 531.32818603515625 531.42901611328125 531.52984619140625 531.61126708984375 531.522705078125 531.1763916015625 531.045654296875 531.14312744140625 530.8126220703125 529.75067138671875 530.16400146484375 531.01629638671875 531.01885986328125 531.3612060546875 530.8094482421875 530.67120361328125 530.5833740234375 530.13421630859375 529.94464111328125 530.06719970703125 530.645263671875 531.14129638671875 530.869384765625
528.029296875 526.4185791015625 530.28564453125 530.52587890625 530.62689208984375 530.4381103515625 529.7821044921875 530.12384033203125 530.910888671875 531.27734375 531.5855712890625 531.76409912109375 532.15179443359375 532.1790771484375 531.1009521484375 530.2156982421875 529.691650390625 530.2584228515625 530.955810546875 531.75543212890625 531.9666748046875 532.14404296875 532.23541259765625 532.32672119140625 532.41790771484375 532.295166015625 532.15032958984375 532.01983642578125 531.9727783203125 531.4290771484375 529.99951171875 530.8851318359375 531.71826171875 531.9007568359375 531.9686279296875 531.33447265625 531.4984130859375 531.21661376953125 530.864990234375 530.7615966796875 530.96466064453125 531.51507568359375 531.8204345703125 531.093017578125
530.04833984375 528.87359619140625 530.26226806640625 531.12872314453125 531.125 530.26373291015625 529.8433837890625 530.79046630859375 531.25689697265625 531.86920166015625 532.1595458984375 532.46533203125 532.75457763671875 532.46441650390625 531.21783447265625 530.10125732421875 529.85498046875 530.53125 531.30322265625 531.97784423828125 532.73529052734375 532.8890380859375 532.98992919921875 533.0906982421875 533.1915283203125 533.13861083984375 533.0931396484375 532.97259521484375 532.826416015625 532.05487060546875 530.73876953125 531.50701904296875 532.3480224609375 532.698974609375 532.461669921875 532.06158447265625 532.27154541015625 531.83721923828125 531.67938232421875 531.93487548828125 532.15972900390625 532.58837890625 532.04827880859375 531.33349609375
530.57708740234375 529.2640380859375 530.344970703125 531.37200927734375 531.46826171875 530.44842529296875 529.93438720703125 531.15069580078125 531.828857421875 532.30682373046875 532.7626953125 533.0487060546875 533.31201171875 532.62884521484375 531.53387451171875 530.4697265625 530.1480712890625 530.6302490234375 531.396484375 532.25701904296875 532.99224853515625 533.6171875 533.7203369140625 533.8211669921875 533.92193603515625 533.9090576171875 533.8236083984375 533.72442626953125 533.7003173828125 532.8905029296875 531.61688232421875 532.39947509765625 533.07781982421875 533.39276123046875 532.94927978515625 532.8719482421875 532.97271728515625 532.53277587890625 532.7965087890625 533.00848388671875 533.29840087890625 533.07427978515625 532.292724609375 531.52679443359375
530.689453125 529.36187744140625 530.4593505859375 531.71453857421875 531.96673583984375 530.88067626953125 529.93438720703125 530.79669189453125 531.86431884765625 532.7841796875 533.271240234375 533.62945556640625 533.84210205078125 533.60211181640625 532.6319580078125 531.60760498046875 531.168212890625 531.23291015625 531.67938232421875 532.27459716796875 533.12799072265625 533.91253662109375 534.44635009765625 534.55157470703125 534.5523681640625 534.6531982421875 534.55401611328125 534.5299072265625 534.45135498046875 533.61578369140625 532.9013671875 533.56805419921875 533.79931640625 534.0472412109375 533.54736328125 533.7020263671875 533.62701416015625 533.20306396484375 533.90673828125 534.0830078125 534.14111328125 533.18096923828125 532.42864990234375 531.9796142578125
530.59765625 529.376220703125 530.60675048828125 531.901611328125 532.5479736328125 531.31280517578125 530.08978271484375 530.4901123046875 531.67633056640625 532.8126220703125 533.7003173828125 534.18267822265625 534.41448974609375 534.42303466796875 533.67138671875 532.63470458984375 532.43048095703125 532.20379638671875 532.42822265625 533.05047607421875 533.29583740234375 533.9932861328125 534.8199462890625 535.296630859375 535.44378662109375 535.44488525390625 535.5234375 535.50885009765625 535.34814453125 534.93524169921875 534.1107177734375 534.83502197265625 534.75262451171875 534.6014404296875 534.2425537109375 534.53216552734375 534.33489990234375 534.01123046875 534.8680419921875 534.99530029296875 534.3587646484375 533.27264404296875 532.76470947265625 532.83148193359375
