DFSS/03_Furuegawa/02_MK_TOPO/01_RR_DR/input/dem_30m.asc
ncols        168
nrows        308
xllcorner    10290.000000000000
yllcorner    -12990.000000000000
cellsize     30.000000000000
NODATA_value  -999
[rows 120 to 139 of 308, columns 44 to 87 of 168]
551.050048828125 550.0455322265625 549.73175048828125 550.531005859375 552.18145751953125 552.51556396484375 551.89813232421875 552.327392578125 553.42889404296875 552.541259765625 552.9012451171875 553.23895263671875 552.3211669921875 550.65985107421875 550.46527099609375 553.13787841796875 554.158203125 553.58770751953125 553.63958740234375 553.03253173828125 552.27008056640625 552.34320068359375 552.34442138671875 551.35504150390625 550.0792236328125 550.4803466796875 551.29833984375 552.0697021484375 552.9222412109375 553.35357666015625 553.46490478515625 553.6666259765625 553.65667724609375 553.45794677734375 553.9974365234375 554.297607421875 554.53326416015625 554.00555419921875 555.1103515625 556.08416748046875 557.11395263671875 557.1600341796875 558.033203125 558.76800537109375
551.536376953125 550.26617431640625 550.09454345703125 552.15509033203125 553.4664306640625 553.67254638671875 552.84423828125 552.79254150390625 554.0245361328125 553.19671630859375 553.74127197265625 554.078857421875 552.73736572265625 550.967529296875 551.67218017578125 554.98919677734375 554.87921142578125 554.6123046875 554.36328125 553.39190673828125 553.21588134765625 553.21710205078125 552.69610595703125 551.349853515625 550.51177978515625 551.2706298828125 552.2379150390625 552.95550537109375 553.278564453125 554.1693115234375 554.328125 554.48480224609375 554.568603515625 554.5318603515625 554.99212646484375 555.865966796875 555.43377685546875 555.39959716796875 555.177978515625 556.20166015625 557.20477294921875 558.2230224609375 558.88739013671875 559.50152587890625
552.0777587890625 550.80157470703125 550.6866455078125 552.844482421875 554.78240966796875 554.8973388671875 554.3409423828125 553.1441650390625 554.61517333984375 553.9654541015625 554.6961669921875 554.90228271484375 553.3714599609375 552.94305419921875 551.647705078125 555.1878662109375 555.755859375 555.63385009765625 554.6077880859375 554.10546875 554.1898193359375 553.9852294921875 552.9410400390625 551.66729736328125 551.72882080078125 552.48974609375 553.69732666015625 554.153076171875 554.074462890625 554.4874267578125 555.4769287109375 555.474609375 555.57354736328125 555.727294921875 556.107177734375 556.92919921875 556.25665283203125 556.56317138671875 556.33941650390625 556.5238037109375 557.5145263671875 558.48529052734375 559.37353515625 559.98846435546875
552.8072509765625 551.65362548828125 552.4798583984375 554.1168212890625 555.35693359375 555.908447265625 555.6365966796875 555.0062255859375 555.08575439453125 554.77984619140625 555.59271240234375 555.58648681640625 553.45025634765625 555.2139892578125 555.13323974609375 554.03350830078125 556.14422607421875 556.47308349609375 555.779541015625 555.57989501953125 555.11456298828125 554.1395263671875 553.1859130859375 552.77288818359375 553.44024658203125 553.476806640625 554.7877197265625 555.43463134765625 555.6102294921875 555.7381591796875 556.33538818359375 557.01580810546875 557.0177001953125 557.13671875 557.60650634765625 557.85345458984375 557.0933837890625 557.659912109375 558.06475830078125 557.083740234375 557.98956298828125 558.88787841796875 559.83966064453125 560.6484375
553.55511474609375 553.19573974609375 554.13604736328125 555.90155029296875 556.44390869140625 556.96783447265625 556.0697021484375 555.0743408203125 556.22784423828125 556.20562744140625 556.68817138671875 555.83135986328125 554.3331298828125 555.57781982421875 555.91357421875 554.03350830078125 556.0787353515625 557.79150390625 557.42547607421875 557.1385498046875 555.6708984375 554.7178955078125 553.841552734375 555.04962158203125 555.05194091796875 554.9140625 555.18658447265625 556.2294921875 557.08575439453125 557.54180908203125 558.0589599609375 558.464599609375 558.478515625 558.43865966796875 558.8125 558.661865234375 557.95733642578125 558.8111572265625 559.85162353515625 558.9693603515625 558.3509521484375 559.70184326171875 560.5689697265625 561.3360595703125
554.7081298828125 554.8997802734375 555.10113525390625 556.27880859375 557.46246337890625 557.967041015625 556.721435546875 555.29541015625 557.6356201171875 557.8258056640625 557.013671875 555.78204345703125 555.303466796875 555.905517578125 556.6412353515625 554.6529541015625 555.900146484375 558.45086669921875 558.8843994140625 558.60150146484375 557.5992431640625 556.34735107421875 554.52239990234375 556.24560546875 556.42462158203125 556.32647705078125 556.293212890625 556.5184326171875 557.76239013671875 558.82037353515625 559.41314697265625 559.8179931640625 559.86370849609375 559.78936767578125 559.99072265625 559.51165771484375 558.84503173828125 559.5592041015625 560.923095703125 560.294677734375 559.4271240234375 560.714599609375 561.24609375 562.06536865234375
556.1024169921875 556.10382080078125 556.1094970703125 557.0843505859375 558.5177001953125 558.94097900390625 558.80987548828125 558.16448974609375 558.90277099609375 558.08721923828125 556.88897705078125 556.61138916015625 557.043701171875 557.566650390625 556.85760498046875 554.95172119140625 555.92010498046875 559.093505859375 560.110595703125 559.9388427734375 558.4774169921875 556.83953857421875 555.24169921875 557.45147705078125 557.809814453125 557.62518310546875 557.363525390625 557.31805419921875 558.00439453125 559.21002197265625 560.36419677734375 561.16912841796875 560.84698486328125 560.57965087890625 561.214111328125 560.75579833984375 560.4373779296875 560.31683349609375 562.01593017578125 561.31689453125 560.03839111328125 561.33428955078125 562.5283203125 562.84112548828125
557.5716552734375 557.67681884765625 557.7830810546875 558.07354736328125 559.70977783203125 559.99993896484375 560.19012451171875 560.17962646484375 559.01806640625 557.9261474609375 557.2203369140625 558.220703125 558.700927734375 558.8289794921875 557.11370849609375 557.59246826171875 559.74517822265625 558.66912841796875 560.531494140625 559.65911865234375 558.5540771484375 557.10797119140625 556.17645263671875 556.87225341796875 558.0789794921875 557.75262451171875 557.74420166015625 558.53436279296875 558.76348876953125 559.50384521484375 560.7413330078125 561.93902587890625 561.707763671875 561.32440185546875 561.8690185546875 562.6884765625 562.3128662109375 561.914306640625 563.37322998046875 562.62701416015625 561.89837646484375 562.66668701171875 563.9483642578125 564.23291015625
559.05487060546875 559.53460693359375 559.70257568359375 559.4886474609375 560.6185302734375 561.28814697265625 561.34033203125 560.22607421875 559.90875244140625 558.45953369140625 558.27618408203125 559.54693603515625 560.02178955078125 559.586181640625 558.59027099609375 559.22314453125 560.5303955078125 559.72735595703125 560.8671875 560.40380859375 559.3128662109375 557.79681396484375 557.61187744140625 560.15716552734375 558.4168701171875 558.098876953125 558.8477783203125 559.6796875 559.93463134765625 560.0164794921875 561.3656005859375 562.76959228515625 562.54296875 562.1551513671875 562.45721435546875 563.6126708984375 564.04486083984375 563.6583251953125 564.59515380859375 563.815673828125 564.20513916015625 565.29876708984375 565.35601806640625 565.72015380859375
560.36334228515625 560.733154296875 561.0635986328125 561.07440185546875 560.20458984375 561.7890625 561.6793212890625 560.14703369140625 560.73583984375 559.27191162109375 559.11676025390625 559.52294921875 560.57989501953125 560.77813720703125 560.45123291015625 560.18121337890625 561.2330322265625 560.90545654296875 561.5145263671875 560.2301025390625 559.784423828125 559.4378662109375 559.2518310546875 560.63226318359375 560.529052734375 559.457275390625 559.38470458984375 560.49102783203125 561.17547607421875 561.20538330078125 562.558349609375 563.577392578125 563.2998046875 562.885986328125 562.94268798828125 564.09814453125 565.4945068359375 565.281005859375 565.811767578125 565.216552734375 565.56427001953125 566.41497802734375 566.64691162109375 566.95953369140625
561.229248046875 561.1121826171875 562.2515869140625 562.4708251953125 561.12005615234375 562.27911376953125 562.67108154296875 561.939453125 561.05487060546875 560.83868408203125 560.1844482421875 559.72955322265625 560.74090576171875 561.8427734375 561.8980712890625 561.67236328125 561.6693115234375 561.99945068359375 562.227783203125 561.38311767578125 560.875732421875 560.4447021484375 560.19927978515625 561.170166015625 561.1917724609375 560.619140625 560.19635009765625 560.69488525390625 561.8497314453125 562.6195068359375 563.5396728515625 564.30670166015625 564.25335693359375 563.7850341796875 563.4969482421875 564.5836181640625 566.517333984375 566.78955078125 566.98046875 566.8599853515625 566.685302734375 567.304443359375 567.993408203125 568.06671142578125
562.2613525390625 561.951904296875 562.6248779296875 563.58441162109375 563.19854736328125 563.0457763671875 563.9178466796875 563.03643798828125 561.9632568359375 562.13934326171875 561.0672607421875 560.83917236328125 561.8743896484375 562.73516845703125 562.785888671875 562.84906005859375 562.86993408203125 562.96490478515625 562.93048095703125 562.3631591796875 561.78662109375 561.2100830078125 561.04443359375 561.968017578125 561.8804931640625 561.40399169921875 560.927490234375 561.1290283203125 562.0145263671875 563.23614501953125 564.2021484375 564.96893310546875 565.270263671875 564.72198486328125 564.1107177734375 565.08056640625 567.53973388671875 568.34503173828125 568.44659423828125 568.49114990234375 568.3896484375 568.16473388671875 569.2427978515625 569.282958984375
563.4791259765625 563.04132080078125 562.827392578125 564.271240234375 564.73211669921875 564.50225830078125 564.688720703125 563.62188720703125 563.30621337890625 563.46661376953125 562.099853515625 562.62542724609375 563.308349609375 563.49224853515625 563.51470947265625 563.6171875 563.66522216796875 563.71905517578125 563.63616943359375 563.30120849609375 562.72503662109375 562.048828125 561.88702392578125 562.73699951171875 562.61651611328125 562.13916015625 561.66180419921875 561.853271484375 562.45159912109375 563.601806640625 564.79718017578125 565.6654052734375 566.0330810546875 565.26300048828125 564.92529296875 566.21014404296875 568.8824462890625 569.56243896484375 569.662841796875 569.75482177734375 570.1868896484375 569.3291015625 570.73504638671875 571.29315185546875
564.6793212890625 564.07122802734375 563.2032470703125 564.65570068359375 565.9237060546875 565.92242431640625 565.27557373046875 565.1279296875 564.47747802734375 564.70977783203125 563.37762451171875 563.6962890625 564.28521728515625 564.165283203125 564.04681396484375 564.15802001953125 564.3458251953125 564.449462890625 564.13970947265625 564.27587890625 563.69964599609375 563.0726318359375 562.691162109375 563.5582275390625 563.44287109375 562.96636962890625 562.45849609375 562.66290283203125 563.435302734375 563.7674560546875 564.97564697265625 565.97021484375 566.9954833984375 566.79803466796875 566.6514892578125 567.72314453125 570.20489501953125 570.9412841796875 571.03765869140625 571.13958740234375 572.2210693359375 571.60858154296875 571.889892578125 573.25567626953125
566.25048828125 564.71441650390625 563.873046875 564.87249755859375 566.20916748046875 567.1488037109375 566.72174072265625 566.68499755859375 566.02752685546875 565.19000244140625 565.16680908203125 565.348876953125 565.17498779296875 564.969970703125 564.8082275390625 564.6781005859375 564.59625244140625 564.83514404296875 564.62213134765625 564.911376953125 564.7730712890625 563.72857666015625 563.5205078125 564.28753662109375 564.2301025390625 563.74041748046875 563.253173828125 563.25946044921875 564.12286376953125 564.88995361328125 565.02142333984375 565.80792236328125 566.9647216796875 568.15509033203125 568.81634521484375 569.58642578125 570.7801513671875 571.83642578125 572.596435546875 572.68731689453125 573.6549072265625 575.0599365234375 573.4144287109375 574.5748291015625
567.52960205078125 566.21197509765625 564.94696044921875 564.87823486328125 566.14044189453125 567.58428955078125 568.3209228515625 568.30291748046875 567.92974853515625 566.36468505859375 565.66583251953125 566.90496826171875 566.4852294921875 566.23358154296875 566.01080322265625 565.787353515625 565.56341552734375 565.17083740234375 564.80255126953125 565.5150146484375 565.2601318359375 564.38916015625 564.21478271484375 564.9630126953125 564.89984130859375 564.54608154296875 564.0521240234375 563.93212890625 564.71630859375 565.718994140625 566.32275390625 567.05328369140625 568.057373046875 568.3243408203125 569.34576416015625 570.1533203125 571.30908203125 572.56488037109375 573.7216796875 574.24188232421875 574.72003173828125 576.29290771484375 575.8406982421875 576.38250732421875
569.41229248046875 568.40496826171875 566.8070068359375 566.3702392578125 566.4398193359375 567.8260498046875 569.27484130859375 569.81231689453125 569.31597900390625 568.33343505859375 566.23236083984375 568.1395263671875 567.96966552734375 567.35284423828125 566.96978759765625 566.67041015625 566.33758544921875 566.05224609375 565.8974609375 566.29443359375 566.70361328125 565.81805419921875 564.97515869140625 565.74029541015625 566.10107421875 565.6693115234375 565.1492919921875 564.79852294921875 565.29962158203125 566.3636474609375 567.47564697265625 567.92083740234375 567.85992431640625 568.26904296875 569.662109375 570.6419677734375 572.0579833984375 573.30133056640625 574.53668212890625 575.73028564453125 576.13580322265625 577.1400146484375 577.50958251953125 578.3701171875
570.88653564453125 570.41400146484375 570.17938232421875 569.574951171875 568.1400146484375 568.292724609375 569.59033203125 570.2774658203125 570.20648193359375 569.918701171875 567.364501953125 568.5567626953125 569.71539306640625 568.8560791015625 568.30120849609375 567.7430419921875 567.2740478515625 567.27691650390625 567.7576904296875 568.0277099609375 567.8978271484375 567.0718994140625 566.49627685546875 566.701171875 567.374267578125 566.84326171875 566.34954833984375 565.91265869140625 566.028076171875 566.822509765625 568.004638671875 568.00543212890625 567.85992431640625 568.3824462890625 569.9554443359375 571.05108642578125 572.19781494140625 573.67919921875 574.99737548828125 576.8055419921875 577.81610107421875 578.58197021484375 578.92181396484375 579.89569091796875
572.3221435546875 571.9322509765625 572.021728515625 570.19207763671875 570.1070556640625 570.0772705078125 570.22283935546875 570.72174072265625 570.44189453125 569.7864990234375 568.2171630859375 570.30010986328125 570.5517578125 569.93621826171875 569.1083984375 568.5330810546875 568.62152099609375 568.828369140625 569.7972412109375 569.46014404296875 568.97296142578125 568.593994140625 568.026611328125 567.7974853515625 568.5152587890625 568.0614013671875 567.58758544921875 567.30072021484375 567.00128173828125 567.747802734375 568.35333251953125 569.58087158203125 568.68585205078125 568.93475341796875 570.41192626953125 571.51800537109375 572.62286376953125 573.7496337890625 574.7821044921875 576.87677001953125 579.0162353515625 579.7518310546875 580.23968505859375 581.9979248046875
573.7342529296875 573.6402587890625 572.99981689453125 571.754638671875 571.7467041015625 571.51019287109375 571.35101318359375 570.83392333984375 570.156982421875 568.38922119140625 570.36297607421875 571.23992919921875 570.967529296875 570.02740478515625 569.83917236328125 569.84039306640625 569.95953369140625 569.93927001953125 571.22186279296875 570.74627685546875 570.27020263671875 570.07275390625 569.78411865234375 569.0872802734375 569.70751953125 569.33001708984375 568.83538818359375 568.972900390625 568.27252197265625 568.86285400390625 569.62872314453125 570.1568603515625 571.572265625 570.982177734375 571.12591552734375 572.06915283203125 573.224853515625 574.3831787109375 576.94305419921875 580.02276611328125 580.3121337890625 581.44915771484375 581.88946533203125 582.41827392578125
