DFSS/03_Furuegawa/04_EXE_SIMU/01_RR_DR/output_misc/gradave.asc
ncols  168
nrows  308
xllcorner      10290.000
yllcorner     -12990.000
cellsize     30.000
NODATA_value -9999.000
[rows 99 to 131 of 308, columns 75 to 149 of 168]
2.234 1.538 1.317 2.361 1.883 2.676 1.479 2.090 1.916 2.048 2.620 2.995 3.470 3.140 3.738 4.475 5.284 5.864 6.831 3.808 1.879 1.854 2.099 2.041 1.863 1.737 1.005 3.089 3.591 3.614 3.909 3.427 5.771 10.385 7.950 10.368 10.787 8.714 5.538 4.686 5.231 5.606 9.607 15.621 17.298 25.135 27.074 17.677 10.893 10.805 11.832 9.430 11.635 18.921 29.644 31.158 36.378 41.342 34.354 36.786 47.918 41.886 32.497 43.843 47.762 34.707 46.270 37.357 41.371 54.287 48.929 13.188 29.725 42.773 45.258
2.035 1.778 1.725 2.658 2.249 1.743 1.859 1.756 1.228 1.247 1.719 2.405 2.715 1.565 1.840 0.869 4.712 3.292 4.930 5.621 1.984 1.713 1.850 1.483 1.607 2.806 4.857 5.382 4.583 4.412 5.143 4.548 5.595 6.302 3.943 4.013 3.042 4.087 3.770 4.530 6.385 7.461 6.926 9.658 12.596 8.955 7.240 12.846 12.058 15.279 15.795 10.683 19.807 30.729 32.864 47.930 59.431 53.358 38.364 37.054 37.840 46.747 43.918 25.586 60.310 19.983 49.623 50.062 36.457 53.956 54.060 20.042 38.117 49.861 47.780
1.890 1.705 2.111 2.117 2.261 1.137 2.065 0.714 0.719 1.031 1.297 1.346 1.514 1.502 1.554 2.666 2.387 3.274 4.006 4.753 1.865 1.763 1.920 2.043 3.493 4.937 4.589 3.795 3.610 4.263 4.310 3.904 3.911 2.533 1.955 3.852 5.002 4.766 4.170 5.134 4.340 3.830 3.570 4.755 8.234 11.472 13.630 13.227 13.670 17.039 18.588 33.583 38.818 35.939 50.058 70.617 60.522 63.024 67.235 47.834 53.072 56.485 51.481 43.375 37.036 53.378 33.902 45.212 31.993 40.275 66.579 28.078 59.118 55.142 37.355
1.734 1.403 2.800 1.928 1.573 0.513 1.778 0.714 1.284 1.444 1.142 1.175 1.073 1.110 1.413 3.247 2.475 2.698 4.062 3.498 1.798 1.914 2.057 2.186 3.540 4.602 3.726 3.101 3.128 2.978 3.477 3.804 3.705 3.408 3.257 3.530 3.752 4.148 4.719 6.456 7.080 6.578 9.300 12.053 13.543 13.374 14.463 16.508 18.429 24.865 39.167 47.619 71.715 70.323 79.470 59.241 34.375 40.641 57.851 72.659 63.829 57.452 44.282 59.007 21.816 54.786 38.685 27.325 21.087 36.324 56.399 35.731 56.573 35.781 20.165
1.446 1.380 2.054 2.387 0.352 2.083 1.015 2.002 1.450 1.641 1.141 1.033 1.120 1.155 2.662 3.088 2.568 2.220 3.251 2.082 2.010 1.992 1.894 2.223 3.491 4.109 3.491 2.909 2.668 3.054 3.787 3.795 3.332 2.804 2.840 2.922 4.253 5.459 5.651 5.931 6.164 9.106 11.249 11.478 11.109 13.778 16.410 19.735 22.918 27.744 36.532 62.244 72.378 65.192 61.026 15.441 31.233 33.137 23.076 26.328 59.333 48.436 28.488 48.068 44.388 48.169 36.136 18.806 15.314 23.182 40.255 35.757 39.089 23.899 14.830
1.509 1.665 1.602 1.979 1.897 1.270 1.697 1.745 1.694 1.658 1.264 1.110 1.046 1.237 1.777 1.434 1.231 1.308 1.884 1.722 1.605 1.809 2.003 2.461 3.415 3.899 3.432 2.963 3.014 3.546 3.897 3.517 3.200 2.881 3.091 3.104 4.593 5.921 6.085 6.706 7.558 8.554 9.255 10.036 11.811 14.715 17.039 19.601 19.086 23.083 47.372 71.526 41.134 26.140 21.522 40.099 13.332 29.609 38.286 38.697 38.391 23.915 8.342 32.727 35.839 33.056 31.221 14.800 19.628 27.250 16.338 29.764 14.725 24.506 12.085
2.342 2.547 2.116 1.751 2.302 1.174 2.258 1.442 1.626 1.575 1.305 1.033 0.942 0.753 0.762 0.829 0.904 1.681 2.120 1.941 1.740 1.910 1.865 2.508 3.793 3.977 3.174 2.785 2.917 3.852 4.590 3.755 3.018 3.557 3.677 3.734 4.183 5.026 5.933 7.046 7.828 8.888 12.449 13.775 15.367 15.960 17.129 19.019 20.212 33.977 62.533 58.924 31.291 23.950 21.653 23.507 44.160 13.096 32.193 47.660 42.378 30.546 14.191 17.133 19.051 24.412 22.511 10.685 9.634 23.765 24.959 13.670 10.832 23.810 14.239
2.312 2.473 2.203 2.137 2.643 2.521 1.522 1.763 1.521 1.150 0.997 0.954 1.030 1.153 0.200 0.881 0.940 1.617 2.933 2.263 2.008 1.671 2.171 2.783 3.334 3.414 3.308 3.339 3.322 3.791 4.016 3.592 3.361 3.640 3.911 3.467 3.472 5.221 6.909 8.368 8.674 14.365 19.287 21.248 26.764 23.535 17.742 19.896 26.764 55.044 74.828 54.482 32.875 24.874 23.685 19.593 31.814 41.131 9.086 29.234 35.873 45.231 38.605 11.589 13.932 14.566 16.413 4.185 11.711 11.349 22.851 18.103 8.315 18.146 16.929
2.143 2.011 1.925 2.341 2.807 3.492 1.616 1.876 1.380 1.096 1.064 1.074 1.059 1.200 1.416 0.568 1.022 1.775 2.822 3.441 2.374 2.271 1.733 2.413 2.886 3.272 3.520 3.650 3.523 3.563 3.636 3.759 3.628 3.626 3.891 3.979 4.728 6.946 7.523 9.218 13.889 17.901 19.647 24.386 20.680 21.158 19.862 24.453 39.671 69.721 70.923 36.183 31.739 26.839 31.872 29.450 22.778 44.138 27.857 13.057 26.276 46.006 47.991 8.990 14.254 7.956 16.279 7.188 9.434 15.581 14.469 23.895 7.828 18.822 17.847
1.832 1.648 1.327 1.875 2.540 2.657 2.448 1.154 1.419 1.353 2.102 2.306 2.264 2.344 3.399 4.971 4.772 3.639 3.882 4.413 3.416 2.576 1.752 1.956 2.687 3.125 3.095 3.708 4.289 3.724 2.991 3.893 4.533 3.896 4.201 5.218 8.214 8.821 7.310 8.083 11.393 14.486 20.079 23.705 22.799 11.321 15.720 26.930 41.596 59.100 54.518 38.554 29.817 29.868 36.951 39.992 34.780 43.862 42.889 24.172 39.279 43.035 30.399 21.785 12.294 14.594 12.216 14.920 13.614 18.683 13.744 19.437 14.349 12.278 18.653
1.472 1.400 1.523 1.328 1.999 1.962 2.209 1.087 1.827 2.784 3.575 3.764 3.683 4.090 5.487 6.150 6.195 4.829 5.238 4.417 3.388 2.715 2.404 1.801 2.251 1.786 2.206 3.483 3.496 3.820 4.882 4.963 4.272 3.962 4.716 7.573 9.161 6.607 6.343 7.567 10.135 10.073 13.514 18.289 22.386 26.572 26.511 27.822 32.902 55.224 58.363 34.234 24.479 33.430 30.726 21.669 25.986 43.452 55.643 20.768 48.335 39.388 19.235 20.769 14.601 16.968 18.094 17.409 14.729 12.323 18.894 15.313 16.356 11.332 9.291
1.600 1.437 1.702 1.648 1.536 2.120 2.102 1.626 2.662 3.651 3.463 3.655 3.477 4.008 4.017 2.528 3.163 3.971 3.920 3.322 3.312 2.713 2.850 1.700 2.375 2.144 2.942 2.754 3.225 3.682 4.599 4.002 3.906 5.249 5.954 8.583 8.481 5.811 6.395 9.737 12.146 10.492 10.798 12.227 14.504 19.686 21.339 26.498 36.532 60.389 77.802 56.154 37.923 28.643 26.478 26.623 15.160 13.202 50.743 35.475 45.232 23.327 22.079 17.543 21.165 18.734 20.808 16.081 10.026 17.449 11.609 16.028 13.606 11.575 7.591
1.363 2.043 1.912 2.092 1.421 2.182 2.236 2.107 2.954 3.393 3.230 2.132 2.773 2.838 2.269 1.679 1.783 2.438 3.017 3.655 2.735 2.776 2.215 1.835 2.019 3.315 3.349 3.295 3.399 3.779 3.554 3.681 5.063 5.295 5.043 9.149 9.258 6.064 6.646 11.953 12.722 6.977 7.708 9.354 8.477 11.537 15.959 20.188 28.058 45.330 65.696 58.257 43.725 41.452 44.100 44.375 37.068 17.953 19.496 43.887 21.905 29.521 12.318 17.243 17.719 14.128 16.986 14.890 9.494 19.889 20.840 16.966 11.551 12.229 12.176
1.619 1.855 2.355 2.237 1.415 1.975 2.291 2.439 2.876 2.383 3.063 2.158 1.828 2.256 2.061 2.078 1.422 2.362 2.685 3.116 2.747 3.483 5.827 5.731 1.988 4.701 3.762 4.539 4.633 4.633 4.155 4.683 5.626 5.906 6.354 6.381 6.324 7.435 7.681 11.881 13.048 9.448 9.243 10.302 14.349 19.924 23.175 26.090 35.271 82.186 63.467 22.105 16.314 23.673 20.862 30.708 35.961 33.520 14.215 28.708 25.710 16.839 15.387 13.415 16.313 15.569 8.464 12.802 9.646 15.714 21.152 23.180 17.433 18.031 20.211
1.954 1.984 2.155 1.926 1.403 1.847 2.468 2.594 2.748 2.371 2.122 2.315 2.240 1.920 2.015 2.146 1.476 2.040 2.546 2.494 2.845 3.900 5.749 8.171 5.241 6.053 5.806 5.714 6.142 4.492 5.185 5.394 6.200 6.960 6.645 6.385 6.997 7.989 7.869 10.327 12.134 11.732 13.143 16.009 18.028 21.980 28.936 29.459 56.658 90.463 47.614 37.268 27.029 22.149 36.467 38.459 26.780 20.867 23.086 18.222 24.836 18.970 12.757 11.308 9.608 17.222 17.298 8.510 1.493 4.714 2.218 11.794 16.371 11.483 11.230
2.827 1.811 1.965 1.822 1.686 2.157 2.596 2.745 2.625 2.309 1.977 2.074 2.471 2.376 1.787 2.131 2.009 1.819 2.352 2.222 2.918 2.944 1.997 2.503 7.001 5.002 6.986 5.145 4.129 4.589 4.946 6.179 7.435 5.307 5.478 7.919 9.646 9.994 9.295 10.448 10.712 10.553 11.745 15.985 21.978 26.988 24.561 21.576 63.749 68.831 32.319 12.488 23.110 40.988 27.772 37.233 34.416 21.414 19.911 12.861 10.873 13.197 10.770 15.657 14.765 9.439 12.965 8.160 15.457 14.777 13.549 13.728 4.118 5.688 7.534
2.883 2.257 1.812 1.924 1.602 2.564 2.536 2.898 2.429 2.274 2.464 3.067 1.871 2.694 1.881 1.787 2.744 2.303 2.341 2.453 2.461 2.242 2.500 2.073 3.139 4.598 3.930 4.274 2.935 3.832 4.178 5.011 4.617 5.378 7.188 9.168 10.058 7.659 9.084 10.821 9.989 11.430 11.903 11.924 14.062 21.496 28.906 34.879 54.715 63.400 45.467 45.497 33.481 22.246 35.265 27.014 20.195 25.618 20.243 8.624 10.849 10.426 9.020 13.518 5.891 12.871 6.755 5.571 10.304 5.264 7.615 11.106 8.671 10.138 10.618
2.221 2.481 1.688 1.787 1.767 2.103 2.344 2.769 2.320 2.321 2.801 2.944 2.836 1.892 2.542 1.518 1.427 2.879 2.183 2.494 2.093 2.799 2.532 2.230 2.753 3.093 3.767 3.450 3.598 3.171 3.915 4.547 4.908 4.173 6.522 9.575 7.407 5.755 5.369 7.902 13.498 16.364 15.237 13.132 11.537 12.951 16.185 23.172 39.587 59.115 50.933 39.373 41.542 35.204 15.423 7.234 15.019 21.604 19.579 22.085 27.614 15.999 19.537 18.163 12.597 6.806 1.683 2.268 13.256 16.248 7.446 1.807 4.734 5.001 3.397
1.720 2.189 1.989 1.669 1.826 2.006 2.019 2.362 2.213 2.480 2.415 2.259 3.174 1.607 1.680 2.651 2.715 2.141 2.467 2.240 2.893 2.807 3.115 2.669 2.425 3.768 4.485 3.513 3.552 4.344 3.583 4.538 3.834 3.444 4.840 6.785 8.688 8.712 11.754 12.453 17.153 18.772 15.752 19.077 15.858 16.290 21.976 27.824 41.392 71.178 58.671 35.563 27.965 26.561 44.654 47.535 43.235 40.045 36.519 35.951 20.489 25.470 14.846 19.436 20.741 18.485 14.427 8.542 3.886 12.275 15.375 5.277 1.986 7.298 11.705
1.555 1.804 1.864 2.013 1.978 1.970 2.068 1.899 2.148 2.396 2.182 2.086 2.638 3.432 1.175 1.962 3.438 2.950 2.588 2.425 2.966 3.542 3.287 2.367 3.645 4.622 4.258 3.634 3.877 4.257 4.693 3.770 3.970 4.725 3.585 3.023 6.116 7.266 12.786 18.450 18.809 19.662 22.930 19.577 19.778 21.416 30.004 34.414 57.057 60.104 30.830 29.964 17.027 38.300 44.215 42.291 42.059 44.214 41.305 21.583 27.107 24.915 18.618 15.864 20.636 19.582 13.756 15.123 7.075 16.220 9.658 2.576 4.375 5.320 7.658
1.527 1.699 1.810 2.218 2.177 2.011 1.891 2.143 1.341 2.082 2.499 2.610 2.408 4.605 5.449 4.036 3.419 3.120 2.340 2.779 2.782 3.406 3.029 3.077 3.293 4.318 3.841 3.390 3.763 3.770 3.786 3.753 3.940 4.966 4.237 4.412 4.285 4.930 10.820 22.391 23.625 18.095 21.029 19.548 10.189 12.382 22.528 21.582 30.943 56.372 59.181 46.430 38.324 34.236 13.957 8.250 10.866 20.530 40.476 38.526 15.541 17.692 16.928 8.978 10.980 16.259 17.972 7.120 12.382 10.114 3.620 2.600 5.168 7.054 3.797
1.559 1.798 1.926 2.170 2.624 2.074 1.593 1.986 1.921 1.514 2.379 2.593 2.174 3.395 5.234 5.508 1.044 3.726 3.479 2.833 2.751 3.271 2.203 2.400 2.737 3.532 3.910 3.726 3.993 3.142 2.475 3.372 4.184 4.871 4.759 4.487 5.086 6.236 9.357 17.093 21.728 21.121 17.862 17.227 18.288 23.971 27.737 24.354 26.781 45.782 60.513 55.340 32.609 14.135 20.008 26.684 41.576 62.229 57.237 35.806 30.698 21.350 14.962 13.061 15.298 20.472 10.952 3.781 6.450 3.010 11.314 13.236 10.892 7.974 4.654
1.742 1.831 2.204 2.384 2.548 1.705 2.454 1.401 1.981 1.968 2.045 1.770 1.751 1.911 1.672 3.392 2.887 3.388 2.797 2.488 2.520 2.186 2.814 2.373 2.766 3.136 3.201 3.282 3.431 3.605 3.427 2.890 4.264 5.232 5.059 4.656 5.341 5.590 7.585 15.431 19.163 14.541 16.771 16.056 15.241 20.369 23.094 24.879 25.133 29.066 44.803 67.671 53.759 28.580 25.529 31.257 43.250 37.198 24.557 17.260 8.803 7.129 11.256 12.772 12.023 17.717 6.632 3.124 4.127 9.305 12.259 14.459 9.232 5.023 5.390
2.419 2.351 2.539 2.748 1.903 1.622 2.160 2.757 1.404 2.017 1.885 1.699 1.781 1.928 1.305 2.133 2.825 1.449 3.138 3.179 2.439 2.831 2.890 2.818 2.674 3.313 3.442 3.335 2.680 3.122 3.646 4.071 4.702 4.738 3.999 3.925 4.928 5.623 5.653 6.753 16.591 18.250 16.862 16.650 16.573 19.502 22.936 23.082 21.030 20.123 25.613 47.255 71.449 68.251 41.722 36.628 56.323 51.078 27.519 21.450 19.005 9.165 12.389 8.594 9.496 10.687 3.538 4.071 7.334 8.362 9.796 3.438 10.011 5.906 9.261
2.929 2.776 2.650 2.672 1.726 1.634 2.339 3.399 2.336 1.899 2.115 2.031 2.023 2.034 1.390 2.327 2.641 1.185 2.752 3.454 4.307 4.104 3.906 2.899 3.418 3.720 2.955 3.467 3.268 3.463 3.611 3.815 3.480 3.545 4.782 6.039 6.332 6.088 5.603 5.566 7.482 10.249 11.825 15.370 15.332 17.647 15.280 11.011 8.096 12.108 18.665 18.460 21.532 45.701 61.220 39.450 40.135 59.526 54.792 59.474 46.881 14.583 13.524 10.354 12.981 10.372 6.408 5.572 7.907 10.509 6.074 6.737 11.620 13.598 15.024
2.706 2.718 2.552 2.286 1.782 1.679 2.562 2.733 3.385 1.540 2.744 2.058 2.041 2.098 1.727 2.339 3.417 3.213 1.526 4.756 5.324 5.421 3.728 3.587 4.196 3.364 3.349 2.673 3.207 3.428 3.883 3.592 3.139 4.485 6.484 7.166 6.883 6.722 7.967 8.442 9.116 8.219 6.625 5.652 7.785 11.857 15.364 19.783 31.642 38.287 49.608 36.175 67.315 70.244 38.387 39.857 21.347 28.781 42.045 43.331 62.025 54.308 14.810 5.274 9.375 7.800 6.785 9.844 12.152 14.757 13.797 13.166 10.745 8.632 7.703
2.618 2.261 2.048 2.309 2.279 2.369 2.451 2.183 2.659 1.660 2.334 2.272 2.166 2.421 2.136 1.987 3.737 4.355 5.288 4.666 4.312 4.012 3.408 2.803 3.295 3.118 3.123 3.152 3.399 3.173 2.377 3.518 5.605 6.258 9.428 9.434 7.948 12.098 16.697 16.156 13.396 9.895 8.106 8.145 12.527 17.486 20.825 26.992 34.134 81.866 82.995 86.870 77.719 43.891 49.791 21.568 8.082 12.423 16.628 34.093 49.720 47.282 29.847 21.624 13.986 9.608 9.195 14.163 15.179 11.503 15.542 4.683 5.397 10.451 18.713
2.077 1.849 1.507 1.801 3.122 3.338 2.708 2.527 2.920 2.360 3.021 2.954 2.468 2.290 2.024 2.417 2.963 4.562 4.959 1.486 4.113 3.802 3.928 4.010 3.322 3.209 3.097 3.849 4.327 3.759 3.826 5.421 6.159 10.934 14.776 10.141 11.322 17.749 15.997 16.867 18.742 13.901 8.558 10.354 12.572 11.228 24.084 31.749 82.005 91.114 46.443 62.301 33.956 24.106 29.664 31.841 29.139 35.010 59.541 68.786 56.546 21.267 13.955 19.360 22.616 14.313 12.888 12.897 8.347 8.013 4.554 14.213 13.633 11.458 18.895
1.786 1.723 1.512 1.762 2.761 3.524 3.347 2.555 2.771 3.979 4.262 3.087 2.778 2.309 2.638 2.648 2.775 3.766 3.924 4.314 3.173 4.084 4.392 4.238 3.832 3.533 3.261 3.672 3.672 4.393 5.735 8.068 7.889 15.940 14.364 6.274 9.036 12.147 13.892 11.377 12.120 19.566 11.995 13.002 17.007 18.921 13.874 28.611 85.004 102.840 32.672 11.130 30.348 46.374 41.455 46.976 57.321 65.271 65.037 37.400 31.667 25.189 28.525 21.038 17.533 13.577 9.436 8.997 9.665 7.807 19.294 15.495 16.871 15.446 12.186
1.926 1.630 1.494 1.729 2.028 3.039 3.258 2.334 2.501 3.776 3.744 2.609 2.657 2.936 2.725 2.756 2.720 3.164 3.764 4.580 3.547 3.282 4.538 4.752 4.043 3.549 3.735 3.563 3.773 4.156 6.664 8.135 9.282 11.343 11.132 5.818 5.426 8.390 13.215 15.025 12.693 9.737 21.885 14.437 18.993 27.394 30.475 20.388 24.739 95.837 96.509 40.106 37.394 36.082 19.943 35.174 51.255 48.960 25.387 13.773 14.290 25.675 21.745 20.664 16.369 10.603 12.103 13.732 1.164 17.637 19.010 13.869 12.725 18.807 15.894
1.630 1.761 1.593 1.525 2.607 2.617 3.006 2.278 2.916 2.630 2.176 2.571 2.344 2.904 3.441 3.260 3.078 2.560 2.962 3.310 3.413 3.885 3.961 3.617 5.029 6.305 4.461 3.802 3.769 4.162 6.993 7.352 5.744 6.058 4.504 6.556 6.729 8.021 10.090 12.611 16.973 18.137 14.291 23.171 24.712 29.401 63.559 72.429 51.685 46.120 78.875 70.964 40.306 40.326 35.512 35.511 20.742 3.923 9.546 12.171 16.847 11.013 2.380 6.070 9.670 11.885 13.496 6.920 13.131 20.193 12.487 10.872 8.856 10.318 14.621
1.493 1.946 1.896 1.351 3.033 2.872 2.959 2.517 3.139 2.732 2.086 2.584 2.334 3.074 3.318 3.515 3.225 2.582 2.513 2.509 3.367 4.805 4.564 4.787 6.046 4.896 3.791 3.902 4.069 5.268 6.248 5.749 5.963 6.699 7.154 8.080 9.410 11.738 12.185 11.761 11.987 16.997 19.207 17.414 23.893 62.231 82.898 84.130 95.545 85.324 72.873 56.666 32.100 31.176 43.294 50.845 50.881 34.925 31.459 28.207 23.660 18.458 12.188 6.401 9.203 8.535 3.662 9.233 17.786 16.603 5.406 8.205 6.037 5.347 4.637
1.650 1.716 1.794 1.406 3.624 3.849 2.785 2.566 2.765 3.359 2.098 2.828 3.185 3.485 3.341 3.255 3.013 2.720 2.268 2.455 3.291 3.717 3.320 3.518 3.813 5.340 4.973 3.924 4.857 5.930 4.705 6.146 5.826 6.211 7.208 7.824 8.821 8.962 8.923 11.114 11.731 14.010 18.143 18.239 39.466 67.281 52.713 39.079 57.161 61.284 74.074 35.806 10.460 20.040 13.433 27.572 34.362 32.239 22.258 28.877 27.168 18.799 15.144 13.017 6.341 8.838 12.970 14.601 11.531 15.327 8.184 4.329 1.958 6.773 10.947
