DFSS/03_Furuegawa/04_EXE_SIMU/01_RR_DR/output_misc/gradave.asc
ncols  168
nrows  308
xllcorner      10290.000
yllcorner     -12990.000
cellsize     30.000
NODATA_value -9999.000
[rows 66 to 98 of 308, columns 0 to 74 of 168]
1.268 1.296 1.414 1.408 1.398 1.143 1.713 1.664 1.568 2.658 2.732 3.176 2.580 3.027 4.524 2.889 3.219 7.238 2.255 1.156 2.013 1.942 1.710 1.630 1.365 1.568 1.060 1.207 3.963 4.744 2.942 1.822 1.033 0.943 1.098 1.114 1.118 1.029 0.820 0.682 2.122 2.365 0.585 0.536 0.482 0.922 1.026 1.013 0.939 0.614 0.274 0.216 0.330 0.763 0.767 1.026 1.309 1.295 1.204 1.128 1.128 1.096 0.958 0.804 0.747 0.517 0.397 0.748 0.899 0.787 0.660 0.808 0.913 1.125 1.106
0.983 1.270 1.379 1.392 1.414 1.220 1.601 1.568 1.902 2.012 2.213 2.796 2.659 1.495 3.904 3.875 3.910 5.701 0.672 1.421 1.926 0.967 2.568 3.608 2.885 2.214 1.700 3.809 5.432 3.737 3.680 1.608 1.454 1.093 1.028 0.886 0.849 0.782 0.695 0.730 2.478 1.050 0.691 0.769 0.776 0.872 1.012 1.041 1.111 1.010 0.814 0.414 0.616 1.096 1.171 1.188 1.333 1.426 1.206 1.164 1.122 1.098 1.052 0.944 1.171 0.847 0.300 0.439 0.787 0.961 0.691 0.610 0.749 0.648 0.690
0.439 0.966 1.161 1.212 1.315 1.442 1.496 1.661 1.718 1.739 1.869 1.972 2.025 3.021 5.470 0.840 6.839 3.515 0.258 1.342 1.323 1.380 1.937 2.668 4.047 3.302 2.686 1.719 5.369 5.182 1.525 2.363 1.748 1.224 0.650 0.631 0.540 0.573 0.506 1.759 2.305 1.124 1.024 1.053 1.042 0.930 1.009 1.200 1.668 1.745 1.753 1.563 1.506 1.794 1.741 1.459 1.405 1.494 1.334 1.286 1.129 1.091 1.072 0.974 1.440 1.399 0.964 0.995 1.153 0.959 0.835 0.885 0.869 0.786 1.078
0.914 0.660 0.791 1.044 1.207 1.384 1.483 1.683 1.688 1.652 0.981 1.007 2.510 5.002 3.385 5.217 5.296 0.716 0.509 0.814 1.366 1.194 0.885 1.133 2.740 3.338 2.895 2.042 4.123 5.844 1.284 1.856 1.469 1.286 0.950 0.411 0.467 0.482 0.655 2.644 1.925 1.646 1.296 1.086 1.063 0.930 0.952 1.271 2.052 2.443 2.379 2.449 2.297 1.983 1.832 1.461 1.419 1.402 1.534 1.326 1.201 1.150 1.079 1.014 1.109 1.764 1.504 1.561 1.469 1.330 1.392 1.505 1.469 1.483 1.563
0.929 0.930 0.685 0.739 1.225 1.351 1.662 1.648 1.178 1.059 1.984 2.204 3.697 4.404 1.729 5.239 1.097 0.337 0.424 0.897 0.997 1.483 0.824 1.187 1.680 2.785 3.286 1.529 6.679 5.218 1.819 1.319 1.351 1.467 1.013 0.440 0.379 0.320 1.631 2.775 1.936 1.969 1.752 1.385 1.123 0.930 0.873 1.210 1.574 2.216 2.459 2.521 2.478 1.911 1.556 1.316 1.284 1.250 1.436 1.339 1.349 1.431 1.435 1.263 1.260 1.769 1.538 1.498 1.431 1.644 1.860 1.752 1.730 1.715 1.965
0.974 0.904 0.850 0.603 0.909 1.299 1.466 1.157 1.727 2.412 2.347 2.822 4.379 1.468 3.553 2.588 0.662 0.533 0.254 0.652 1.139 1.397 1.068 0.899 1.237 2.739 2.870 3.546 6.042 2.477 1.856 0.965 1.574 1.404 1.085 0.575 0.383 0.707 2.301 2.530 2.184 1.991 1.972 1.855 1.491 0.991 0.759 1.076 1.495 1.587 2.024 2.067 1.891 1.590 1.038 0.961 0.951 0.922 0.957 1.148 1.388 1.608 1.890 1.797 1.620 1.383 1.244 1.308 1.408 1.531 1.668 1.672 1.610 1.678 1.915
1.067 0.796 0.870 1.007 0.480 0.943 0.879 1.804 2.715 2.566 2.594 3.815 1.224 3.232 2.935 1.011 1.660 0.926 0.804 0.724 0.894 1.182 1.341 1.229 1.611 2.542 1.891 3.822 3.403 3.029 1.378 1.527 1.743 1.207 1.088 1.004 0.580 1.325 2.386 2.496 2.340 1.819 1.721 1.544 1.477 1.121 0.716 1.145 1.550 1.247 0.895 1.196 1.169 0.963 0.861 0.801 0.743 0.644 0.754 1.087 1.338 1.495 1.452 1.498 1.415 1.022 1.039 1.068 1.208 1.394 1.535 1.532 1.611 1.867 2.186
1.368 0.898 0.671 0.835 0.399 0.506 1.027 2.432 2.909 2.692 3.245 1.978 2.528 2.980 3.036 2.772 1.209 1.023 1.042 1.003 1.102 1.173 1.425 1.483 2.504 2.915 2.958 4.401 4.321 3.217 0.582 1.848 1.580 1.573 1.397 1.400 1.157 1.800 2.450 2.489 2.456 1.330 1.190 1.180 1.084 1.136 0.703 1.243 1.359 0.831 0.361 0.558 1.002 0.930 0.914 1.006 0.999 0.997 1.191 1.506 1.099 0.797 1.008 1.042 1.037 0.882 1.110 1.109 1.277 1.408 1.405 1.544 1.663 1.808 2.264
1.286 0.902 0.664 0.576 0.608 0.321 1.289 2.720 3.363 3.398 2.887 0.390 2.785 2.593 1.905 2.650 2.577 2.012 1.796 1.642 1.500 1.371 1.376 1.304 1.964 3.347 4.744 5.207 3.834 1.590 2.056 1.123 2.039 2.118 2.067 1.795 1.546 2.602 2.728 2.470 2.253 0.950 0.789 1.187 0.814 1.060 0.724 1.126 1.013 0.604 0.588 0.655 1.116 1.418 1.305 1.389 1.410 1.472 1.602 1.463 0.909 0.666 0.527 0.711 0.924 0.771 1.324 1.403 1.417 1.363 1.061 0.893 0.880 1.173 9.210
1.156 1.060 0.755 0.770 0.705 0.062 2.535 4.944 4.060 2.984 1.290 1.962 2.906 2.769 1.809 2.525 2.508 2.373 2.133 2.075 1.831 1.708 1.280 1.225 1.290 2.477 3.411 2.787 1.078 1.563 1.590 1.673 2.370 2.278 2.186 1.928 1.769 2.933 2.770 2.268 1.585 1.061 1.034 1.344 1.393 0.951 0.918 0.962 1.059 1.106 1.177 1.255 1.364 1.717 1.653 1.644 1.525 1.530 1.569 1.314 1.362 0.908 0.552 0.365 0.530 0.713 1.067 0.897 0.819 0.952 0.536 0.161 0.218 4.763 20.375
1.229 1.000 0.771 0.986 0.485 0.876 4.787 6.067 2.783 0.804 2.829 3.802 3.033 2.728 2.235 2.294 2.563 2.427 2.122 2.169 1.848 1.320 0.956 1.125 1.098 2.276 1.430 0.852 0.624 1.544 0.700 2.213 1.802 2.169 2.017 1.642 1.767 2.319 1.709 1.554 1.420 1.503 1.225 1.411 2.060 2.000 1.889 1.196 1.436 1.431 1.500 1.476 1.360 1.611 1.664 1.598 1.602 1.593 1.514 1.463 1.745 1.512 0.857 0.307 0.353 0.655 0.439 0.314 0.447 0.582 0.547 0.123 0.831 15.893 22.852
1.307 1.012 0.852 0.610 0.649 3.140 7.151 3.334 3.306 6.343 5.046 4.730 3.771 2.957 2.532 1.995 2.771 2.548 1.811 1.209 0.853 0.674 0.785 1.111 1.598 1.244 1.196 0.641 1.451 0.809 1.115 1.785 0.970 2.049 1.961 1.833 1.558 1.825 1.636 1.756 1.782 1.561 1.362 2.225 2.767 2.847 2.987 2.378 1.637 1.609 1.485 1.377 1.415 1.377 1.697 1.587 1.647 1.651 1.561 1.887 1.885 1.802 1.419 0.919 0.827 0.790 0.562 0.615 0.638 0.746 0.821 0.120 9.700 11.006 6.950
1.187 0.905 0.684 0.607 1.082 5.246 4.906 4.887 7.293 5.196 4.020 3.505 3.094 3.085 2.407 2.366 2.487 1.886 1.203 0.615 0.219 0.431 1.157 1.290 1.250 0.653 1.103 0.398 1.396 1.012 1.334 1.604 1.397 1.721 2.172 2.098 1.119 1.898 2.298 2.200 1.770 1.532 1.729 2.907 3.086 3.303 3.416 3.514 2.148 1.779 1.496 1.259 1.287 1.368 1.530 1.652 1.669 1.577 1.599 2.401 2.488 1.922 1.897 1.802 1.617 1.488 1.035 0.967 0.932 0.984 2.075 2.034 2.592 9.535 9.603
1.310 1.066 0.721 1.100 1.121 3.952 4.792 5.993 3.728 1.710 2.347 2.074 1.979 2.638 2.776 2.742 1.802 2.511 1.539 0.742 0.442 0.985 1.701 1.435 1.391 1.157 0.425 0.791 1.301 0.298 1.799 1.958 1.705 1.537 2.303 1.883 0.810 2.772 2.964 2.066 1.876 1.741 2.214 2.178 1.965 2.221 2.234 2.660 2.470 1.741 1.285 1.060 1.038 1.047 0.995 1.244 1.256 1.206 1.253 1.864 2.693 2.608 3.008 2.512 2.139 1.913 1.076 1.131 1.231 1.218 1.964 2.392 2.490 0.921 3.433
1.454 1.589 1.466 1.178 2.876 2.148 3.918 1.951 1.775 1.678 1.878 1.785 2.073 2.519 2.591 2.686 1.909 2.746 2.512 1.593 0.965 1.845 1.867 1.517 0.916 0.548 1.111 1.204 0.832 1.165 1.874 1.969 1.832 1.573 2.350 2.110 1.718 3.780 3.001 2.237 1.958 1.620 1.689 1.255 0.875 0.760 0.816 0.917 1.527 1.360 1.026 0.970 0.767 0.673 0.613 0.547 0.513 0.749 0.856 1.557 2.040 2.923 2.903 2.697 2.717 2.925 1.232 1.090 1.143 1.067 0.926 0.905 0.852 0.632 0.553
1.484 1.625 1.822 1.734 3.102 1.196 3.136 1.476 1.784 1.255 1.733 1.768 2.135 2.417 2.594 1.847 2.144 2.505 2.541 1.875 1.445 2.098 1.861 1.126 0.991 1.052 0.969 0.972 1.026 1.689 2.070 2.069 1.839 1.433 2.510 2.167 2.534 3.901 2.408 1.658 1.313 1.133 1.178 1.013 0.736 0.833 0.744 0.560 0.676 1.016 1.073 0.948 0.867 0.701 0.555 0.523 0.550 0.713 0.732 1.233 2.126 1.832 1.663 2.102 2.522 3.419 2.821 0.989 0.982 0.939 0.920 0.753 0.610 0.568 0.544
1.580 1.754 1.992 2.078 2.633 2.818 1.511 2.358 2.566 2.772 1.761 1.774 2.123 1.898 1.712 0.801 1.709 2.287 2.255 1.572 1.563 1.882 1.717 1.418 1.563 1.617 1.738 1.678 2.491 2.600 1.975 2.052 1.774 1.372 2.479 2.116 2.595 3.120 1.196 0.844 0.973 1.042 1.084 1.099 0.718 1.041 0.883 0.695 0.740 0.840 1.028 1.029 1.029 0.970 0.898 0.775 0.849 0.848 0.862 1.153 1.356 1.194 1.060 1.615 1.386 1.883 3.534 1.245 0.909 0.922 0.846 0.698 0.558 0.564 0.564
1.256 1.805 2.292 2.503 2.749 2.833 0.952 1.421 2.637 3.526 2.596 1.656 1.620 1.070 0.741 0.535 1.101 1.867 2.140 1.307 1.484 1.702 1.714 1.730 2.085 2.120 2.000 2.292 3.497 3.525 2.083 2.048 1.919 1.339 1.904 1.619 2.844 2.039 0.740 0.728 0.852 1.025 1.033 0.976 0.639 1.026 0.903 0.691 0.822 0.836 0.913 1.007 1.010 0.930 0.819 0.970 0.997 0.953 0.901 0.823 1.024 1.182 1.272 0.899 0.753 0.809 2.317 1.796 0.964 0.868 0.841 0.846 0.764 0.589 0.548
0.789 1.142 2.148 2.958 3.683 3.003 1.736 2.613 4.330 4.328 3.186 1.584 0.906 0.976 0.737 0.840 1.069 1.529 1.759 1.417 1.232 1.715 1.627 1.543 1.936 2.146 1.633 2.691 2.969 2.231 1.932 2.052 2.259 0.870 2.097 1.023 2.188 0.742 0.725 0.795 0.737 0.788 0.967 0.990 0.667 1.038 0.845 0.719 0.851 0.855 0.843 0.930 0.930 0.828 0.856 0.997 0.998 1.003 0.962 0.916 0.922 0.974 1.105 0.918 0.833 0.821 1.504 1.436 1.015 0.939 0.875 0.944 0.934 0.843 0.664
0.930 0.610 1.078 2.498 4.852 4.940 5.661 6.452 5.835 3.643 1.491 1.554 1.063 0.787 0.903 1.177 1.360 1.422 1.344 1.355 1.288 1.831 1.637 1.243 1.610 1.776 1.649 1.973 1.442 1.275 0.862 2.259 1.679 1.354 1.948 1.711 1.050 0.808 0.821 0.713 0.658 0.700 0.838 1.013 0.655 1.110 0.815 0.833 0.869 0.868 0.877 0.933 0.881 0.794 0.948 0.998 0.998 1.003 1.034 0.878 0.933 0.960 1.003 1.279 1.119 0.905 1.057 1.200 0.950 1.038 0.955 0.888 0.782 0.776 0.699
1.004 1.134 1.040 1.257 2.201 4.549 5.106 3.891 2.106 1.708 1.820 1.192 1.146 1.035 0.900 1.274 1.226 1.365 1.387 1.460 1.955 1.646 1.489 1.263 1.372 1.468 1.671 1.357 1.097 1.382 1.161 1.672 1.219 1.443 1.924 1.779 0.715 0.817 0.791 0.797 0.895 0.776 0.710 0.825 0.730 1.051 0.754 0.844 0.854 0.856 0.859 0.836 0.905 0.786 0.963 0.997 0.999 1.000 0.992 0.822 0.903 0.975 0.976 1.270 1.536 1.422 1.040 1.276 1.270 1.310 1.341 0.884 0.568 0.653 0.712
0.655 1.182 1.202 1.097 1.435 1.274 1.328 1.403 1.232 1.257 1.306 1.330 1.397 1.212 0.943 1.372 1.480 1.172 1.045 1.650 1.963 1.576 1.548 1.528 1.253 1.643 1.456 1.438 1.037 1.524 1.208 1.481 1.376 1.264 1.863 1.680 1.145 1.002 0.948 0.965 0.921 0.823 0.900 0.883 0.750 1.061 0.763 0.856 0.857 0.783 0.772 0.817 1.126 0.822 0.988 0.997 0.997 0.998 0.986 0.941 0.920 0.984 0.998 1.034 1.491 1.501 1.413 1.568 1.586 1.593 1.647 1.854 1.183 1.521 1.781
0.559 0.573 0.951 1.127 1.492 1.182 1.126 1.437 1.270 1.225 1.315 1.297 1.292 1.102 1.044 1.501 1.506 1.229 1.369 1.737 1.737 1.879 1.652 1.593 1.234 1.574 1.536 1.301 1.030 1.474 1.235 1.337 1.567 1.075 1.822 1.678 1.331 0.911 0.937 1.055 1.075 1.074 1.187 0.902 0.811 0.991 0.778 0.999 0.936 0.936 0.870 0.977 1.262 1.150 1.140 1.118 1.119 1.125 1.108 0.990 1.025 1.135 1.112 1.008 1.253 1.416 1.578 1.577 1.590 1.570 1.560 2.285 2.385 2.633 3.073
1.542 1.321 0.671 1.298 1.458 1.308 1.186 1.294 1.289 1.231 1.330 1.333 1.238 1.109 1.227 1.549 1.617 1.298 1.712 1.897 1.713 1.743 1.751 1.489 1.207 1.533 1.555 1.237 1.107 1.428 1.260 1.410 1.578 0.934 1.643 1.729 1.385 1.096 1.005 1.169 1.146 1.212 1.179 0.721 0.851 0.941 0.741 1.021 1.013 1.022 1.023 1.065 1.175 1.733 0.993 1.317 1.268 1.191 1.056 0.837 1.038 1.103 1.088 1.074 1.145 1.542 1.669 1.524 1.587 1.578 1.581 1.884 2.667 2.659 3.204
1.719 1.792 1.686 1.178 1.452 1.427 1.120 1.324 1.291 1.237 1.367 1.407 1.292 1.230 1.326 1.878 1.744 1.434 2.142 1.861 1.668 1.616 1.626 1.517 1.172 1.495 1.511 1.301 1.100 1.391 1.224 1.480 1.391 0.997 1.428 1.738 1.458 1.410 1.017 1.170 1.193 1.228 1.042 0.670 0.883 0.908 0.753 0.967 1.039 1.019 0.924 1.071 1.255 1.867 0.937 1.379 1.314 1.216 1.151 1.270 1.498 1.043 1.097 1.207 1.535 1.995 2.010 1.978 1.594 1.587 1.564 1.664 2.116 2.033 1.998
1.246 1.866 2.298 1.104 1.431 1.468 1.070 1.484 1.145 1.222 1.299 1.409 1.300 1.083 1.123 1.801 1.838 1.632 2.415 1.854 1.631 1.683 1.613 1.476 1.375 1.523 1.478 1.289 1.050 1.478 1.211 1.342 1.453 1.111 1.367 1.703 1.469 1.602 1.246 1.059 1.221 1.148 0.804 0.695 0.846 0.840 0.756 0.990 1.016 0.974 0.746 1.074 1.430 1.804 1.478 0.737 1.026 1.363 1.582 1.849 2.265 2.035 1.669 1.823 2.107 2.142 2.082 2.025 1.604 1.577 1.553 1.599 1.480 1.429 1.067
0.987 1.691 2.497 1.913 1.397 1.538 1.187 1.456 1.116 1.244 1.380 1.423 1.493 1.223 1.212 1.674 1.423 1.929 2.071 1.769 1.694 1.710 1.576 1.579 1.506 1.516 1.562 1.436 1.125 1.535 1.313 1.232 1.671 1.180 1.318 1.684 1.448 1.590 1.517 0.885 1.157 1.020 1.027 0.812 0.868 0.744 0.757 0.975 0.988 1.267 1.450 1.625 2.078 1.766 2.207 0.352 1.348 1.320 1.469 1.991 2.123 3.206 2.643 2.409 2.155 1.974 2.038 1.931 2.018 1.967 1.743 1.493 1.373 1.399 1.199
1.427 1.470 3.394 2.573 1.329 1.604 1.405 1.197 1.469 1.164 1.392 1.440 1.647 1.644 1.298 1.361 0.967 1.685 1.350 1.669 1.647 1.558 1.500 1.542 1.454 1.410 1.675 1.729 1.609 1.587 1.013 1.254 1.716 1.345 1.208 1.484 1.594 1.454 1.499 1.230 1.189 1.380 1.327 1.255 1.094 0.759 0.588 0.968 1.282 1.519 2.271 2.501 2.514 1.691 2.846 1.028 1.770 1.666 1.570 2.146 2.146 3.000 2.877 2.757 2.202 2.207 2.363 2.379 2.471 2.245 2.085 1.812 1.397 1.399 1.490
2.271 2.438 3.997 2.322 1.509 1.096 0.904 1.008 1.450 1.182 1.371 1.386 1.541 1.540 1.234 1.611 0.590 1.428 1.288 1.439 1.508 1.497 1.491 1.491 1.482 1.404 1.811 1.830 1.797 1.907 0.781 1.738 1.675 1.623 1.215 1.202 1.688 1.366 1.442 1.574 1.563 1.742 1.296 1.199 1.255 0.849 0.478 1.025 1.350 1.372 1.291 1.931 2.585 1.904 3.810 2.922 1.202 2.270 2.252 2.183 2.139 2.211 2.706 2.382 2.358 2.517 2.609 2.544 2.534 2.401 2.447 2.158 1.666 1.423 1.491
4.566 3.185 4.153 2.096 1.233 0.819 0.350 1.418 1.380 1.395 1.273 1.383 1.333 1.345 1.876 1.373 0.365 1.332 1.508 1.236 1.534 1.512 1.501 1.501 1.510 1.564 1.849 1.848 1.703 2.226 1.077 2.082 1.600 1.622 1.183 1.278 1.533 1.341 1.538 1.903 2.124 2.027 0.955 1.416 1.222 1.103 1.039 0.389 0.769 1.714 2.359 2.083 1.683 1.385 3.470 5.677 1.755 4.087 3.365 2.486 1.340 1.943 1.911 1.964 2.249 2.212 2.210 2.539 2.453 2.540 2.577 2.603 2.492 1.491 1.406
3.309 2.724 2.154 1.154 1.152 1.224 0.523 1.669 1.353 1.308 1.260 1.352 1.108 1.529 2.294 1.324 0.599 1.428 1.444 1.449 1.310 1.428 1.431 1.440 1.437 1.544 1.606 1.647 1.868 2.433 1.630 2.110 1.727 1.429 1.116 1.480 1.425 1.378 1.847 2.193 2.313 1.493 1.281 1.366 1.077 1.557 1.629 1.651 1.422 1.572 1.881 2.197 2.182 1.583 1.628 4.291 3.636 4.207 2.902 1.538 1.107 1.503 1.349 1.509 1.578 1.411 1.422 1.761 1.809 1.806 1.744 2.066 2.646 2.191 1.508
2.581 0.516 2.022 1.210 1.194 1.579 0.677 1.810 1.247 1.249 1.276 1.229 1.113 2.016 2.465 1.955 1.263 1.367 1.595 1.550 1.352 1.200 1.404 1.408 1.301 1.449 1.406 1.492 1.744 2.486 2.117 2.412 1.680 1.293 1.149 1.566 1.334 1.315 2.175 2.106 1.893 1.114 1.521 1.101 1.330 1.621 1.905 2.434 2.671 2.378 1.848 2.087 2.170 1.892 1.078 1.473 2.454 1.771 1.240 1.550 1.378 1.085 1.382 1.188 1.054 1.026 1.066 0.998 1.205 1.034 1.008 0.906 1.178 1.864 1.395
2.534 0.244 2.261 1.526 1.303 2.110 0.169 1.948 1.903 1.428 1.205 1.212 1.053 2.066 2.791 2.496 2.208 1.580 1.400 1.577 1.591 1.309 1.215 1.413 1.457 1.467 1.627 1.707 1.800 2.450 2.382 2.479 1.664 1.178 1.279 1.587 1.385 1.436 2.149 1.911 1.330 1.646 1.232 1.290 1.581 1.737 1.802 2.713 2.700 2.552 2.291 1.857 2.341 1.885 1.196 1.380 0.579 1.604 1.461 1.359 1.421 1.184 1.400 1.269 1.044 1.095 1.031 0.962 1.055 0.958 0.941 0.862 0.697 1.039 1.430
