DFSS/03_Furuegawa/04_EXE_SIMU/01_RR_DR/output_misc/gradave.asc
ncols  168
nrows  308
xllcorner      10290.000
yllcorner     -12990.000
cellsize     30.000
NODATA_value -9999.000
[rows 0 to 32 of 308, columns 75 to 149 of 168]
0.252 0.260 0.265 0.105 0.217 0.191 0.155 0.163 0.142 0.145 0.184 0.181 0.115 0.101 0.174 0.153 0.103 0.135 0.183 0.231 0.212 0.095 0.167 0.164 0.169 0.352 0.567 0.898 1.189 1.300 1.479 1.692 2.784 3.167 3.368 2.892 2.562 2.013 4.140 5.671 5.614 4.507 4.932 5.417 6.291 6.847 7.117 5.979 5.835 6.614 7.192 7.123 8.027 9.823 15.317 15.024 11.726 26.150 29.501 42.976 50.851 47.257 41.239 51.226 30.681 33.576 34.858 17.462 7.026 22.944 26.733 32.043 22.385 13.365 18.316
0.239 0.246 0.188 0.140 0.163 0.135 0.191 0.136 0.098 0.159 0.192 0.206 0.130 0.168 0.197 0.161 0.117 0.151 0.126 0.096 0.160 0.171 0.097 0.133 0.191 0.230 0.421 0.643 0.806 0.835 0.835 0.961 1.674 1.876 1.602 1.289 1.633 2.855 3.725 3.309 3.982 4.782 4.964 4.861 5.309 6.479 7.202 7.450 7.096 6.866 6.852 5.861 6.614 8.454 11.233 15.917 26.666 29.502 28.051 46.209 56.142 50.309 36.194 23.298 17.140 31.470 26.750 26.355 32.330 40.797 36.106 22.665 9.207 9.491 10.301
0.198 0.234 0.136 0.195 0.135 0.108 0.096 0.167 0.125 0.135 0.292 0.304 0.237 0.221 0.220 0.198 0.164 0.149 0.151 0.206 0.134 0.122 0.097 0.132 0.191 0.224 0.405 0.552 0.619 0.811 0.775 0.695 1.376 2.245 2.013 2.154 3.178 3.252 3.147 2.725 2.583 3.230 3.735 4.062 4.338 6.515 8.387 8.265 6.165 6.798 8.056 8.666 7.226 6.655 8.234 18.633 32.699 32.946 31.688 38.261 43.366 41.202 41.916 34.576 31.571 39.738 31.894 30.812 27.633 23.066 2.585 7.830 5.794 12.597 17.003
0.235 0.175 0.164 0.134 0.050 0.080 0.135 0.187 0.125 0.220 0.368 0.327 0.201 0.177 0.242 0.186 0.179 0.163 0.171 0.135 0.185 0.135 0.068 0.125 0.126 0.224 0.407 0.689 0.902 0.906 0.909 0.953 1.470 2.173 2.493 2.778 2.820 2.699 3.234 2.882 2.880 3.208 3.116 2.971 3.012 4.991 7.651 7.385 6.791 6.611 7.403 6.766 6.596 8.078 11.300 16.881 26.265 29.843 29.087 41.782 44.089 41.111 49.831 45.968 49.841 41.626 28.195 21.240 33.976 32.179 19.254 17.672 13.825 13.077 6.526
0.215 0.135 0.104 0.078 0.125 0.135 0.093 0.132 0.191 0.215 0.382 0.332 0.141 0.238 0.237 0.164 0.196 0.164 0.140 0.194 0.135 0.046 0.125 0.100 0.110 0.242 0.588 0.950 0.940 0.960 1.036 1.017 1.592 2.009 2.216 2.598 2.537 2.214 2.036 3.282 3.815 3.403 3.080 2.926 2.858 2.714 4.356 5.577 4.963 4.510 5.604 6.804 6.595 8.691 12.043 16.340 22.677 25.992 27.067 31.455 42.849 49.579 52.229 59.132 54.057 40.039 27.447 31.288 20.445 30.433 24.566 15.897 14.970 15.638 4.645
0.115 0.076 0.123 0.135 0.097 0.048 0.132 0.135 0.106 0.203 0.384 0.370 0.261 0.269 0.197 0.172 0.185 0.175 0.167 0.158 0.141 0.134 0.135 0.014 0.103 0.351 0.825 1.085 1.024 1.042 1.005 1.070 1.608 2.083 2.132 2.173 2.008 1.917 1.532 2.317 4.135 4.416 4.366 4.336 3.492 2.550 3.042 3.853 4.002 4.567 4.700 7.588 8.556 8.175 8.935 14.240 23.200 22.471 24.201 26.087 26.813 32.733 54.427 60.040 43.518 33.459 17.459 20.028 31.076 32.323 26.569 19.980 17.609 7.873 17.363
0.101 0.135 0.115 0.017 0.096 0.135 0.114 0.051 0.126 0.171 0.388 0.497 0.338 0.234 0.198 0.208 0.137 0.184 0.176 0.132 0.109 0.095 0.001 0.103 0.135 0.460 1.005 1.156 1.116 1.162 1.172 1.211 1.522 1.571 1.876 2.171 1.776 1.580 1.576 1.444 2.735 4.217 4.457 4.395 4.753 3.975 3.257 3.832 3.910 4.506 6.258 8.524 8.655 7.115 7.097 10.389 15.477 16.239 16.371 20.727 21.465 30.276 45.399 60.336 54.088 38.739 29.610 27.477 36.514 35.619 20.030 8.961 6.176 19.675 37.005
0.191 0.159 0.095 0.146 0.150 0.083 0.101 0.126 0.100 0.190 0.378 0.495 0.385 0.263 0.170 0.192 0.153 0.153 0.111 0.075 0.025 0.025 0.095 0.135 0.057 0.562 1.375 1.511 1.309 1.302 1.288 1.451 1.400 1.299 1.666 1.939 1.838 1.412 1.277 1.518 1.707 3.043 4.319 5.070 5.025 4.701 3.345 4.283 4.581 4.505 5.861 8.667 8.680 7.350 8.142 10.910 13.889 15.301 18.501 23.767 26.549 26.075 28.186 39.098 46.846 47.100 44.049 45.464 37.772 13.650 4.965 17.696 25.313 42.103 42.830
0.191 0.191 0.192 0.192 0.100 0.122 0.122 0.061 0.085 0.217 0.441 0.487 0.393 0.276 0.149 0.175 0.192 0.110 0.095 0.095 0.095 0.099 0.119 0.095 0.297 0.995 1.668 1.662 1.614 1.490 1.413 1.375 1.226 1.343 1.513 1.719 1.422 1.214 1.018 1.104 1.262 2.053 3.461 5.000 5.368 5.239 4.069 4.000 5.073 5.555 7.650 8.436 8.367 7.890 9.043 12.582 15.422 16.101 18.209 23.758 26.744 25.766 38.710 47.931 40.980 37.816 46.716 42.649 25.603 12.460 21.659 38.100 44.410 36.280 8.908
0.197 0.198 0.198 0.179 0.178 0.179 0.103 0.120 0.141 0.154 0.382 0.552 0.476 0.263 0.182 0.135 0.101 0.072 0.072 0.072 0.071 0.071 0.095 0.000 0.524 1.855 2.326 1.865 1.699 1.410 1.100 1.045 1.315 1.302 1.492 1.363 1.333 1.290 1.116 1.002 0.758 0.518 1.344 3.618 6.033 5.270 3.380 2.772 4.608 5.979 7.805 8.199 8.641 9.386 9.723 13.469 18.579 21.124 22.409 20.178 22.530 28.726 42.220 45.888 39.365 45.152 45.714 32.768 20.737 21.625 40.799 44.581 20.671 24.342 31.895
0.191 0.191 0.191 0.240 0.240 0.240 0.241 0.241 0.179 0.176 0.397 0.552 0.551 0.308 0.306 0.378 0.305 0.253 0.276 0.314 0.161 0.371 0.379 0.291 1.165 2.754 2.384 1.772 1.711 1.362 1.068 0.879 1.136 1.413 1.521 1.287 1.339 1.466 1.400 1.289 0.918 1.654 2.636 5.056 6.468 3.547 2.071 2.059 2.919 5.111 6.147 7.143 7.712 7.574 9.320 12.081 18.349 28.302 25.208 18.871 24.465 32.912 42.221 42.107 44.875 48.793 37.374 26.485 27.108 38.845 51.089 18.517 29.223 42.785 26.856
0.185 0.184 0.191 0.268 0.274 0.274 0.274 0.274 0.274 0.310 0.368 0.426 0.560 0.517 0.508 0.632 0.997 1.267 1.543 1.832 2.096 2.301 2.485 2.682 3.192 3.686 2.372 1.686 1.428 1.047 0.845 0.841 1.122 1.700 1.453 1.254 1.416 1.530 1.431 1.421 3.277 5.150 5.291 4.975 3.020 1.781 1.779 1.622 1.678 3.906 6.420 6.732 7.002 7.489 8.866 10.936 14.083 23.492 32.034 30.406 31.978 36.534 34.789 30.827 41.222 45.609 37.528 39.789 45.029 50.157 34.856 34.685 49.514 33.719 14.144
0.226 0.226 0.240 0.200 0.238 0.238 0.237 0.237 0.250 0.355 0.409 0.488 0.569 0.560 0.568 0.709 0.990 1.243 1.516 1.740 2.178 2.230 2.493 2.883 3.347 2.245 1.366 0.945 0.740 0.487 0.588 0.872 1.316 1.488 1.447 1.322 1.311 1.245 1.770 3.262 4.501 3.959 3.189 2.877 2.807 2.678 2.682 2.499 2.310 4.009 5.641 6.540 7.033 7.368 8.886 12.053 12.528 19.756 32.179 39.633 40.625 41.281 34.663 28.993 27.625 31.878 43.118 50.721 46.110 38.085 32.184 53.272 36.803 19.169 5.485
0.267 0.267 0.268 0.198 0.205 0.196 0.196 0.196 0.297 0.414 0.424 0.411 0.371 0.506 0.573 0.724 0.746 0.654 0.658 0.663 0.668 0.664 0.747 0.840 0.969 0.837 0.616 0.612 0.519 0.551 0.618 0.767 1.119 1.385 1.341 1.235 1.230 1.067 1.322 3.075 4.235 3.023 1.952 2.431 2.218 2.362 2.390 1.985 2.756 4.716 5.559 5.609 6.443 7.340 9.417 12.692 15.295 24.070 31.003 35.104 43.258 39.901 31.625 30.901 38.422 49.692 59.252 52.466 31.689 22.133 40.351 43.256 35.541 23.615 11.585
0.208 0.251 0.251 0.251 0.210 0.215 0.215 0.259 0.374 0.423 0.392 0.313 0.242 0.364 0.699 0.862 0.723 0.678 0.680 0.614 0.595 0.583 0.594 0.622 0.653 0.622 0.563 0.553 0.459 0.453 0.747 0.910 1.216 1.407 1.318 1.259 1.282 1.070 1.033 2.934 4.346 3.104 1.984 1.871 2.011 2.108 2.197 2.581 3.578 4.568 4.890 4.555 5.283 7.389 9.648 10.665 16.710 25.134 33.674 35.453 33.193 38.258 46.634 51.544 49.971 48.341 41.849 35.564 39.016 41.609 49.793 43.163 29.072 19.770 18.776
0.193 0.218 0.209 0.210 0.242 0.257 0.259 0.375 0.381 0.379 0.224 0.111 0.074 0.466 0.828 0.803 0.730 0.734 0.645 0.587 0.584 0.612 0.612 0.611 0.618 0.590 0.495 0.530 0.459 0.360 0.772 1.340 1.437 1.344 1.328 1.326 1.330 0.922 0.813 2.857 4.465 3.280 2.121 2.018 2.348 2.407 2.523 2.747 3.412 3.880 3.810 3.772 4.917 7.885 9.821 9.562 14.157 22.619 29.627 39.427 43.599 43.165 38.749 38.571 42.854 36.348 36.159 57.109 50.146 39.075 41.905 18.747 27.136 13.278 21.545
0.259 0.194 0.191 0.207 0.196 0.263 0.279 0.264 0.207 0.132 0.000 0.000 0.143 0.543 0.815 0.841 0.797 0.692 0.608 0.604 0.589 0.590 0.651 0.709 0.770 0.490 0.334 0.547 0.378 0.457 1.137 1.624 1.446 1.355 1.279 1.185 1.256 1.009 1.491 3.107 4.567 3.248 2.139 2.302 2.467 2.381 2.306 2.454 3.015 3.346 3.858 3.764 3.958 4.316 6.883 10.618 11.606 16.249 21.257 27.897 31.496 33.130 27.072 25.315 27.041 33.190 48.546 58.896 46.618 34.315 39.139 35.835 31.373 33.639 29.127
0.162 0.151 0.191 0.191 0.165 0.151 0.125 0.042 0.117 0.066 0.000 0.000 0.143 0.599 0.914 0.840 0.809 0.727 0.592 0.598 0.598 0.654 0.861 0.997 0.828 0.305 0.280 0.367 0.339 0.618 1.483 1.735 1.389 1.169 1.030 1.114 1.526 1.789 2.411 2.896 3.209 3.572 2.732 2.448 2.101 2.112 2.040 2.472 2.962 3.468 4.118 4.866 5.670 5.253 4.337 4.046 7.765 9.095 11.191 15.524 18.322 17.592 14.220 10.858 13.933 24.389 46.961 57.271 55.442 54.089 52.594 50.107 32.923 45.161 40.464
0.110 0.128 0.104 0.180 0.084 0.000 0.000 0.067 0.116 0.029 0.000 0.000 0.142 0.598 0.958 0.947 0.858 0.697 0.584 0.622 0.785 1.005 1.059 1.004 0.528 0.275 0.274 0.172 0.325 0.793 1.629 1.789 1.317 1.075 1.042 1.023 1.548 2.595 2.435 1.898 1.932 1.756 2.544 3.276 3.252 2.225 1.610 2.377 3.139 4.100 5.219 5.986 6.206 5.671 5.122 6.719 10.713 11.556 13.078 12.222 12.188 15.328 16.059 18.752 26.046 29.532 39.151 27.750 32.865 45.753 49.106 32.385 22.051 17.737 14.135
0.180 0.136 0.134 0.095 0.134 0.095 0.095 0.135 0.100 0.000 0.000 0.000 0.140 0.602 0.959 1.009 0.937 0.719 0.733 0.913 1.056 1.068 1.042 0.861 0.347 0.274 0.274 0.268 0.235 0.887 1.741 1.832 1.351 1.040 0.946 1.029 1.475 1.929 1.993 1.978 2.022 1.615 1.714 2.760 3.589 2.972 1.845 2.642 3.597 4.752 5.942 6.660 6.744 6.066 6.551 9.781 10.863 12.125 13.894 12.147 15.737 21.858 24.417 28.231 31.617 57.681 57.810 52.264 35.573 16.875 41.126 53.964 50.615 42.507 36.855
0.191 0.191 0.191 0.002 0.095 0.095 0.095 0.095 0.000 0.000 0.000 0.000 0.071 0.601 0.983 1.009 1.020 0.960 1.062 1.078 0.952 1.004 1.032 0.617 0.282 0.285 0.281 0.281 0.308 0.794 1.811 2.050 1.389 0.957 0.983 0.927 1.431 2.051 2.061 1.977 1.982 1.313 0.863 2.803 3.932 3.015 3.028 3.673 3.971 4.428 6.072 7.766 7.609 7.304 6.921 7.517 8.462 12.949 12.679 12.994 23.574 26.754 26.389 31.224 46.910 53.907 40.057 56.887 77.884 55.748 39.464 63.349 46.041 30.630 32.804
0.213 0.095 0.135 0.095 0.000 0.000 0.000 0.000 0.000 0.000 0.000 0.000 0.070 0.596 0.983 1.004 1.132 1.224 1.197 0.900 1.017 1.083 0.761 0.581 1.050 1.663 1.966 1.700 1.330 1.109 2.550 2.816 1.523 0.481 0.842 0.936 1.882 2.427 1.844 2.094 2.779 2.690 2.016 4.493 6.998 4.710 5.451 5.064 6.327 5.423 7.361 4.186 7.904 8.568 9.607 10.218 11.408 14.051 15.478 25.056 30.030 28.078 40.171 47.266 30.386 43.316 55.757 55.011 44.823 69.420 37.995 36.320 57.679 38.096 25.291
0.333 0.198 0.118 0.190 0.114 0.095 0.000 0.000 0.000 0.000 0.000 0.000 0.070 0.576 0.998 1.130 1.247 1.255 1.274 1.218 1.004 0.922 1.042 1.317 1.703 2.155 2.642 2.555 2.226 1.928 2.945 3.175 1.950 1.730 1.717 1.463 1.700 1.697 2.202 2.744 3.086 2.432 2.982 6.855 7.266 5.649 4.962 6.045 6.201 8.921 10.113 11.244 10.841 9.235 9.745 12.191 14.053 13.910 16.011 23.164 27.827 37.716 52.213 44.135 31.137 39.727 57.312 49.625 17.168 47.875 53.789 17.917 40.800 43.047 32.862
0.397 0.356 0.315 0.385 0.295 0.214 0.095 0.000 0.000 0.000 0.000 0.000 0.070 0.581 1.118 1.233 1.257 1.294 1.244 1.239 1.270 1.055 1.047 1.295 1.663 1.746 1.556 1.843 1.966 2.035 2.983 2.987 1.615 2.791 3.273 2.923 1.116 1.004 0.912 1.238 2.606 4.407 5.560 6.255 5.972 5.869 5.499 6.096 7.106 10.163 7.298 10.295 7.318 9.056 9.671 11.304 14.011 17.635 19.821 22.185 33.494 44.790 54.165 23.874 48.770 40.637 66.801 40.486 31.157 29.598 55.897 33.066 38.538 39.693 25.952
0.365 0.408 0.375 0.304 0.317 0.355 0.292 0.189 0.154 0.154 0.155 0.155 0.169 0.715 1.245 1.233 1.288 1.337 1.278 1.296 1.341 1.102 1.166 1.435 1.876 1.799 1.458 1.794 2.009 2.123 2.331 2.699 2.110 2.648 2.819 3.385 3.815 2.740 2.038 1.927 3.523 4.799 5.076 5.360 5.917 6.144 6.172 5.722 5.535 5.313 6.898 6.166 8.564 8.354 11.815 15.269 24.886 31.307 32.271 27.123 31.240 55.739 47.786 32.843 43.659 57.616 58.658 41.969 45.104 19.240 38.848 45.610 15.921 42.835 35.696
0.317 0.483 0.497 0.439 0.501 0.507 0.590 0.490 0.483 0.482 0.487 0.578 0.691 1.032 1.311 1.392 1.412 1.439 1.443 1.345 1.058 1.151 1.132 1.452 1.844 1.844 1.515 1.776 2.066 2.214 2.712 2.820 2.905 2.707 2.657 3.337 4.468 5.689 4.554 4.641 4.296 4.472 5.369 5.434 5.211 6.506 5.983 4.682 4.946 5.678 8.744 10.709 9.681 9.702 14.214 24.361 35.642 36.438 37.853 37.135 40.621 57.251 53.730 44.874 35.534 44.840 43.898 49.546 34.844 20.439 31.740 45.137 33.679 31.333 37.034
0.329 0.370 0.467 0.559 0.650 0.719 0.723 0.656 0.656 0.622 0.851 1.005 1.203 1.305 1.355 1.443 1.462 1.468 1.325 0.930 0.804 1.171 1.463 1.632 1.708 1.702 1.690 1.369 1.714 2.048 2.935 3.316 3.156 2.913 2.639 3.109 3.905 4.444 3.829 5.113 4.372 4.887 6.472 5.366 5.200 5.602 5.823 5.970 6.637 7.912 10.688 11.456 8.993 11.216 17.096 28.345 31.340 33.778 36.827 49.757 59.023 61.519 31.764 44.009 49.895 38.412 40.275 33.784 14.795 16.349 25.082 40.538 46.063 1.377 38.737
0.373 0.370 0.286 0.356 0.370 0.471 0.590 0.664 0.651 0.618 1.003 1.167 1.254 1.290 1.376 1.347 1.482 1.384 0.887 0.647 0.802 1.163 1.562 1.638 1.613 1.622 1.856 1.492 1.447 2.252 2.890 3.436 3.346 2.667 3.108 2.608 3.081 2.798 2.686 3.925 3.700 4.232 5.120 5.515 5.494 5.538 6.915 7.579 6.859 7.488 10.303 12.872 14.519 13.234 15.605 25.878 32.014 40.970 48.736 43.407 52.960 50.390 54.261 17.905 41.501 62.335 44.703 33.215 31.179 15.496 8.102 23.003 36.683 30.933 3.176
0.370 0.379 0.381 0.370 0.337 0.299 0.410 0.500 0.531 0.650 0.911 0.927 1.014 1.246 1.323 1.358 1.286 0.979 0.559 0.651 0.802 1.257 1.603 1.567 1.621 1.661 1.765 2.031 1.896 1.924 2.135 2.631 2.534 3.065 3.136 2.262 2.873 2.681 3.040 4.332 4.194 4.873 4.306 5.303 6.113 6.620 7.498 7.402 7.776 12.341 14.765 17.703 17.444 15.698 20.900 20.197 30.645 45.529 52.356 48.783 41.162 29.499 43.465 59.376 27.912 32.510 60.264 46.619 29.451 21.403 7.000 21.205 30.710 28.923 29.768
0.370 0.297 0.382 0.369 0.376 0.370 0.363 0.370 0.378 0.555 0.692 0.729 0.869 0.982 1.148 1.118 0.984 0.773 0.763 0.634 0.776 1.298 1.647 1.629 1.639 1.582 1.674 1.949 1.920 1.876 1.960 2.329 2.943 3.667 2.523 3.121 2.709 4.006 4.348 4.457 5.577 4.986 4.644 6.203 5.449 6.390 9.688 9.733 13.093 16.186 15.012 17.527 18.836 24.152 26.987 27.721 21.416 33.182 45.571 47.105 51.851 52.558 25.456 43.150 50.241 46.030 26.066 37.029 43.604 31.325 22.172 16.723 33.287 37.708 27.915
0.376 0.377 0.370 0.351 0.328 0.345 0.307 0.307 0.308 0.419 0.635 0.745 0.761 0.946 1.008 0.952 1.056 1.034 0.669 0.351 0.630 1.352 1.702 1.748 1.765 1.623 1.694 1.890 2.106 2.220 2.064 2.216 3.595 3.592 3.845 4.192 4.143 4.522 5.957 5.381 5.995 4.645 5.424 6.079 6.440 8.735 10.192 12.428 14.997 14.149 14.760 18.677 24.246 31.423 31.159 31.703 35.187 34.526 44.468 44.293 37.811 53.167 52.547 17.622 47.995 47.188 46.892 32.956 21.621 42.098 32.428 13.814 31.956 34.062 31.579
0.274 0.347 0.347 0.377 0.377 0.309 0.307 0.307 0.274 0.403 0.744 0.734 0.735 0.951 1.095 1.045 0.966 0.700 0.358 0.340 0.545 1.351 1.917 2.263 2.251 1.498 1.346 1.880 2.254 2.330 2.416 2.629 3.621 4.852 4.510 4.110 4.321 3.641 5.091 4.995 4.678 5.249 6.323 6.935 10.010 8.917 10.016 14.839 16.177 15.067 15.722 20.895 30.744 31.904 39.098 35.525 44.494 54.226 40.552 29.650 23.887 36.774 60.586 60.377 28.150 20.135 43.365 42.548 28.630 21.850 34.204 27.586 9.759 12.040 21.629
0.353 0.274 0.274 0.293 0.352 0.367 0.362 0.332 0.274 0.529 0.741 0.730 0.764 0.879 1.087 1.080 0.812 0.612 0.656 0.656 0.831 1.841 2.542 2.551 1.997 2.124 1.715 2.250 2.740 2.801 2.784 2.639 3.556 5.024 4.776 3.987 3.381 3.149 3.259 3.692 3.967 6.392 7.143 9.842 11.065 11.014 17.994 20.114 19.047 16.886 21.273 27.321 29.772 44.214 51.548 50.927 46.369 45.245 32.818 33.739 43.140 31.466 45.408 55.304 42.720 34.621 22.688 20.003 37.115 12.388 34.475 21.939 12.384 7.764 4.198
