DFSS/03_Furuegawa/04_EXE_SIMU/01_RR_DR/output_misc/gradave.asc
ncols  168
nrows  308
xllcorner      10290.000
yllcorner     -12990.000
cellsize     30.000
NODATA_value -9999.000
[rows 165 to 197 of 308, columns 75 to 149 of 168]
15.921 15.310 14.996 11.610 5.421 8.894 14.074 17.659 23.843 21.817 32.034 44.271 58.080 82.254 39.336 48.739 74.360 69.910 75.643 56.214 80.312 84.285 48.982 51.786 81.304 77.723 48.259 54.353 86.013 66.900 43.509 71.305 74.731 44.149 36.907 17.926 30.909 37.436 16.287 30.378 31.853 23.524 23.088 19.361 23.292 17.717 15.226 14.045 12.922 14.633 20.162 13.144 6.108 8.641 9.913 11.135 11.494 5.503 1.732 3.943 2.307 10.188 17.015 12.615 4.062 9.523 9.711 14.910 7.508 2.393 3.117 7.927 14.785 6.395 16.014
18.044 17.644 20.055 16.673 11.547 9.035 18.422 24.520 18.282 39.225 44.065 48.296 71.835 90.604 43.164 26.783 44.182 80.659 49.347 45.919 72.702 55.267 24.432 26.580 66.570 83.847 73.829 78.639 67.045 35.103 36.723 24.694 24.943 11.226 34.037 25.502 18.792 36.560 32.918 20.515 36.946 10.884 17.314 23.586 23.603 16.282 18.639 19.825 20.936 21.147 19.718 9.909 4.295 8.663 2.874 1.198 0.678 2.755 10.250 10.402 10.043 12.043 12.085 10.092 4.834 7.707 11.369 11.259 7.521 1.975 2.180 10.943 14.077 11.752 6.165
26.935 28.262 32.498 27.126 21.749 12.119 15.243 19.690 35.512 31.206 46.153 63.455 94.284 60.216 27.092 20.283 19.509 36.644 37.372 39.864 39.028 26.699 25.833 22.858 20.930 40.925 69.006 64.001 34.305 33.816 19.981 32.521 25.613 13.137 32.719 24.878 2.350 28.156 43.075 24.557 23.395 28.300 8.294 13.773 17.207 19.444 12.870 20.093 14.639 12.420 7.143 9.183 4.604 3.071 11.766 11.995 11.034 10.156 11.932 16.593 11.027 6.453 15.902 11.240 6.720 4.535 10.576 6.937 1.902 1.140 1.718 1.978 8.718 12.852 15.597
33.178 45.603 39.193 40.009 28.825 12.645 7.089 9.212 25.037 50.549 64.768 70.732 62.659 36.311 24.628 22.119 15.565 28.021 24.288 37.206 29.703 35.203 33.043 16.670 17.311 12.185 42.177 36.553 25.182 25.886 26.315 34.686 19.257 11.220 33.103 24.163 19.202 5.224 30.261 32.877 16.778 13.416 14.520 15.333 16.528 19.066 15.820 11.975 3.811 6.941 7.428 15.199 9.459 12.951 12.483 7.461 10.098 13.566 8.148 10.333 12.834 14.113 11.367 3.062 9.234 10.676 6.128 0.669 2.000 1.283 2.711 5.054 14.397 11.512 13.364
33.682 32.264 25.755 34.849 34.153 14.964 7.209 23.250 45.213 60.959 67.831 63.416 46.109 29.178 17.846 26.841 12.374 27.875 22.006 28.571 39.094 37.003 29.090 11.086 15.700 18.549 28.786 20.827 16.650 23.946 39.839 24.819 16.629 6.283 23.621 22.661 20.907 23.154 1.460 17.410 21.490 12.591 11.356 20.054 18.044 12.290 15.891 7.066 4.405 4.115 1.872 10.302 11.802 8.765 5.246 4.387 6.627 9.062 9.419 8.619 11.016 12.076 10.000 12.792 11.372 10.251 1.528 1.848 4.316 1.685 6.105 14.860 17.143 13.960 11.901
30.802 19.262 7.903 52.054 36.866 4.001 16.474 35.876 44.142 50.349 60.883 55.271 38.781 24.214 11.673 27.763 7.804 24.747 29.524 26.432 26.217 26.472 17.775 17.097 11.620 16.161 22.343 13.456 17.007 30.845 23.986 31.879 34.084 9.088 17.986 16.796 17.400 18.620 10.508 9.695 17.565 14.043 18.506 20.298 17.626 11.699 10.039 12.539 15.714 9.942 2.348 1.051 6.713 4.974 4.033 3.528 3.350 5.036 8.977 4.059 4.008 6.979 7.521 7.387 8.759 1.512 0.687 7.253 11.026 4.694 12.074 16.513 14.255 6.924 5.399
31.513 22.596 33.604 52.721 0.611 9.049 19.777 34.058 45.756 43.476 60.330 51.419 28.705 28.271 6.997 29.461 4.122 16.033 19.259 33.380 33.108 25.260 10.965 18.937 12.815 16.159 21.626 11.541 20.149 25.175 23.204 23.574 40.928 20.074 20.648 17.601 12.925 12.937 14.010 14.751 13.603 20.191 17.614 19.859 17.228 6.749 2.787 2.991 5.932 13.716 9.633 1.397 0.940 1.552 1.221 1.444 2.890 3.560 3.628 3.126 2.987 3.894 7.234 4.633 2.021 3.211 8.057 13.074 9.102 17.026 15.030 15.520 6.271 3.473 4.659
30.488 24.321 42.564 51.714 38.927 51.935 32.306 19.815 35.827 64.722 82.849 50.757 30.592 26.546 7.732 31.060 3.082 29.735 29.415 23.405 23.487 35.544 9.393 18.173 7.448 16.759 20.335 10.851 8.029 19.711 17.439 22.529 34.973 26.924 13.604 31.209 15.431 14.607 14.236 17.987 13.320 24.236 28.571 20.542 8.756 2.317 7.009 12.869 16.512 10.418 3.306 0.692 0.138 3.572 1.611 2.247 4.584 4.878 1.533 2.620 10.377 12.977 17.022 15.446 13.324 13.691 14.269 9.060 11.096 15.960 11.100 7.131 4.226 8.236 8.123
31.990 20.636 30.220 40.243 66.506 67.844 59.086 34.045 17.998 83.526 95.503 42.225 31.973 24.936 21.574 33.879 7.689 35.818 31.598 22.217 27.052 29.713 10.783 15.425 10.307 14.851 13.264 14.257 7.999 23.363 26.187 30.087 29.633 14.016 20.663 20.116 34.201 19.406 17.367 19.462 23.859 27.768 21.272 10.166 7.199 9.342 12.775 12.604 6.045 1.598 2.170 2.287 3.639 10.535 10.829 11.731 10.211 7.203 3.946 13.501 15.021 8.363 4.545 11.061 17.477 16.843 13.901 13.724 11.111 7.208 5.534 4.481 12.130 11.058 14.490
36.698 18.938 28.338 22.044 49.990 38.989 65.418 72.594 82.392 99.196 63.327 39.047 33.732 31.646 22.437 42.686 13.617 30.433 30.679 27.695 30.676 26.957 6.112 12.198 19.522 14.762 18.068 7.723 4.793 27.460 30.188 31.923 6.997 26.904 16.983 12.231 30.664 19.199 18.511 19.634 20.870 10.683 8.803 14.606 8.403 11.051 8.871 3.139 3.439 7.437 6.371 5.879 9.045 13.496 22.807 23.368 16.199 11.975 11.078 19.427 3.774 14.083 12.003 8.983 8.539 3.614 1.797 2.522 2.513 9.570 9.010 9.784 13.430 6.762 11.039
40.827 16.202 30.087 21.582 37.848 26.816 52.907 71.376 78.269 66.021 37.022 31.419 39.191 34.248 14.191 40.152 12.967 32.531 31.111 28.277 23.366 12.362 7.264 10.671 17.458 13.965 13.976 15.924 10.186 23.939 25.557 34.338 7.480 19.985 17.999 8.712 30.152 25.932 20.817 12.214 6.252 11.310 12.302 10.823 9.692 7.186 1.501 6.451 11.700 16.076 15.664 12.587 11.785 21.436 17.850 14.898 23.590 13.044 14.929 6.306 19.701 10.225 6.566 12.951 9.314 14.721 13.281 11.505 10.614 15.704 9.599 6.459 8.564 8.842 7.549
49.782 18.827 33.897 25.859 36.944 53.350 39.729 38.300 38.229 45.085 24.986 28.527 40.761 25.920 25.069 32.761 14.093 23.354 23.401 32.646 24.533 3.047 13.372 9.103 14.912 19.465 9.627 14.882 16.400 26.446 27.251 31.529 12.195 22.144 16.588 21.266 12.712 24.192 31.930 17.108 6.339 7.285 7.879 5.160 7.749 5.032 5.435 10.150 15.862 17.046 18.571 19.868 16.607 16.951 3.168 12.871 11.440 11.546 3.157 16.359 16.111 9.562 5.142 10.180 17.872 19.377 11.644 10.165 17.373 10.488 8.318 6.935 10.254 11.270 10.979
52.766 25.427 34.751 46.090 40.575 55.046 31.931 33.713 36.457 28.186 27.141 22.230 47.861 8.254 39.795 18.460 24.755 22.467 33.803 35.772 16.040 10.621 14.740 7.309 19.364 12.242 14.013 3.415 24.272 24.695 21.466 25.777 12.226 19.926 9.173 32.572 23.927 34.941 25.991 6.967 5.718 2.089 1.552 2.215 3.596 5.409 6.863 9.920 13.038 6.967 6.897 11.509 14.353 6.839 11.327 15.017 6.097 16.317 13.150 16.516 11.617 7.545 4.891 14.531 17.592 11.735 11.508 10.422 14.693 13.083 14.902 11.391 17.253 17.467 12.839
41.107 33.634 53.883 59.053 44.457 50.412 26.865 34.059 38.902 27.047 25.179 21.176 34.869 7.493 22.736 22.169 31.667 21.098 23.033 35.522 24.252 10.823 13.959 8.355 16.030 17.498 4.209 25.034 31.327 24.964 30.706 21.084 16.393 19.248 21.552 24.674 30.668 27.639 12.008 11.028 7.825 2.205 3.007 2.866 2.183 5.459 6.175 8.959 8.837 10.765 4.340 4.688 3.374 7.745 18.053 10.090 9.896 15.045 11.456 9.534 5.098 5.525 9.468 6.275 4.930 1.839 6.337 9.397 5.416 7.860 16.107 12.587 15.810 10.487 10.123
48.010 37.362 53.454 51.855 44.713 21.343 40.636 27.219 30.889 30.202 22.094 24.490 30.892 10.041 11.640 31.720 27.996 19.461 15.970 31.618 25.546 9.533 12.109 9.930 11.716 9.206 9.775 32.171 27.214 13.825 6.262 22.223 16.570 11.379 27.651 15.479 18.457 15.858 12.647 11.943 4.705 6.477 2.876 0.754 5.455 8.624 10.012 14.364 13.081 6.313 4.930 14.506 14.724 14.387 13.367 10.953 15.095 5.253 14.256 11.101 2.838 6.097 14.684 17.003 15.283 9.017 1.989 3.278 0.730 2.050 8.565 13.302 10.713 4.288 1.221
38.499 36.112 30.071 32.889 41.433 20.216 21.429 48.515 41.649 16.874 26.435 30.612 25.416 16.617 27.672 30.142 12.514 24.411 18.366 28.597 25.575 9.097 12.164 12.570 15.492 12.864 6.719 23.348 35.094 30.065 27.661 18.962 17.648 14.657 26.333 19.853 12.498 13.447 14.982 8.287 8.702 6.135 4.197 3.592 11.781 13.564 15.111 10.500 2.064 5.885 13.190 14.807 10.038 13.033 8.943 15.468 11.003 13.763 11.787 3.936 2.520 5.019 11.121 15.584 11.251 14.753 9.183 4.194 1.686 3.264 4.437 7.596 2.629 2.824 4.328
38.612 35.440 24.315 26.214 34.584 36.217 24.449 29.374 46.571 22.030 24.474 30.963 12.227 16.951 28.514 17.533 12.884 25.721 19.316 23.087 23.175 15.174 18.115 19.306 18.407 12.315 7.506 11.161 14.627 16.937 16.903 25.959 9.340 26.800 24.225 17.632 14.182 13.000 6.325 10.013 11.710 0.971 9.819 11.018 16.760 13.010 7.458 5.847 12.980 12.231 13.065 13.091 12.765 9.354 13.695 16.231 9.119 7.470 2.876 0.637 3.347 11.022 8.324 11.649 18.541 10.582 8.033 2.341 6.843 4.193 4.199 2.210 4.400 7.954 4.473
44.647 23.492 10.509 23.012 31.540 41.421 41.081 39.604 48.020 33.948 26.328 24.153 7.832 14.741 21.330 18.154 19.794 17.002 17.534 14.942 21.332 23.541 14.614 14.010 4.792 13.914 17.697 13.674 13.970 15.946 17.305 13.889 24.107 33.605 22.392 11.908 18.644 6.492 8.062 11.324 7.168 8.220 9.926 14.434 11.900 4.449 9.161 17.481 15.560 12.773 14.677 14.073 8.832 3.989 13.404 8.689 4.475 7.960 2.182 6.152 8.030 11.413 4.437 15.853 11.223 11.969 8.061 11.286 2.257 8.904 10.471 7.174 6.792 11.283 4.013
34.532 18.769 17.333 9.160 2.726 21.378 37.194 48.072 46.114 33.624 27.140 18.671 11.006 17.497 20.567 15.412 20.488 17.877 19.066 13.017 23.194 21.963 4.614 8.947 9.619 16.108 17.680 10.541 9.462 9.759 9.700 15.114 34.219 24.864 14.834 17.316 15.900 5.643 7.985 4.933 5.753 8.855 11.144 9.780 7.634 6.641 20.443 18.590 12.383 10.072 8.226 7.307 3.198 3.643 2.979 4.582 8.702 14.209 9.577 13.718 10.225 7.991 0.546 8.028 8.810 10.855 14.810 9.106 5.336 11.030 13.764 15.841 10.253 11.802 8.081
32.370 28.628 23.135 35.956 26.788 25.514 25.787 32.776 30.166 23.056 12.179 23.317 13.474 20.951 16.657 18.482 13.133 4.716 11.896 8.843 18.093 21.074 10.898 12.606 14.362 10.578 12.062 17.227 17.502 16.501 17.946 25.649 23.489 8.908 2.640 6.147 5.422 11.908 9.969 10.232 5.804 10.240 9.435 14.035 5.862 17.834 18.239 10.268 6.767 3.273 1.418 0.875 4.136 9.653 5.918 10.043 9.219 11.254 18.191 12.295 8.636 1.478 8.502 13.962 8.392 9.591 12.028 8.261 7.633 15.374 9.393 16.088 18.215 12.543 16.246
73.446 36.769 29.193 37.120 33.774 37.520 28.649 20.010 12.990 14.595 10.586 13.517 18.255 20.349 12.282 11.159 17.759 27.995 18.491 13.795 8.924 19.375 25.929 3.671 13.342 13.803 12.953 7.743 14.997 14.396 16.808 6.837 8.253 18.081 21.345 16.086 15.908 2.826 11.178 13.729 11.902 14.427 14.897 8.848 9.088 18.847 17.240 11.501 7.326 3.008 5.148 7.335 12.060 13.591 9.698 10.271 16.001 10.722 2.185 9.454 9.133 9.439 14.621 11.827 7.568 7.785 8.879 4.597 11.231 13.336 6.703 4.550 10.840 2.533 4.011
79.200 54.359 45.528 33.139 50.869 33.695 24.920 28.894 29.245 30.301 21.709 6.968 13.826 12.698 0.805 22.462 31.077 25.931 19.827 20.873 26.143 19.666 24.109 20.959 4.415 12.874 19.233 23.957 16.399 1.747 10.762 24.282 27.394 29.578 19.554 22.941 26.097 15.375 4.959 4.064 10.123 8.013 2.255 15.295 21.908 17.276 10.725 6.960 7.632 3.416 8.946 14.585 18.737 13.471 16.245 13.014 7.820 14.977 19.042 14.459 11.833 11.558 10.183 5.260 5.701 6.453 4.769 12.396 6.315 8.007 9.049 6.946 3.996 12.645 15.180
56.363 62.953 46.244 42.207 50.684 44.413 42.106 32.500 25.265 25.012 29.486 19.650 8.091 1.412 18.252 37.911 34.014 31.106 24.875 32.778 26.928 20.650 24.593 21.145 15.654 34.860 32.232 30.962 30.842 28.511 25.720 22.898 21.163 27.919 18.574 21.240 26.591 24.178 17.544 14.348 9.135 5.836 15.464 18.716 14.132 10.493 6.141 5.313 3.409 7.293 10.825 14.058 11.531 2.940 4.151 7.308 19.880 18.790 6.640 4.384 6.615 5.093 2.698 1.903 5.490 12.649 18.536 19.188 15.296 12.982 8.105 4.395 12.010 14.516 11.039
31.095 61.211 55.997 50.401 47.119 44.175 27.419 25.971 29.067 28.596 26.271 20.398 7.690 20.786 38.274 45.625 49.225 43.496 44.267 43.778 24.389 26.519 23.864 12.730 23.959 27.565 24.286 20.301 22.947 31.516 25.436 13.781 26.053 22.990 24.831 19.265 20.785 18.000 25.227 15.391 15.356 6.993 17.187 14.118 5.670 2.824 2.626 1.799 3.842 6.528 8.306 12.284 1.936 13.931 10.550 12.985 11.810 2.752 7.590 12.614 14.607 14.774 16.652 16.585 16.614 14.361 11.215 6.707 7.862 4.248 13.034 18.538 20.010 16.003 13.663
40.396 39.760 59.080 60.525 43.972 50.399 54.841 33.458 24.777 24.434 27.647 13.484 23.076 34.212 50.954 53.682 52.247 38.137 35.692 45.366 48.200 24.339 18.600 8.222 18.539 23.232 18.972 12.815 6.935 16.736 22.341 10.850 34.604 17.199 22.378 18.107 17.388 20.463 19.204 22.697 12.345 4.925 13.338 8.341 3.079 4.672 2.768 2.909 4.127 5.321 12.847 9.453 4.594 13.458 9.705 11.146 12.601 14.433 14.171 10.719 9.209 9.104 6.814 6.945 5.250 9.664 11.549 15.080 17.389 18.367 19.277 17.780 13.709 16.492 10.156
30.050 25.963 46.777 59.324 58.065 53.775 56.759 40.808 32.958 17.746 12.074 18.722 35.837 53.907 58.209 53.852 44.381 16.562 25.349 48.567 41.314 21.993 21.975 12.147 13.007 22.253 18.628 22.642 16.750 8.593 17.325 21.586 36.017 8.159 28.993 24.220 9.756 25.400 16.886 24.233 18.666 5.411 15.229 13.203 8.325 2.744 4.993 2.587 6.447 12.978 12.678 4.229 4.843 4.682 8.279 7.464 10.543 4.586 5.633 11.889 12.153 12.042 14.775 15.818 17.529 13.030 12.770 13.974 13.452 9.346 7.683 5.018 4.140 2.671 2.750
11.760 16.567 47.419 82.568 65.161 47.041 48.490 49.187 24.439 24.067 18.154 34.584 48.005 57.760 50.850 45.561 32.804 35.745 50.319 49.361 33.119 22.640 15.287 9.823 6.274 15.578 15.240 23.991 34.317 14.064 18.391 20.580 29.652 14.790 32.769 16.560 27.704 23.376 29.757 26.280 18.315 12.006 6.610 10.559 12.565 9.350 0.472 5.437 10.694 11.759 1.812 6.270 12.017 11.492 9.553 8.017 6.708 15.294 14.500 12.360 9.264 10.579 8.495 9.447 9.454 7.131 7.604 8.400 6.079 6.941 9.011 8.851 5.037 4.713 10.875
28.088 35.086 50.679 75.535 64.963 41.301 42.683 27.399 48.207 47.603 35.499 47.607 52.965 49.542 38.568 38.607 17.253 48.088 54.612 52.847 26.188 12.477 8.258 3.320 2.400 10.355 11.828 20.301 27.316 30.324 10.541 23.362 25.260 19.873 38.496 34.202 39.322 23.357 37.886 21.612 16.486 19.745 4.917 13.216 10.785 1.537 2.506 10.055 9.981 4.546 3.871 13.817 10.293 7.876 10.671 10.681 12.349 12.687 5.913 4.682 5.355 3.190 2.177 7.186 7.950 7.801 6.294 4.170 5.556 4.408 4.373 9.385 11.161 9.769 7.743
29.811 32.229 37.478 58.921 60.788 41.061 34.258 55.604 53.466 48.899 49.503 45.532 51.516 39.788 45.424 36.483 37.512 54.641 52.746 41.671 20.483 13.197 15.613 7.911 2.680 14.584 21.752 17.119 14.725 22.882 25.449 34.098 27.384 35.386 22.275 38.181 32.974 46.498 24.209 25.977 27.382 18.002 7.804 9.082 13.289 3.320 9.244 11.514 4.781 1.616 8.635 13.005 4.939 5.061 6.555 6.226 8.920 2.881 3.509 4.222 3.782 6.819 13.085 13.595 8.992 8.021 7.584 5.064 7.670 12.030 15.543 12.283 6.394 2.176 4.271
22.782 19.295 30.539 53.512 62.593 37.956 32.483 45.647 42.926 38.931 42.704 30.343 44.838 46.376 48.608 17.415 45.290 35.606 39.399 47.226 35.429 28.293 29.731 19.202 9.788 20.124 18.809 20.893 28.511 25.604 27.220 35.432 31.975 28.246 18.910 35.841 28.721 44.520 29.758 14.000 30.273 24.836 13.714 7.683 13.743 8.678 13.218 6.333 1.787 1.129 9.797 10.972 10.720 11.637 14.704 11.337 7.811 6.863 4.637 9.291 15.469 16.627 14.499 8.157 4.747 4.721 6.529 6.629 10.072 10.663 5.900 3.150 2.740 8.500 12.436
18.851 25.262 39.111 58.366 41.786 42.679 35.752 45.403 41.725 36.665 35.125 25.928 44.305 44.377 31.104 30.667 43.318 36.369 50.264 38.358 35.534 49.942 28.782 26.951 19.229 25.688 28.414 24.012 27.835 26.307 26.819 32.493 42.757 12.444 34.010 10.447 43.357 27.262 21.874 26.188 25.068 19.607 15.756 5.080 8.780 10.237 6.342 0.620 4.012 2.949 1.729 8.734 1.971 4.118 8.357 8.785 4.811 5.614 14.239 17.929 15.226 11.273 4.138 3.350 3.934 4.209 3.947 1.487 1.832 0.895 4.183 7.527 9.913 12.687 9.667
18.112 23.879 36.049 40.908 52.391 51.900 42.608 39.489 41.223 43.914 33.981 20.541 43.899 35.951 18.396 51.555 46.505 46.101 25.553 36.284 61.493 47.385 44.093 27.056 23.417 20.596 19.560 26.596 24.087 30.132 34.142 44.194 39.201 11.705 30.091 53.562 48.026 35.501 32.350 13.717 25.640 26.651 18.450 6.436 2.870 2.667 4.450 10.820 9.659 3.794 5.439 16.218 19.267 17.414 15.269 16.574 17.740 17.770 16.971 12.880 10.082 4.356 4.833 4.077 5.465 6.451 5.056 9.191 13.003 8.430 12.033 10.722 15.637 10.215 8.861
20.880 18.790 21.041 33.809 41.513 37.214 37.917 29.484 29.391 41.606 39.906 19.732 47.063 31.076 24.381 47.311 44.505 31.399 50.061 56.183 52.232 44.680 55.204 43.382 30.828 9.224 26.492 28.574 34.124 28.307 40.217 54.395 36.531 17.234 40.779 59.956 50.245 37.165 25.077 33.105 27.134 25.709 9.575 10.643 12.909 10.893 15.559 14.546 9.453 11.637 24.386 23.777 14.439 13.433 14.092 14.887 11.602 8.896 6.638 7.568 4.195 3.252 4.126 4.927 6.180 4.053 9.807 13.455 13.525 17.377 17.099 12.878 5.159 3.354 4.580
