xy=(130.670695 31.557406)
xy=(31255 -159905)