xy=(130.725174 33.428614)
xy=(-25565 47535)