DFSS/01_Terauchi/01_SET_BASIN/01_RR_DR/dem_30m.asc
ncols        372
nrows        253
xllcorner    -26340.000000000000
yllcorner    43260.000000000000
cellsize     30.000000000000
NODATA_value  -999
[rows 228 to 246 of 253, columns 215 to 257 of 372]
245.0532684326171875 245.969757080078125 252.76080322265625 261.645721435546875 262.861724853515625 264.609588623046875 274.031890869140625 282.223907470703125 278.238861083984375 268.66064453125 267.0341796875 270.783538818359375 279.019927978515625 290.43682861328125 298.86181640625 309.0750732421875 317.26361083984375 327.383819580078125 334.750762939453125 343.6317138671875 348.63409423828125 351.406280517578125 363.156585693359375 377.006591796875 390.660919189453125 396.97332763671875 376.79718017578125 362.988677978515625 360.64501953125 357.8189697265625 340.57012939453125 325.722869873046875 322.8299560546875 328.4642333984375 330.68975830078125 329.5347900390625 328.286590576171875 325.311492919921875 337.329193115234375 341.5433349609375 337.06475830078125 331.295562744140625 332.872161865234375
252.7124176025390625 245.948944091796875 246.1165924072265625 250.7192535400390625 252.5759124755859375 253.07305908203125 255.3978118896484375 258.565216064453125 262.091339111328125 263.32843017578125 273.924285888671875 288.282470703125 294.20989990234375 308.1722412109375 318.228607177734375 325.5811767578125 332.070953369140625 341.1971435546875 350.783233642578125 356.169342041015625 349.966064453125 351.897674560546875 356.45263671875 365.316619873046875 369.822509765625 369.972686767578125 355.69219970703125 347.482177734375 347.464080810546875 350.95843505859375 340.050079345703125 323.068115234375 316.285400390625 320.839263916015625 321.92364501953125 319.14154052734375 316.855926513671875 318.83746337890625 327.062255859375 326.929107666015625 326.844879150390625 324.6680908203125 322.38165283203125
270.1754150390625 257.88433837890625 247.635467529296875 246.4770660400390625 248.2077484130859375 249.657073974609375 250.57757568359375 254.4474639892578125 258.297088623046875 264.68017578125 276.4598388671875 297.545562744140625 306.950775146484375 318.960174560546875 327.201141357421875 336.97119140625 347.60406494140625 358.0906982421875 357.64300537109375 346.617340087890625 334.625701904296875 332.993408203125 336.9110107421875 350.46246337890625 355.06695556640625 350.06103515625 336.490997314453125 332.26611328125 330.319854736328125 336.859710693359375 332.597320556640625 313.9051513671875 310.92645263671875 314.613250732421875 316.423614501953125 313.8868408203125 310.919769287109375 314.975860595703125 320.250091552734375 316.77032470703125 316.536956787109375 315.17242431640625 313.9747314453125
277.99468994140625 265.101837158203125 254.869384765625 249.5794525146484375 250.843505859375 253.5180206298828125 250.903472900390625 254.4140472412109375 258.465240478515625 262.97430419921875 268.4012451171875 281.566253662109375 296.05218505859375 308.413604736328125 320.833404541015625 330.243011474609375 338.515533447265625 340.8955078125 336.121002197265625 327.253631591796875 316.47576904296875 316.546295166015625 325.391265869140625 335.78631591796875 334.686126708984375 330.49468994140625 320.74005126953125 318.1070556640625 316.497528076171875 320.42694091796875 320.7098388671875 307.315826416015625 306.54754638671875 309.045806884765625 311.4522705078125 309.840362548828125 305.799835205078125 307.993682861328125 311.069305419921875 310.071075439453125 310.483489990234375 308.01177978515625 305.912628173828125
281.356292724609375 271.579681396484375 260.3035888671875 257.63421630859375 257.818695068359375 256.882537841796875 253.2510223388671875 254.2971038818359375 257.301025390625 259.576873779296875 263.6475830078125 267.02423095703125 275.859466552734375 288.474761962890625 301.766632080078125 313.050537109375 317.657196044921875 318.101715087890625 314.57244873046875 310.5087890625 298.106781005859375 310.672943115234375 318.959228515625 317.30810546875 317.49261474609375 316.1839599609375 308.715576171875 308.24212646484375 307.236083984375 308.7152099609375 308.297271728515625 303.793609619140625 302.3033447265625 304.8829345703125 305.92041015625 304.7081298828125 301.00238037109375 301.478179931640625 301.306396484375 300.69927978515625 300.226715087890625 299.97332763671875 303.05389404296875
284.155548095703125 281.818359375 274.08697509765625 268.3118896484375 266.1328125 262.82080078125 257.473114013671875 253.856231689453125 256.336151123046875 258.0335693359375 258.996124267578125 260.647430419921875 264.793487548828125 269.790252685546875 280.534454345703125 290.177764892578125 297.26995849609375 297.49090576171875 294.375274658203125 291.423583984375 287.4537353515625 304.03314208984375 305.0938720703125 298.318450927734375 304.306243896484375 304.41302490234375 301.951385498046875 301.749664306640625 301.13568115234375 301.025543212890625 301.070037841796875 298.703582763671875 298.894927978515625 299.36566162109375 299.899078369140625 298.66217041015625 295.228424072265625 293.065155029296875 295.833892822265625 296.843505859375 297.674163818359375 302.585540771484375 307.557708740234375
275.106842041015625 285.961090087890625 281.583587646484375 277.5399169921875 273.46331787109375 270.86773681640625 263.22943115234375 257.19061279296875 255.72479248046875 256.99365234375 258.981689453125 260.237518310546875 261.381988525390625 264.546417236328125 268.845367431640625 273.2705078125 275.343780517578125 275.332733154296875 275.09552001953125 276.630950927734375 279.687835693359375 285.74676513671875 287.049560546875 286.756988525390625 290.016815185546875 288.594696044921875 289.618865966796875 291.140350341796875 291.1572265625 291.335693359375 293.86932373046875 294.46826171875 294.439849853515625 295.46368408203125 294.784698486328125 291.218170166015625 289.92877197265625 293.079925537109375 296.3380126953125 300.1890869140625 302.3133544921875 308.87725830078125 314.981353759765625
267.72698974609375 280.79266357421875 290.891082763671875 285.729095458984375 279.9656982421875 276.780853271484375 270.090972900390625 261.60321044921875 258.65106201171875 259.052703857421875 260.985260009765625 264.63433837890625 264.521759033203125 264.157012939453125 264.157012939453125 264.768798828125 266.665496826171875 267.41693115234375 268.976593017578125 270.56378173828125 271.652069091796875 276.948333740234375 279.538177490234375 281.214630126953125 283.08544921875 282.928009033203125 283.183074951171875 283.936126708984375 284.539581298828125 285.342041015625 288.93792724609375 290.4754638671875 290.613677978515625 290.523956298828125 290.134765625 288.33636474609375 291.07080078125 294.903594970703125 298.392120361328125 302.207977294921875 307.222686767578125 311.45281982421875 315.206390380859375
275.4957275390625 279.147705078125 294.1119384765625 289.9993896484375 286.5758056640625 279.643157958984375 276.336395263671875 271.561065673828125 264.94586181640625 265.307830810546875 269.2623291015625 270.418212890625 269.9117431640625 268.9407958984375 268.04736328125 266.97918701171875 266.787384033203125 266.690826416015625 266.988372802734375 268.6016845703125 269.016021728515625 269.665283203125 271.835968017578125 274.24017333984375 275.6644287109375 275.877044677734375 276.52923583984375 277.79364013671875 279.065093994140625 280.47601318359375 282.8497314453125 284.281646728515625 284.659271240234375 285.5445556640625 286.115631103515625 290.80096435546875 295.301055908203125 298.70849609375 301.6318359375 303.5574951171875 307.24652099609375 310.59649658203125 313.3533935546875
273.924896240234375 287.29351806640625 298.37860107421875 296.142669677734375 288.592742919921875 283.84912109375 281.396697998046875 276.03369140625 267.5352783203125 271.271484375 281.51678466796875 282.781036376953125 282.700775146484375 281.497589111328125 280.4896240234375 276.4967041015625 274.2762451171875 271.320556640625 269.503814697265625 268.819732666015625 269.776214599609375 270.978485107421875 272.794464111328125 274.441986083984375 274.92242431640625 275.927459716796875 277.187042236328125 277.9278564453125 278.855560302734375 279.92755126953125 282.204864501953125 284.184600830078125 285.90155029296875 288.234466552734375 292.54193115234375 299.61334228515625 303.0799560546875 307.071563720703125 309.40765380859375 306.168731689453125 310.0655517578125 315.429351806640625 319.28009033203125
271.00689697265625 289.424468994140625 300.530181884765625 292.92767333984375 281.8397216796875 269.0972900390625 272.4241943359375 273.271484375 266.74139404296875 273.497344970703125 283.693023681640625 288.500457763671875 288.035552978515625 285.90887451171875 285.057342529296875 284.2293701171875 283.158599853515625 281.5059814453125 278.74688720703125 277.629302978515625 277.6956787109375 277.658050537109375 277.610504150390625 278.40667724609375 278.45770263671875 278.491546630859375 279.2197265625 279.63165283203125 281.0118408203125 282.815948486328125 285.843719482421875 288.17657470703125 289.4708251953125 294.55157470703125 301.62554931640625 308.763916015625 310.412353515625 316.144989013671875 319.528411865234375 313.843231201171875 310.258087158203125 315.2554931640625 320.014617919921875
270.175933837890625 283.12957763671875 297.131866455078125 288.50579833984375 278.410064697265625 261.607635498046875 261.351409912109375 267.930999755859375 263.952484130859375 270.025146484375 276.595062255859375 285.49981689453125 291.31866455078125 290.386474609375 289.61279296875 288.520904541015625 287.2860107421875 285.13818359375 283.48065185546875 285.55987548828125 285.534088134765625 285.162628173828125 284.661712646484375 284.113800048828125 284.1746826171875 284.235321044921875 285.70245361328125 286.01165771484375 287.035125732421875 287.195709228515625 289.35089111328125 295.091217041015625 298.55047607421875 306.05950927734375 312.710235595703125 316.2271728515625 319.03662109375 322.588714599609375 324.8890380859375 321.8321533203125 317.33538818359375 315.748687744140625 317.783782958984375
274.508209228515625 286.0751953125 295.151275634765625 284.598724365234375 274.608734130859375 258.771636962890625 251.926116943359375 257.108306884765625 259.889190673828125 264.734588623046875 266.612823486328125 274.063385009765625 287.40606689453125 290.709320068359375 291.51361083984375 292.4693603515625 290.852203369140625 283.50567626953125 284.852264404296875 292.5240478515625 295.51641845703125 294.6728515625 293.75115966796875 292.150054931640625 292.385345458984375 292.3802490234375 294.439910888671875 296.45159912109375 295.07586669921875 292.792236328125 297.2166748046875 306.00030517578125 311.353759765625 316.097076416015625 320.10284423828125 324.337554931640625 327.5860595703125 328.7642822265625 332.3623046875 333.219482421875 327.24755859375 322.873748779296875 322.815399169921875
278.8262939453125 291.11834716796875 290.399993896484375 278.26373291015625 265.960357666015625 256.82330322265625 249.38128662109375 249.9182586669921875 255.290863037109375 259.0611572265625 261.083343505859375 268.049835205078125 273.407562255859375 270.70648193359375 277.818084716796875 289.7010498046875 281.854705810546875 273.351654052734375 285.9805908203125 297.904998779296875 300.30206298828125 301.364288330078125 302.64971923828125 302.426544189453125 302.958038330078125 303.035919189453125 302.779541015625 305.462249755859375 304.601409912109375 299.63775634765625 301.68896484375 311.903350830078125 319.0103759765625 322.44915771484375 325.419158935546875 329.801971435546875 334.92303466796875 340.1492919921875 342.063201904296875 341.285064697265625 337.50726318359375 335.17462158203125 333.620574951171875
287.08087158203125 291.9649658203125 292.414947509765625 284.337066650390625 272.4677734375 264.211578369140625 254.8233795166015625 241.6554718017578125 250.6399688720703125 254.0957489013671875 254.8213958740234375 257.306549072265625 261.045562744140625 264.547607421875 280.079254150390625 281.059478759765625 268.650482177734375 267.545806884765625 278.81463623046875 283.185760498046875 281.805328369140625 279.839202880859375 287.305206298828125 299.05694580078125 300.431793212890625 300.7952880859375 308.57257080078125 311.17431640625 310.640350341796875 305.7276611328125 302.30682373046875 311.6888427734375 318.897308349609375 321.228179931640625 322.925079345703125 326.0458984375 332.672210693359375 340.658843994140625 345.531829833984375 348.36297607421875 346.91845703125 344.342559814453125 343.73834228515625
290.7713623046875 286.202606201171875 286.972381591796875 290.299530029296875 277.9073486328125 261.012664794921875 246.344024658203125 236.5737457275390625 245.030120849609375 247.8215179443359375 248.2721405029296875 252.83343505859375 256.63104248046875 265.4561767578125 283.24139404296875 273.60443115234375 258.66961669921875 259.207366943359375 265.829345703125 267.438140869140625 265.12481689453125 262.54034423828125 270.730499267578125 278.4573974609375 278.724609375 286.6734619140625 300.91802978515625 306.230133056640625 300.812255859375 301.23809814453125 305.0697021484375 305.0445556640625 307.961669921875 310.43218994140625 314.37420654296875 319.61761474609375 324.945037841796875 333.40765380859375 342.795379638671875 351.1680908203125 353.13885498046875 351.617919921875 352.188934326171875
273.005889892578125 278.358306884765625 280.0169677734375 282.11181640625 278.706085205078125 263.708740234375 248.2832794189453125 235.23651123046875 234.6239776611328125 237.5872650146484375 248.7640228271484375 254.47955322265625 258.855560302734375 275.17388916015625 280.84307861328125 266.453460693359375 253.9835052490234375 250.5433197021484375 250.54736328125 251.79351806640625 253.05157470703125 254.523468017578125 256.837493896484375 260.348114013671875 270.52117919921875 284.4185791015625 292.7872314453125 293.152435302734375 288.129364013671875 302.729766845703125 310.013275146484375 310.093048095703125 309.5740966796875 310.619659423828125 311.397674560546875 315.5098876953125 319.726104736328125 328.4915771484375 336.961883544921875 346.8779296875 352.18951416015625 356.973175048828125 359.950775146484375
263.7763671875 270.85986328125 271.5302734375 269.02862548828125 267.9012451171875 255.508453369140625 242.3627166748046875 229.167449951171875 228.4883270263671875 237.6282501220703125 249.7105255126953125 255.7918243408203125 264.736968994140625 279.38092041015625 275.628814697265625 263.063079833984375 248.53466796875 239.6407928466796875 243.181304931640625 245.9821319580078125 247.8767852783203125 251.018890380859375 266.2581787109375 278.117584228515625 289.1942138671875 285.398193359375 283.95184326171875 280.1983642578125 289.695404052734375 305.613800048828125 308.998931884765625 304.261810302734375 309.157012939453125 305.39190673828125 310.5140380859375 311.588531494140625 315.899688720703125 325.139678955078125 331.25872802734375 335.73248291015625 340.463836669921875 350.8905029296875 360.886688232421875
262.713592529296875 271.83544921875 266.486663818359375 252.5600738525390625 250.4570159912109375 245.2274627685546875 232.0198211669921875 223.93017578125 221.865509033203125 233.235443115234375 241.6029205322265625 248.46807861328125 262.951141357421875 274.068817138671875 261.196075439453125 254.9371185302734375 240.416259765625 237.3729705810546875 252.1566925048828125 261.57049560546875 262.76312255859375 265.170257568359375 276.458831787109375 287.51666259765625 288.89678955078125 275.69256591796875 276.67010498046875 275.77923583984375 297.77899169921875 298.87933349609375 298.29815673828125 289.11383056640625 295.451629638671875 291.040283203125 295.608642578125 300.25592041015625 312.73046875 322.490875244140625 325.173187255859375 326.7528076171875 330.88397216796875 337.766143798828125 346.361572265625
