DFSS/01_Terauchi/01_SET_BASIN/01_RR_DR/dem_30m.asc
ncols        372
nrows        253
xllcorner    -26340.000000000000
yllcorner    43260.000000000000
cellsize     30.000000000000
NODATA_value  -999
[rows 38 to 56 of 253, columns 129 to 171 of 372]
463.675567626953125 479.907257080078125 490.26422119140625 500.564788818359375 501.6837158203125 485.4967041015625 468.055023193359375 453.2586669921875 430.894561767578125 409.667816162109375 390.1734619140625 406.793701171875 431.26123046875 453.985107421875 472.873016357421875 475.9364013671875 460.624420166015625 441.607452392578125 418.89892578125 419.424407958984375 424.4962158203125 416.4576416015625 406.164520263671875 386.574676513671875 357.998291015625 358.937347412109375 344.414794921875 358.281829833984375 384.388092041015625 409.534881591796875 432.8177490234375 452.587921142578125 468.02471923828125 467.053802490234375 459.756103515625 465.021240234375 461.762481689453125 450.0400390625 436.306610107421875 421.02996826171875 396.682342529296875 376.6650390625 351.412933349609375
451.30126953125 468.5394287109375 470.741973876953125 485.9451904296875 495.404022216796875 478.70135498046875 466.232421875 453.0343017578125 431.8582763671875 411.327423095703125 386.32379150390625 388.213226318359375 410.67120361328125 431.861602783203125 449.37774658203125 468.496124267578125 461.3963623046875 441.747528076171875 419.68426513671875 407.3779296875 403.133056640625 403.355865478515625 397.9852294921875 378.15185546875 353.6925048828125 343.242706298828125 335.3970947265625 353.8759765625 379.631927490234375 405.0572509765625 425.8607177734375 447.223419189453125 459.309112548828125 448.159149169921875 434.603912353515625 454.880767822265625 457.005279541015625 443.676513671875 432.18994140625 413.45068359375 392.854705810546875 373.2249755859375 350.140411376953125
446.031463623046875 449.830657958984375 459.076263427734375 483.2249755859375 491.757904052734375 472.775604248046875 460.3106689453125 444.515838623046875 427.809417724609375 410.61376953125 386.962493896484375 372.91839599609375 390.647216796875 406.096282958984375 427.736907958984375 450.397674560546875 457.673980712890625 444.51507568359375 424.603912353515625 408.454498291015625 394.98443603515625 380.467498779296875 377.63848876953125 368.4361572265625 352.807403564453125 333.983642578125 331.1304931640625 356.711700439453125 381.25048828125 408.142730712890625 429.47723388671875 441.62847900390625 435.3636474609375 417.325103759765625 422.768829345703125 447.50958251953125 453.38232421875 438.3431396484375 424.976226806640625 405.992279052734375 387.639312744140625 372.578155517578125 353.2423095703125
431.63153076171875 441.630523681640625 458.68072509765625 482.699981689453125 489.769683837890625 472.883758544921875 459.986572265625 442.016326904296875 427.226104736328125 409.499053955078125 386.105377197265625 366.555419921875 370.5078125 388.610076904296875 409.858795166015625 431.435211181640625 443.259033203125 444.063507080078125 426.956024169921875 407.45172119140625 389.733978271484375 375.840118408203125 362.82220458984375 358.662841796875 346.38690185546875 325.315643310546875 333.337799072265625 356.53460693359375 382.456329345703125 411.3131103515625 428.075408935546875 423.8265380859375 415.30828857421875 396.236083984375 417.9613037109375 446.057708740234375 451.27374267578125 436.745513916015625 418.880615234375 399.545867919921875 385.72802734375 373.30078125 353.95166015625
424.305023193359375 444.04852294921875 458.690887451171875 475.961761474609375 484.771697998046875 473.3031005859375 462.44317626953125 446.064056396484375 431.207916259765625 413.287445068359375 386.903594970703125 364.495758056640625 356.629913330078125 372.3096923828125 395.37799072265625 407.664093017578125 416.863189697265625 429.406005859375 426.83355712890625 406.950836181640625 380.781524658203125 369.671295166015625 358.69488525390625 344.890533447265625 339.66998291015625 316.088348388671875 326.7508544921875 354.67974853515625 375.870361328125 403.563079833984375 415.413055419921875 402.86639404296875 387.211822509765625 384.48388671875 412.346435546875 443.983978271484375 450.803466796875 436.92669677734375 416.22625732421875 397.50506591796875 384.874420166015625 372.598388671875 352.887725830078125
426.843536376953125 443.07281494140625 452.878631591796875 460.7259521484375 472.17498779296875 470.722930908203125 462.592864990234375 447.225982666015625 432.06988525390625 413.601043701171875 389.390350341796875 368.1861572265625 349.234344482421875 356.664947509765625 371.41107177734375 384.981781005859375 395.352569580078125 409.305084228515625 416.884613037109375 409.377960205078125 385.816162109375 362.54736328125 355.052215576171875 335.816314697265625 333.63232421875 311.87457275390625 322.4927978515625 352.9434814453125 375.06500244140625 396.305084228515625 399.276336669921875 379.41009521484375 365.77783203125 382.111419677734375 406.41015625 435.271331787109375 449.133087158203125 434.078643798828125 412.015625 394.821624755859375 382.01287841796875 368.6839599609375 350.185760498046875
417.6290283203125 434.99810791015625 432.846343994140625 444.23431396484375 458.813232421875 460.37493896484375 457.0810546875 446.620880126953125 433.060516357421875 415.958251953125 394.789947509765625 375.24322509765625 353.284332275390625 341.20428466796875 350.543243408203125 368.411376953125 378.370391845703125 394.776397705078125 409.683990478515625 409.498138427734375 387.9000244140625 364.2891845703125 343.272674560546875 327.67742919921875 324.14697265625 311.76812744140625 313.094818115234375 340.15087890625 363.28271484375 384.587921142578125 377.01739501953125 359.675079345703125 355.79681396484375 380.326446533203125 400.275543212890625 423.908203125 442.45599365234375 428.379119873046875 406.769805908203125 388.660369873046875 374.2940673828125 355.91717529296875 337.65625
409.1204833984375 421.45025634765625 423.56146240234375 437.275848388671875 450.0450439453125 440.913787841796875 440.535980224609375 440.96014404296875 434.53607177734375 422.784820556640625 405.908660888671875 383.292449951171875 361.53009033203125 344.97265625 336.872772216796875 350.27197265625 363.300872802734375 382.032928466796875 399.990875244140625 405.992034912109375 386.156585693359375 363.610260009765625 341.886444091796875 323.8138427734375 310.9200439453125 306.367889404296875 299.55560302734375 322.266357421875 344.429656982421875 366.82745361328125 356.587921142578125 338.30938720703125 352.585601806640625 374.490936279296875 393.371795654296875 416.6944580078125 429.7852783203125 418.271636962890625 402.2196044921875 382.7298583984375 363.109649658203125 347.795654296875 333.177703857421875
396.89697265625 407.7847900390625 422.727264404296875 437.633819580078125 446.208282470703125 429.9998779296875 419.211456298828125 422.723419189453125 428.9117431640625 422.7406005859375 409.283294677734375 392.5987548828125 370.63970947265625 352.418548583984375 331.97021484375 334.77032470703125 349.94427490234375 371.332611083984375 390.069854736328125 403.743927001953125 384.0234375 361.2337646484375 339.86712646484375 324.367340087890625 311.599517822265625 295.536163330078125 289.05377197265625 305.347564697265625 328.702301025390625 349.28533935546875 333.5208740234375 328.2344970703125 348.032196044921875 367.795318603515625 387.65753173828125 406.811004638671875 409.915863037109375 403.567474365234375 392.925933837890625 376.347869873046875 353.9500732421875 338.015228271484375 322.217041015625
384.647491455078125 406.735748291015625 423.378570556640625 438.689422607421875 443.801849365234375 427.411102294921875 407.12982177734375 406.869171142578125 416.009368896484375 416.986968994140625 399.9207763671875 389.379180908203125 375.54730224609375 357.301849365234375 337.02227783203125 324.207672119140625 338.9886474609375 363.474365234375 383.9617919921875 399.745880126953125 385.5186767578125 365.108062744140625 348.245849609375 331.46417236328125 316.901336669921875 303.9161376953125 281.75177001953125 287.6314697265625 314.954864501953125 322.046173095703125 312.77606201171875 330.512115478515625 351.340362548828125 371.21600341796875 388.823822021484375 399.013580322265625 391.32781982421875 386.96722412109375 381.781951904296875 366.687469482421875 348.1824951171875 335.31903076171875 318.945281982421875
390.47271728515625 413.52947998046875 428.007843017578125 441.005126953125 441.019134521484375 426.432159423828125 402.8681640625 392.230224609375 403.26422119140625 414.610992431640625 400.782257080078125 382.12353515625 372.7108154296875 359.026214599609375 340.43524169921875 317.71502685546875 329.442108154296875 357.140869140625 379.213623046875 393.843475341796875 389.72113037109375 372.653289794921875 360.382598876953125 343.566802978515625 325.70391845703125 309.220855712890625 288.318572998046875 274.25506591796875 293.772674560546875 300.64190673828125 311.812347412109375 329.069122314453125 349.1951904296875 372.6517333984375 391.333984375 387.97503662109375 372.965667724609375 364.635833740234375 366.5948486328125 362.849395751953125 349.14764404296875 336.560760498046875 316.69232177734375
392.621612548828125 411.694091796875 424.538421630859375 438.802398681640625 435.120574951171875 420.0040283203125 406.693115234375 386.87030029296875 390.14080810546875 402.46966552734375 401.71527099609375 383.088775634765625 366.797149658203125 351.70703125 334.73046875 311.643341064453125 321.899566650390625 349.719970703125 374.929168701171875 390.94091796875 391.91131591796875 381.4049072265625 368.117706298828125 352.8468017578125 333.85614013671875 312.2933349609375 293.733917236328125 269.355316162109375 276.291046142578125 294.321319580078125 321.755828857421875 334.898101806640625 346.9449462890625 370.3265380859375 388.668670654296875 380.030487060546875 362.6080322265625 343.851470947265625 343.91998291015625 346.9559326171875 339.0672607421875 330.282989501953125 307.735992431640625
375.995147705078125 394.124114990234375 413.214996337890625 426.462127685546875 420.862335205078125 410.905731201171875 403.51776123046875 387.112548828125 375.174957275390625 385.557403564453125 392.83441162109375 382.831512451171875 366.6900634765625 348.5830078125 325.419158935546875 306.18756103515625 312.4935302734375 341.95538330078125 371.87896728515625 390.143798828125 390.927215576171875 377.56646728515625 367.39495849609375 358.364013671875 338.774169921875 312.543243408203125 291.738922119140625 268.33990478515625 273.771240234375 300.416015625 328.42999267578125 345.8941650390625 363.075836181640625 377.4580078125 383.97845458984375 371.105010986328125 353.68157958984375 334.9461669921875 321.738037109375 322.99468994140625 320.407379150390625 304.052520751953125 285.3480224609375
368.5682373046875 383.506561279296875 408.285125732421875 421.580474853515625 417.81005859375 403.417266845703125 393.122802734375 382.083984375 360.499786376953125 365.74267578125 378.570526123046875 379.6630859375 360.329376220703125 345.44989013671875 322.223541259765625 298.321685791015625 306.723297119140625 335.589599609375 368.384613037109375 388.739410400390625 390.403350830078125 373.826934814453125 355.008026123046875 346.152313232421875 331.758636474609375 306.269317626953125 284.643463134765625 262.225006103515625 269.04656982421875 299.01239013671875 328.820404052734375 350.04095458984375 370.453887939453125 378.87396240234375 372.362548828125 358.2425537109375 342.283935546875 328.469635009765625 313.212677001953125 293.226776123046875 295.982940673828125 284.90045166015625 264.43310546875
380.833465576171875 391.6048583984375 406.5660400390625 423.768951416015625 418.755157470703125 403.974761962890625 391.549407958984375 374.942108154296875 361.009307861328125 350.098358154296875 359.83856201171875 370.529266357421875 356.697540283203125 335.040496826171875 311.132293701171875 286.858642578125 303.4542236328125 333.230865478515625 364.876708984375 386.12481689453125 390.085784912109375 374.3809814453125 351.4617919921875 330.939483642578125 312.253692626953125 291.81707763671875 268.4132080078125 254.8258056640625 275.386566162109375 301.21246337890625 327.753326416015625 350.7498779296875 371.181854248046875 372.224456787109375 357.866180419921875 344.114990234375 330.6453857421875 313.46514892578125 299.7315673828125 283.123748779296875 268.35162353515625 265.30450439453125 252.9583282470703125
384.94659423828125 403.440673828125 419.009613037109375 434.80438232421875 426.77105712890625 409.810394287109375 399.393402099609375 381.36676025390625 364.3570556640625 348.7095947265625 338.803314208984375 358.186798095703125 351.765533447265625 326.44598388671875 303.50103759765625 276.989166259765625 299.6666259765625 330.63690185546875 361.206298828125 382.947967529296875 389.659027099609375 374.362152099609375 351.213592529296875 329.58673095703125 308.71820068359375 287.443023681640625 262.583892822265625 250.840179443359375 275.490234375 295.41204833984375 322.739410400390625 347.318359375 369.2923583984375 371.141937255859375 353.683013916015625 334.556396484375 320.0306396484375 295.247100830078125 279.724334716796875 273.6053466796875 259.248687744140625 248.556243896484375 240.222991943359375
385.7838134765625 405.701751708984375 429.515716552734375 449.182281494140625 434.352630615234375 406.68035888671875 395.336669921875 377.44281005859375 360.203582763671875 344.638336181640625 325.88201904296875 340.979339599609375 340.6436767578125 318.774322509765625 295.3447265625 269.708648681640625 292.349945068359375 325.25067138671875 356.23046875 378.726043701171875 385.969818115234375 366.820404052734375 340.92926025390625 315.436492919921875 294.298248291015625 275.85552978515625 254.9647369384765625 244.8763275146484375 266.877227783203125 288.804840087890625 315.209564208984375 342.189697265625 368.050872802734375 370.61151123046875 353.242095947265625 332.512451171875 311.43389892578125 287.56536865234375 269.459930419921875 255.847015380859375 247.8740081787109375 234.906494140625 239.8599700927734375
374.62109375 395.500274658203125 428.79510498046875 447.16851806640625 427.02557373046875 396.821929931640625 377.168243408203125 368.919158935546875 357.691131591796875 337.43096923828125 320.63861083984375 320.96319580078125 319.595306396484375 302.9442138671875 285.662811279296875 265.428466796875 290.132354736328125 319.86993408203125 351.36614990234375 368.309112548828125 377.025177001953125 357.009521484375 334.876190185546875 309.459381103515625 283.9422607421875 258.146697998046875 240.10205078125 244.211395263671875 270.420562744140625 294.615966796875 323.35223388671875 351.788604736328125 368.925262451171875 364.75909423828125 340.9410400390625 322.669647216796875 297.832733154296875 282.03436279296875 264.640716552734375 243.3037109375 229.439605712890625 232.7863922119140625 251.2184906005859375
377.024658203125 397.514617919921875 425.254364013671875 443.350616455078125 419.8031005859375 395.086517333984375 370.35235595703125 357.24981689453125 351.0484619140625 335.247711181640625 319.213165283203125 303.20648193359375 302.44244384765625 298.47015380859375 270.77911376953125 260.647491455078125 283.9306640625 310.7236328125 338.213287353515625 360.223114013671875 360.5560302734375 338.451873779296875 318.599090576171875 297.78521728515625 275.09918212890625 249.6780242919921875 230.502685546875 248.5564117431640625 270.662994384765625 297.892852783203125 326.381683349609375 351.757049560546875 366.149627685546875 354.624053955078125 334.69891357421875 315.03887939453125 288.761444091796875 269.845184326171875 247.497314453125 230.3142852783203125 228.878509521484375 242.32623291015625 257.059906005859375
