DFSS/01_Terauchi/01_SET_BASIN/01_RR_DR/dem_30m.asc
ncols        372
nrows        253
xllcorner    -26340.000000000000
yllcorner    43260.000000000000
cellsize     30.000000000000
NODATA_value  -999
[rows 0 to 18 of 253, columns 172 to 214 of 372]
430.33233642578125 417.739349365234375 424.117279052734375 429.394378662109375 439.6376953125 455.574127197265625 469.164154052734375 478.046539306640625 478.74090576171875 460.373321533203125 443.940032958984375 423.1890869140625 400.964569091796875 371.332733154296875 354.300048828125 339.289520263671875 348.045257568359375 356.181304931640625 348.163848876953125 323.516815185546875 317.222320556640625 319.49224853515625 317.950775146484375 320.3853759765625 342.088653564453125 367.5784912109375 371.108917236328125 364.48992919921875 374.664337158203125 387.64739990234375 390.923583984375 388.085479736328125 379.604095458984375 374.799957275390625 398.192108154296875 402.028594970703125 395.195648193359375 413.198150634765625 437.90338134765625 444.1661376953125 455.331329345703125 455.2635498046875 456.834716796875
441.26275634765625 432.0589599609375 438.683837890625 447.275848388671875 453.369384765625 468.8897705078125 480.564300537109375 480.35186767578125 474.02130126953125 453.766204833984375 438.03607177734375 413.436065673828125 389.103057861328125 368.0291748046875 352.691741943359375 346.512054443359375 356.80023193359375 368.305908203125 355.94818115234375 338.357177734375 319.329925537109375 317.222320556640625 318.31658935546875 332.791534423828125 353.134307861328125 382.38092041015625 387.59283447265625 380.885101318359375 375.152557373046875 387.872039794921875 402.39349365234375 401.769683837890625 395.726348876953125 387.646331787109375 387.289764404296875 411.241851806640625 413.42864990234375 415.6314697265625 446.078094482421875 458.84344482421875 467.55633544921875 478.1566162109375 479.715301513671875
450.624908447265625 448.93115234375 452.800628662109375 464.120697021484375 476.3741455078125 481.479095458984375 479.751129150390625 471.5982666015625 452.418701171875 436.03692626953125 420.93603515625 400.274749755859375 376.930816650390625 360.607696533203125 351.224853515625 358.770477294921875 368.8978271484375 378.96630859375 365.710693359375 350.848236083984375 338.818878173828125 328.88665771484375 323.469818115234375 337.345672607421875 360.388671875 390.6328125 407.698333740234375 400.00909423828125 388.17889404296875 388.125946044921875 413.512908935546875 418.666778564453125 411.089202880859375 401.080352783203125 402.916412353515625 406.039154052734375 425.802581787109375 433.052337646484375 441.3685302734375 459.977142333984375 480.508148193359375 493.3319091796875 497.742767333984375
463.79986572265625 468.634368896484375 472.00042724609375 479.5330810546875 483.265472412109375 479.03436279296875 467.05523681640625 449.43310546875 434.0604248046875 417.813568115234375 402.569091796875 384.984405517578125 368.637908935546875 358.425384521484375 363.715728759765625 371.950958251953125 380.218719482421875 388.32373046875 377.340606689453125 365.136871337890625 357.31707763671875 349.5208740234375 334.195831298828125 342.11224365234375 364.346221923828125 397.852508544921875 419.58843994140625 417.471710205078125 404.191375732421875 391.95831298828125 420.7437744140625 436.5166015625 429.809967041015625 420.077056884765625 425.028167724609375 416.390838623046875 427.8240966796875 447.248565673828125 457.089752197265625 465.97467041015625 478.25408935546875 502.712799072265625 513.51788330078125
481.781036376953125 487.91357421875 489.67828369140625 488.704803466796875 477.438690185546875 466.514312744140625 453.45318603515625 434.175018310546875 413.81488037109375 396.461700439453125 385.23822021484375 375.563629150390625 369.085479736328125 375.75030517578125 378.870941162109375 387.2108154296875 387.6832275390625 396.545562744140625 393.063873291015625 384.605865478515625 374.612274169921875 360.18145751953125 343.605072021484375 343.8077392578125 366.295257568359375 400.53912353515625 422.670806884765625 429.301727294921875 415.2138671875 400.7496337890625 422.808349609375 442.807403564453125 443.41796875 432.682464599609375 440.818695068359375 434.227874755859375 430.829254150390625 450.892608642578125 466.32586669921875 484.84356689453125 490.74029541015625 502.483489990234375 526.34796142578125
498.6597900390625 501.3515625 498.472503662109375 481.62139892578125 462.52020263671875 448.86181640625 436.465423583984375 421.579193115234375 420.752532958984375 412.692779541015625 403.56146240234375 391.391021728515625 381.146209716796875 391.571319580078125 395.242828369140625 403.78131103515625 402.93408203125 412.980438232421875 406.526031494140625 398.33795166015625 388.222869873046875 367.685821533203125 351.29766845703125 347.322479248046875 368.728851318359375 399.631500244140625 422.252471923828125 435.256561279296875 426.510284423828125 414.0325927734375 425.26593017578125 444.5343017578125 454.232025146484375 445.94085693359375 454.251220703125 449.621917724609375 439.2132568359375 455.19586181640625 472.048370361328125 490.441497802734375 509.06231689453125 515.86083984375 529.83221435546875
504.655609130859375 499.07763671875 488.172119140625 468.400146484375 450.949493408203125 449.3609619140625 445.597381591796875 441.689422607421875 436.051300048828125 427.66278076171875 418.503265380859375 406.357757568359375 394.13580322265625 406.99285888671875 410.960052490234375 417.778076171875 423.43365478515625 425.501220703125 422.458251953125 414.418487548828125 400.06610107421875 377.079620361328125 357.98980712890625 349.567169189453125 371.697113037109375 397.958648681640625 417.59722900390625 437.4635009765625 439.552642822265625 426.3953857421875 425.58062744140625 446.514556884765625 460.948455810546875 463.353179931640625 466.377838134765625 469.37957763671875 456.122589111328125 456.8394775390625 474.195892333984375 493.8248291015625 518.82293701171875 533.5345458984375 547.7593994140625
501.19964599609375 489.4202880859375 470.219573974609375 459.34033203125 465.53778076171875 466.86138916015625 464.43731689453125 457.972808837890625 450.59893798828125 437.8931884765625 429.899566650390625 413.08453369140625 407.63934326171875 423.115081787109375 430.33673095703125 440.39801025390625 444.11383056640625 442.998504638671875 438.73779296875 422.94476318359375 406.328033447265625 381.277587890625 364.606109619140625 355.308807373046875 379.856597900390625 398.0550537109375 421.139923095703125 441.6046142578125 450.268310546875 439.6630859375 430.40350341796875 447.58465576171875 467.145599365234375 479.21502685546875 481.412353515625 486.94427490234375 482.100311279296875 478.09039306640625 474.742584228515625 494.49798583984375 520.0152587890625 538.102294921875 555.476318359375
488.150360107421875 474.9742431640625 466.6376953125 481.204193115234375 483.6390380859375 482.899810791015625 478.295684814453125 470.62200927734375 460.901519775390625 453.713348388671875 447.4034423828125 430.79827880859375 425.112213134765625 442.011077880859375 448.40643310546875 453.8565673828125 456.96826171875 456.705596923828125 448.12078857421875 431.792266845703125 408.00042724609375 387.802001953125 373.89251708984375 358.924835205078125 384.69110107421875 406.03314208984375 431.002532958984375 446.031646728515625 459.72003173828125 451.86187744140625 440.287933349609375 447.225921630859375 466.897979736328125 482.214447021484375 489.579437255859375 496.538055419921875 501.319427490234375 498.535064697265625 494.811981201171875 490.58087158203125 508.926300048828125 530.245361328125 547.32171630859375
477.3597412109375 472.899169921875 475.770904541015625 495.139617919921875 497.16558837890625 491.461639404296875 488.857330322265625 485.34344482421875 475.46966552734375 466.956573486328125 455.504547119140625 441.537322998046875 439.69622802734375 456.158905029296875 463.51434326171875 468.95196533203125 469.50445556640625 464.63427734375 447.848724365234375 429.134735107421875 412.018585205078125 398.761474609375 378.764984130859375 366.6395263671875 390.75628662109375 408.04864501953125 433.30706787109375 456.33123779296875 469.507354736328125 470.451812744140625 454.79034423828125 447.87457275390625 461.6727294921875 481.085968017578125 492.954345703125 508.172027587890625 516.71405029296875 518.594970703125 517.4862060546875 515.096923828125 517.013671875 526.5426025390625 545.9488525390625
493.901031494140625 486.99310302734375 479.05694580078125 500.2227783203125 509.56951904296875 503.326751708984375 499.59576416015625 495.528228759765625 488.28125 476.539215087890625 461.308349609375 459.3756103515625 453.3233642578125 473.08233642578125 477.246337890625 480.171173095703125 480.40606689453125 468.13409423828125 449.070220947265625 436.38214111328125 425.061859130859375 406.617828369140625 378.792205810546875 379.90582275390625 402.749786376953125 421.190338134765625 435.05572509765625 458.6202392578125 476.81689453125 487.629974365234375 473.51123046875 456.399169921875 460.89337158203125 476.641876220703125 488.37005615234375 509.71875 526.885009765625 535.5694580078125 536.22186279296875 534.92431640625 540.0648193359375 534.80291748046875 546.13739013671875
504.55938720703125 494.064178466796875 485.436920166015625 494.616973876953125 517.3466796875 517.129638671875 508.9427490234375 503.52679443359375 498.221221923828125 478.310821533203125 476.9859619140625 474.048065185546875 470.194091796875 484.73193359375 487.49493408203125 487.290008544921875 484.31524658203125 474.653900146484375 459.857757568359375 447.00860595703125 425.33551025390625 401.18914794921875 381.888092041015625 385.527130126953125 406.75628662109375 431.538055419921875 443.86737060546875 459.709136962890625 480.804473876953125 495.940765380859375 492.249359130859375 475.485626220703125 464.24664306640625 470.31170654296875 483.39703369140625 505.55120849609375 522.95867919921875 540.611572265625 550.81451416015625 555.02978515625 560.213623046875 554.11065673828125 558.79315185546875
516.25201416015625 504.850799560546875 494.1536865234375 503.7816162109375 518.4608154296875 527.40618896484375 521.47607421875 512.37042236328125 501.26788330078125 486.26715087890625 491.742401123046875 485.48382568359375 481.58135986328125 492.544921875 496.534515380859375 495.902740478515625 490.349578857421875 473.578460693359375 456.470458984375 434.359405517578125 414.8316650390625 393.337860107421875 384.92413330078125 386.321746826171875 402.150146484375 429.066864013671875 453.708740234375 468.400604248046875 484.1876220703125 500.244232177734375 505.680755615234375 495.03228759765625 482.399932861328125 472.28717041015625 493.92083740234375 519.53466796875 534.00543212890625 543.4764404296875 557.35784912109375 571.1854248046875 576.01519775390625 568.89837646484375 571.9163818359375
531.5546875 515.17333984375 504.837066650390625 517.1322021484375 517.6820068359375 535.4923095703125 531.15435791015625 521.16644287109375 501.31103515625 499.1331787109375 499.690093994140625 492.926239013671875 492.480224609375 503.12872314453125 506.895538330078125 502.9815673828125 492.521392822265625 470.9013671875 451.75347900390625 427.9671630859375 405.176605224609375 390.950164794921875 392.516448974609375 400.90643310546875 394.89483642578125 414.61517333984375 437.116912841796875 457.613983154296875 477.064117431640625 491.675079345703125 511.042266845703125 513.82537841796875 503.534637451171875 486.841278076171875 496.60198974609375 524.93280029296875 541.59613037109375 556.84112548828125 563.5496826171875 582.53900146484375 589.7479248046875 584.31915283203125 593.19635009765625
542.427978515625 525.46795654296875 518.8311767578125 532.92120361328125 533.45245361328125 542.4246826171875 535.12384033203125 517.39886474609375 504.066436767578125 518.09771728515625 508.24688720703125 505.862762451171875 505.957427978515625 512.7822265625 513.74505615234375 504.14080810546875 488.82904052734375 467.66644287109375 451.7637939453125 425.084747314453125 406.90228271484375 396.933807373046875 408.787353515625 419.22796630859375 412.427154541015625 409.591827392578125 424.96014404296875 445.90032958984375 459.249908447265625 484.616607666015625 507.474822998046875 523.41015625 519.615966796875 503.485565185546875 503.0927734375 527.0419921875 543.72845458984375 568.1822509765625 579.412353515625 590.1337890625 599.5670166015625 601.332763671875 602.57818603515625
550.27642822265625 537.2373046875 530.15301513671875 547.47735595703125 551.44158935546875 543.79168701171875 527.090576171875 512.9483642578125 518.169677734375 527.6177978515625 522.22406005859375 525.21197509765625 522.089111328125 522.961181640625 515.50457763671875 502.04278564453125 484.217010498046875 467.65631103515625 453.0582275390625 433.7049560546875 418.948516845703125 407.873992919921875 417.5911865234375 429.907928466796875 428.894195556640625 427.54193115234375 423.3194580078125 439.0594482421875 456.039215087890625 480.2640380859375 505.11328125 526.4859619140625 532.99066162109375 521.41375732421875 508.192596435546875 528.685546875 546.5443115234375 573.6883544921875 592.88592529296875 599.8507080078125 601.21307373046875 589.42340087890625 579.5316162109375
558.868408203125 546.7532958984375 542.9805908203125 555.98724365234375 556.65142822265625 544.40948486328125 530.45404052734375 523.7672119140625 533.9678955078125 539.5264892578125 536.32568359375 541.69287109375 535.278564453125 526.47125244140625 512.399169921875 499.7760009765625 482.158172607421875 466.959930419921875 458.42950439453125 444.578582763671875 423.112548828125 424.862548828125 427.48187255859375 436.682281494140625 446.762115478515625 446.618621826171875 435.8101806640625 453.171051025390625 468.1187744140625 482.01611328125 497.953033447265625 523.557861328125 543.64068603515625 537.673583984375 521.0035400390625 525.29461669921875 547.40399169921875 573.91839599609375 589.2279052734375 592.13555908203125 595.20574951171875 562.67645263671875 545.0306396484375
567.120361328125 561.563720703125 558.3408203125 563.2813720703125 558.111328125 547.57757568359375 541.7132568359375 540.7003173828125 551.500244140625 552.46270751953125 550.18646240234375 542.33984375 527.92376708984375 513.3287353515625 498.685546875 485.451629638671875 469.61761474609375 464.8323974609375 456.472869873046875 443.4967041015625 431.67315673828125 437.545654296875 448.716156005859375 445.22711181640625 451.4078369140625 463.36297607421875 456.307891845703125 455.5189208984375 475.235870361328125 491.976470947265625 506.1348876953125 529.31048583984375 547.6256103515625 553.35052490234375 533.64886474609375 529.36041259765625 536.57012939453125 560.4686279296875 571.79229736328125 580.2943115234375 583.22021484375 557.929443359375 531.23736572265625
575.85760498046875 573.12725830078125 573.37872314453125 574.15704345703125 561.9459228515625 559.88018798828125 547.42584228515625 559.3055419921875 563.9349365234375 560.1029052734375 550.8785400390625 538.88214111328125 520.468994140625 504.535064697265625 486.892303466796875 482.2989501953125 486.672210693359375 481.425750732421875 468.149139404296875 451.774932861328125 453.292938232421875 455.8209228515625 465.970062255859375 466.82843017578125 462.474945068359375 472.57501220703125 478.20245361328125 470.2230224609375 481.866424560546875 497.595062255859375 516.7113037109375 538.16009521484375 553.7720947265625 563.0391845703125 549.99609375 547.111083984375 554.3668212890625 561.09765625 572.4398193359375 582.729736328125 567.89105224609375 553.66131591796875 529.623046875
