DFSS/01_Terauchi/01_SET_BASIN/01_RR_DR/dem_30m.asc
ncols        372
nrows        253
xllcorner    -26340.000000000000
yllcorner    43260.000000000000
cellsize     30.000000000000
NODATA_value  -999
[rows 38 to 56 of 253, columns 172 to 214 of 372]
342.963623046875 368.89739990234375 373.488800048828125 350.406982421875 346.1280517578125 370.099029541015625 396.133636474609375 425.348846435546875 440.440521240234375 446.163787841796875 429.97015380859375 431.432037353515625 443.657745361328125 478.262481689453125 487.233245849609375 467.97210693359375 452.08770751953125 427.301513671875 413.655609130859375 433.7548828125 429.57452392578125 450.381988525390625 458.87921142578125 431.110137939453125 411.752655029296875 392.640228271484375 366.99249267578125 350.404754638671875 370.51220703125 386.47808837890625 364.138397216796875 344.4295654296875 367.80291748046875 392.616546630859375 414.596954345703125 417.36285400390625 427.761566162109375 447.94091796875 442.485107421875 420.86248779296875 406.61346435546875 395.98590087890625 392.99176025390625
334.877410888671875 354.57635498046875 345.30462646484375 328.030181884765625 354.30535888671875 379.6204833984375 402.281707763671875 416.246978759765625 417.763336181640625 416.786346435546875 406.0247802734375 415.552398681640625 442.660614013671875 468.911956787109375 482.882904052734375 466.49017333984375 449.96954345703125 430.395111083984375 409.15203857421875 399.323028564453125 412.100982666015625 437.27825927734375 453.583587646484375 436.542724609375 412.004547119140625 390.461822509765625 365.568389892578125 339.593414306640625 354.63494873046875 368.699493408203125 351.5174560546875 334.60888671875 357.1790771484375 384.047882080078125 403.9085693359375 400.26092529296875 414.371307373046875 437.8111572265625 438.495941162109375 418.779693603515625 400.31182861328125 382.341064453125 375.684600830078125
333.1922607421875 327.101806640625 320.53717041015625 331.0999755859375 360.166473388671875 381.640777587890625 385.541107177734375 383.238037109375 390.292510986328125 391.864715576171875 390.019866943359375 412.47894287109375 436.56573486328125 460.893310546875 478.62066650390625 464.11016845703125 449.166656494140625 431.068756103515625 414.71405029296875 392.105194091796875 392.217529296875 419.07421875 429.996185302734375 431.089935302734375 411.732208251953125 388.7667236328125 368.332763671875 341.032623291015625 332.504302978515625 349.1138916015625 338.428009033203125 323.9595947265625 341.792755126953125 371.2904052734375 386.333404541015625 380.841094970703125 405.963165283203125 424.573699951171875 433.081878662109375 414.3106689453125 394.07379150390625 375.047454833984375 360.59832763671875
335.756805419921875 313.521392822265625 307.48895263671875 341.5260009765625 359.520782470703125 365.61016845703125 359.799560546875 357.626068115234375 362.56622314453125 369.365509033203125 392.993682861328125 419.847320556640625 445.26519775390625 466.453857421875 474.5234375 461.85406494140625 445.692901611328125 431.060333251953125 415.3759765625 395.569854736328125 375.125579833984375 395.40228271484375 400.249847412109375 406.70611572265625 407.761077880859375 396.2972412109375 377.80938720703125 349.944580078125 321.735595703125 324.3035888671875 325.168212890625 313.295623779296875 338.6273193359375 363.01995849609375 361.223419189453125 369.01617431640625 392.6685791015625 412.723907470703125 426.282958984375 407.264862060546875 383.255523681640625 368.4927978515625 349.858154296875
335.9732666015625 315.039276123046875 304.98699951171875 334.601470947265625 347.348541259765625 338.68365478515625 337.35284423828125 354.101806640625 371.025482177734375 386.40057373046875 396.732208251953125 418.75482177734375 444.5235595703125 466.35296630859375 470.33721923828125 459.689544677734375 445.04571533203125 430.981292724609375 414.57440185546875 394.48736572265625 370.18817138671875 371.04962158203125 374.33123779296875 379.11236572265625 385.50042724609375 387.29425048828125 381.772003173828125 356.56121826171875 329.761505126953125 309.71551513671875 309.69488525390625 308.91748046875 333.779266357421875 351.32977294921875 339.50537109375 359.5128173828125 384.093475341796875 408.662506103515625 418.38616943359375 403.57177734375 379.47344970703125 356.27508544921875 339.140380859375
333.844512939453125 313.052337646484375 303.51593017578125 319.859588623046875 321.251220703125 327.397796630859375 346.48272705078125 367.55511474609375 387.9366455078125 403.330810546875 412.35614013671875 426.39776611328125 443.169189453125 461.101043701171875 463.263885498046875 454.284637451171875 440.17626953125 422.59698486328125 410.6278076171875 395.8507080078125 375.4539794921875 361.31756591796875 352.86309814453125 356.77557373046875 357.337860107421875 358.728515625 356.98297119140625 347.69952392578125 331.60626220703125 306.307525634765625 297.054962158203125 305.66571044921875 320.555419921875 326.5262451171875 331.414459228515625 357.858154296875 381.6768798828125 406.39654541015625 412.289306640625 394.13897705078125 373.89739990234375 350.979034423828125 327.503204345703125
320.577484130859375 301.136993408203125 291.744354248046875 302.180328369140625 315.097381591796875 336.191436767578125 356.195159912109375 375.345245361328125 398.72723388671875 414.00286865234375 422.951873779296875 434.83880615234375 453.269744873046875 468.317901611328125 461.779266357421875 450.446868896484375 434.041473388671875 421.685028076171875 409.53607177734375 394.80670166015625 372.66448974609375 360.071746826171875 348.654571533203125 337.841644287109375 335.24261474609375 328.2501220703125 328.339874267578125 322.32818603515625 312.307769775390625 302.146240234375 292.91485595703125 296.05694580078125 301.809417724609375 310.70135498046875 333.6322021484375 357.93353271484375 383.033905029296875 404.047088623046875 401.37139892578125 388.29345703125 371.845703125 346.656829833984375 321.486236572265625
315.000091552734375 289.89501953125 285.27679443359375 303.019378662109375 320.265350341796875 339.067169189453125 361.615203857421875 376.609588623046875 402.927215576171875 421.32720947265625 436.283447265625 450.244842529296875 469.954071044921875 480.937042236328125 469.40069580078125 457.403533935546875 443.694183349609375 432.28460693359375 421.576385498046875 409.8218994140625 388.534393310546875 366.55078125 347.4010009765625 337.535614013671875 329.602783203125 323.35101318359375 317.248077392578125 309.2020263671875 297.55340576171875 291.498809814453125 287.831390380859375 283.222381591796875 296.5103759765625 316.402923583984375 339.357025146484375 360.913055419921875 383.14849853515625 390.186737060546875 382.72686767578125 369.623779296875 361.11163330078125 341.63189697265625 322.39556884765625
310.41143798828125 286.5238037109375 283.342071533203125 303.798675537109375 320.20855712890625 335.95855712890625 357.038055419921875 374.656829833984375 402.22235107421875 425.920257568359375 446.32794189453125 461.81341552734375 484.49896240234375 490.12225341796875 480.675384521484375 464.463958740234375 449.619049072265625 436.123504638671875 424.654052734375 413.48590087890625 396.7435302734375 377.15362548828125 360.7265625 351.81219482421875 344.50872802734375 337.1484375 330.968048095703125 325.519866943359375 317.131805419921875 295.1629638671875 281.81195068359375 276.88433837890625 299.764251708984375 317.913787841796875 337.7857666015625 354.353973388671875 368.92950439453125 366.5943603515625 371.696258544921875 345.773040771484375 334.077606201171875 330.09173583984375 318.593597412109375
293.473876953125 277.01318359375 286.479400634765625 309.3382568359375 322.4251708984375 337.668792724609375 355.62542724609375 376.4193115234375 404.201263427734375 425.0347900390625 447.01275634765625 459.530364990234375 481.457275390625 488.171234130859375 479.47332763671875 467.0281982421875 455.509063720703125 442.8734130859375 428.67279052734375 418.430023193359375 405.329071044921875 392.743377685546875 376.8634033203125 365.9866943359375 355.682220458984375 347.071258544921875 343.14447021484375 336.635009765625 326.746734619140625 308.5595703125 287.594818115234375 268.90081787109375 287.76336669921875 305.663909912109375 323.179443359375 344.047943115234375 347.991607666015625 346.51165771484375 357.171539306640625 342.796356201171875 322.78204345703125 310.06793212890625 307.8297119140625
288.27398681640625 270.499298095703125 289.78985595703125 315.84014892578125 330.73443603515625 346.287841796875 358.3253173828125 373.5394287109375 393.982269287109375 403.294097900390625 421.484954833984375 444.31195068359375 466.85809326171875 470.26287841796875 470.540802001953125 452.4677734375 445.548797607421875 441.455963134765625 432.354400634765625 424.0791015625 414.34356689453125 403.111175537109375 389.224212646484375 377.491729736328125 365.052642822265625 357.911224365234375 351.686370849609375 343.32562255859375 330.124267578125 312.872772216796875 289.43792724609375 265.3199462890625 271.523193359375 295.196746826171875 314.43402099609375 332.174102783203125 329.859161376953125 326.445953369140625 345.169403076171875 338.849456787109375 323.276123046875 301.4312744140625 290.55572509765625
283.711669921875 265.62225341796875 287.65924072265625 314.758056640625 331.183685302734375 337.218597412109375 343.71368408203125 351.2711181640625 369.63232421875 392.886138916015625 414.612091064453125 441.477996826171875 455.636962890625 456.64349365234375 462.79150390625 443.461334228515625 423.057373046875 415.94549560546875 415.72332763671875 420.6761474609375 418.85247802734375 411.35186767578125 401.22833251953125 385.972137451171875 373.60455322265625 363.379364013671875 353.546844482421875 342.840087890625 326.443603515625 308.134033203125 291.722381591796875 268.732666015625 255.6072998046875 279.980438232421875 303.384185791015625 319.25103759765625 308.32708740234375 310.941864013671875 337.0321044921875 335.153839111328125 318.827117919921875 300.876312255859375 288.56341552734375
265.214141845703125 260.82708740234375 278.8045654296875 303.30560302734375 313.756103515625 319.850982666015625 338.4224853515625 358.688201904296875 373.335357666015625 391.62799072265625 417.256317138671875 433.92901611328125 432.095855712890625 448.4552001953125 457.858001708984375 436.6861572265625 416.920257568359375 398.18963623046875 391.307891845703125 394.4534912109375 403.62481689453125 406.138641357421875 397.2138671875 382.80633544921875 373.34991455078125 363.82513427734375 350.03729248046875 335.85546875 320.919403076171875 306.42645263671875 292.091400146484375 271.598724365234375 253.2062225341796875 261.42095947265625 295.2755126953125 308.05010986328125 289.45550537109375 298.782501220703125 323.529937744140625 332.982391357421875 317.2352294921875 295.43792724609375 283.512359619140625
249.7026519775390625 259.637054443359375 281.604278564453125 300.235809326171875 312.88671875 328.95062255859375 349.244110107421875 364.9697265625 379.96923828125 397.5289306640625 415.975799560546875 419.122711181640625 414.217803955078125 440.69879150390625 455.281951904296875 439.5362548828125 418.65167236328125 400.625152587890625 373.154327392578125 363.99774169921875 377.0194091796875 383.3302001953125 374.7281494140625 356.519439697265625 352.490386962890625 360.2579345703125 349.484466552734375 334.824249267578125 322.060760498046875 305.496185302734375 289.095794677734375 271.139404296875 254.2786865234375 247.9548187255859375 280.46044921875 289.153778076171875 272.979156494140625 289.21868896484375 314.656951904296875 326.58917236328125 313.512359619140625 292.493988037109375 273.401611328125
246.8873138427734375 259.0465087890625 280.037109375 303.77410888671875 320.609893798828125 341.4879150390625 357.936798095703125 370.365570068359375 392.3892822265625 405.119110107421875 406.984161376953125 391.415863037109375 404.010406494140625 430.91839599609375 452.4228515625 438.403961181640625 418.39422607421875 399.215545654296875 374.8565673828125 347.34735107421875 346.697418212890625 358.1158447265625 355.24847412109375 342.220733642578125 332.809326171875 346.463623046875 351.093536376953125 338.30224609375 322.487030029296875 306.31805419921875 290.365936279296875 270.76593017578125 252.0288238525390625 241.843597412109375 256.437744140625 263.346923828125 256.6943359375 279.160888671875 303.851165771484375 314.6722412109375 308.83587646484375 288.404083251953125 265.226226806640625
253.4910736083984375 270.383087158203125 282.48175048828125 301.62811279296875 319.875 337.7296142578125 360.192108154296875 381.715118408203125 398.031646728515625 396.794952392578125 385.924896240234375 381.330902099609375 404.407958984375 427.54803466796875 450.757781982421875 434.2911376953125 414.670257568359375 391.3314208984375 370.000640869140625 350.527374267578125 329.234619140625 336.621978759765625 340.952606201171875 328.903564453125 313.6251220703125 332.112945556640625 341.00238037109375 339.850738525390625 326.384735107421875 308.959808349609375 292.581207275390625 273.3671875 254.491729736328125 241.3636627197265625 237.894134521484375 243.0442352294921875 246.4368133544921875 267.691558837890625 287.089630126953125 294.545745849609375 303.0587158203125 290.10333251953125 271.322723388671875
256.078948974609375 278.206695556640625 297.2760009765625 315.137054443359375 334.171295166015625 348.52630615234375 362.098541259765625 384.736785888671875 390.579376220703125 372.44140625 367.150482177734375 382.32830810546875 405.84783935546875 425.712432861328125 445.77508544921875 434.924774169921875 414.944366455078125 391.600372314453125 364.191650390625 345.883453369140625 325.212677001953125 313.217498779296875 315.362091064453125 306.3255615234375 298.01788330078125 302.92822265625 313.089599609375 320.963470458984375 327.816192626953125 311.561126708984375 293.290679931640625 281.991424560546875 268.612060546875 249.1107940673828125 234.0261993408203125 229.77984619140625 239.2180328369140625 249.4372100830078125 267.978546142578125 276.6734619140625 293.0992431640625 287.141143798828125 268.019287109375
268.699615478515625 284.590789794921875 306.271636962890625 328.754302978515625 349.220977783203125 361.474639892578125 371.356048583984375 384.944305419921875 373.222930908203125 351.195404052734375 366.4814453125 384.123016357421875 403.387451171875 421.855010986328125 435.9598388671875 430.08709716796875 412.754150390625 392.51702880859375 369.8143310546875 348.6943359375 327.155853271484375 310.254608154296875 297.00823974609375 287.7716064453125 279.99163818359375 277.749725341796875 284.372100830078125 296.066253662109375 319.424713134765625 321.76495361328125 302.587738037109375 291.78912353515625 281.572723388671875 259.096923828125 237.4535675048828125 226.9740447998046875 228.5614776611328125 238.9806365966796875 247.778411865234375 268.104827880859375 290.777099609375 286.283782958984375 270.023773193359375
278.23486328125 295.720672607421875 315.968505859375 339.58392333984375 361.705596923828125 375.016326904296875 386.880401611328125 379.713958740234375 359.497802734375 339.798583984375 371.793792724609375 391.57623291015625 405.58343505859375 414.13812255859375 426.382598876953125 411.589019775390625 397.6448974609375 382.896728515625 369.682373046875 354.7452392578125 342.038482666015625 320.566375732421875 306.867340087890625 301.34320068359375 289.856903076171875 271.48358154296875 267.2406005859375 281.170562744140625 310.248687744140625 322.060546875 311.19940185546875 304.229827880859375 293.01611328125 268.19207763671875 252.7860107421875 237.2434234619140625 222.889984130859375 228.1452789306640625 241.7287750244140625 263.305206298828125 291.92462158203125 294.93865966796875 281.039154052734375
