02_Arimura/02_MK_TOPO/01_RR_DR/input/dem_10m.asc
ncols        240
nrows        260
xllcorner    -32410.000000000000
yllcorner    -160030.000000000000
cellsize     10.000000000000
NODATA_value  -999
[rows 228 to 246 of 260, columns 86 to 128 of 240]
111.74660491943359375 109.485107421875 102.23311614990234375 97.33481597900390625 97.565032958984375 99.1727447509765625 100.28560638427734375 101.6238555908203125 103.4976043701171875 105.475799560546875 107.33928680419921875 109.11316680908203125 110.560943603515625 111.304718017578125 111.51953887939453125 111.01622772216796875 110.10321044921875 108.6983642578125 106.91629791259765625 104.83946990966796875 102.530975341796875 100.08696746826171875 97.537872314453125 94.3000030517578125 90.40479278564453125 85.33126068115234375 82.09871673583984375 82.43480682373046875 83.805145263671875 84.55339813232421875 84.85886383056640625 84.092132568359375 82.7186431884765625 81.56714630126953125 80.94051361083984375 80.95833587646484375 80.19671630859375 78.95070648193359375 77.19223785400390625 74.991973876953125 72.73323822021484375 71.11151123046875 69.7819366455078125
110.82773590087890625 107.37793731689453125 101.47214508056640625 94.53835296630859375 93.20406341552734375 94.95654296875 96.56011199951171875 98.46843719482421875 100.78704833984375 102.88390350341796875 104.747100830078125 106.52069091796875 108.13813018798828125 109.276458740234375 109.52111053466796875 109.13460540771484375 108.16622161865234375 106.9105987548828125 105.2054901123046875 103.12847900390625 101.035308837890625 98.61835479736328125 96.00536346435546875 93.044097900390625 88.81487274169921875 83.12113189697265625 79.70503997802734375 80.08669281005859375 81.64453125 82.64153289794921875 83.05010223388671875 82.383148193359375 80.9459686279296875 79.58223724365234375 78.84319305419921875 78.94417572021484375 78.3168792724609375 76.91717529296875 75.46652984619140625 73.64572906494140625 71.49643707275390625 70.01854705810546875 69.0246429443359375
108.74620819091796875 105.0429229736328125 100.1070556640625 92.37073516845703125 89.82259368896484375 90.68636322021484375 92.52465057373046875 94.932769775390625 97.603912353515625 100.07912445068359375 102.12258148193359375 103.793304443359375 105.2676239013671875 106.29073333740234375 106.5582427978515625 106.5343170166015625 105.85833740234375 104.89893341064453125 103.41732025146484375 101.701934814453125 99.50661468505859375 97.13742828369140625 94.53208160400390625 91.8106231689453125 87.1697845458984375 81.49553680419921875 77.63611602783203125 77.98229217529296875 80.046630859375 80.998931884765625 81.1135101318359375 80.5468597412109375 79.32369232177734375 77.91551971435546875 76.8449249267578125 76.76935577392578125 76.16725921630859375 74.955902099609375 73.5397186279296875 71.956878662109375 70.2066192626953125 68.926513671875 67.79227447509765625
105.88649749755859375 102.45256805419921875 97.01874542236328125 90.464569091796875 87.05462646484375 87.27199554443359375 89.14737701416015625 91.64406585693359375 94.43950653076171875 97.1547698974609375 99.3412933349609375 100.96259307861328125 102.3390045166015625 103.328216552734375 103.74481964111328125 103.91214752197265625 103.5749969482421875 102.760284423828125 101.51003265380859375 99.90543365478515625 97.88033294677734375 95.59877777099609375 93.1409759521484375 90.02368927001953125 84.49127960205078125 79.14867401123046875 75.67891693115234375 75.9300689697265625 78.082550048828125 79.13198089599609375 79.08869171142578125 78.62493133544921875 77.68824005126953125 76.23138427734375 74.9920806884765625 74.57588958740234375 73.99005889892578125 73.056854248046875 71.6404266357421875 69.98963165283203125 68.738616943359375 67.6359405517578125 66.43793487548828125
102.57083892822265625 98.8411102294921875 93.00115203857421875 87.35825347900390625 84.1341400146484375 84.14894866943359375 86.0248565673828125 88.5958251953125 91.42903900146484375 94.197021484375 96.45711517333984375 98.09632110595703125 99.3822174072265625 100.327789306640625 100.8900604248046875 101.1782989501953125 101.01068115234375 100.4588165283203125 99.4401702880859375 97.8722686767578125 96.0350341796875 93.90915679931640625 91.63878631591796875 87.44805908203125 81.25313568115234375 76.14211273193359375 73.47176361083984375 73.9119415283203125 75.9506988525390625 77.0919342041015625 77.0050811767578125 76.61151123046875 75.92725372314453125 74.59360504150390625 73.286895751953125 72.5187835693359375 71.907501220703125 71.07999420166015625 69.53394317626953125 67.71947479248046875 66.86586761474609375 65.9273681640625 64.92949676513671875
99.1366424560546875 94.870025634765625 89.04993438720703125 83.24318695068359375 80.81048583984375 81.0144195556640625 83.057342529296875 85.84252166748046875 88.70354461669921875 91.33899688720703125 93.53058624267578125 95.199310302734375 96.3544158935546875 97.168212890625 97.770751953125 98.1245269775390625 98.1154937744140625 97.99123382568359375 97.18280029296875 95.730743408203125 93.9718475341796875 92.02634429931640625 89.6228179931640625 84.3908233642578125 77.94434356689453125 72.7766265869140625 71.0135955810546875 72.05108642578125 73.97328948974609375 75.0627288818359375 74.95011138916015625 74.543731689453125 74.010772705078125 73.0339508056640625 71.6866607666015625 70.622833251953125 69.80048370361328125 68.804046630859375 67.0852813720703125 65.20337677001953125 64.51750946044921875 63.809833526611328125 63.508861541748046875
95.862060546875 92.00069427490234375 86.09712982177734375 79.52457427978515625 77.234344482421875 77.86893463134765625 80.45655059814453125 83.513214111328125 86.37522125244140625 88.73023223876953125 90.61981201171875 92.20842742919921875 93.15677642822265625 93.73352813720703125 94.22979736328125 94.5244903564453125 95.15731048583984375 95.3950042724609375 94.74121856689453125 93.5205230712890625 91.84462738037109375 89.9723968505859375 86.49688720703125 81.8175048828125 74.80899810791015625 69.48089599609375 68.8525390625 70.639312744140625 72.441375732421875 73.32305908203125 73.1010284423828125 72.54073333740234375 72.03289794921875 71.424530029296875 70.08457183837890625 68.65447998046875 67.1016845703125 65.88375091552734375 64.549774169921875 62.6812286376953125 61.99933624267578125 61.817089080810546875 63.30233001708984375
92.50124359130859375 89.52931976318359375 83.72432708740234375 76.76638031005859375 73.49371337890625 75.3690185546875 78.9884185791015625 82.0819549560546875 84.36968994140625 86.26201629638671875 87.83349609375 88.92508697509765625 89.64191436767578125 90.1417083740234375 90.70040130615234375 91.46848297119140625 92.2449493408203125 92.5665435791015625 92.14190673828125 91.1520843505859375 89.48537445068359375 87.335784912109375 84.84627532958984375 80.665679931640625 72.825714111328125 67.06084442138671875 66.23140716552734375 68.46128082275390625 70.66473388671875 71.527618408203125 71.48441314697265625 71.0939178466796875 70.5048980712890625 69.596282958984375 68.37859344482421875 66.95636749267578125 65.493316650390625 63.96234130859375 62.123760223388671875 60.521511077880859375 60.6046600341796875 61.4391937255859375 62.92797088623046875
87.68943023681640625 84.40564727783203125 78.6822357177734375 72.54428863525390625 69.89536285400390625 72.60992431640625 76.55652618408203125 79.74920654296875 81.94588470458984375 83.47075653076171875 84.5723419189453125 85.270416259765625 85.84168243408203125 86.4068756103515625 87.10308837890625 88.1007232666015625 89.09749603271484375 89.67932891845703125 89.544708251953125 88.846160888671875 87.59272003173828125 85.63581085205078125 83.1989593505859375 79.2176055908203125 71.70257568359375 65.20500946044921875 63.50897216796875 65.49964141845703125 68.0169830322265625 69.32291412353515625 69.56786346435546875 69.2933807373046875 68.60295867919921875 67.600799560546875 66.412445068359375 65.20815277099609375 63.8892822265625 62.38836669921875 60.62593841552734375 59.42963409423828125 60.01917266845703125 61.23274993896484375 62.6611175537109375
81.9532623291015625 78.26276397705078125 72.5451812744140625 67.29571533203125 66.5274505615234375 69.66371917724609375 73.3935699462890625 76.591522216796875 78.81345367431640625 80.12644195556640625 80.94403076171875 81.48657989501953125 81.989532470703125 82.6169281005859375 83.555755615234375 84.80792236328125 86.08650970458984375 86.73563385009765625 86.9482421875 86.4723968505859375 85.58119964599609375 84.05147552490234375 81.77315521240234375 77.82521820068359375 71.02172088623046875 64.1807861328125 61.40067291259765625 62.8338165283203125 65.3772125244140625 66.88861083984375 67.383148193359375 67.2585601806640625 66.58264923095703125 65.59026336669921875 64.353607177734375 63.239898681640625 62.12056732177734375 60.8942108154296875 59.59249114990234375 58.858917236328125 59.602283477783203125 60.966098785400390625 62.452686309814453125
76.04157257080078125 72.08829498291015625 66.69489288330078125 62.114917755126953125 63.390933990478515625 66.66556549072265625 69.9744720458984375 73.04315185546875 75.2002410888671875 76.39556121826171875 77.11822509765625 77.6446990966796875 78.12134552001953125 78.762481689453125 79.982208251953125 81.64817047119140625 83.1870880126953125 83.80654144287109375 84.29970550537109375 84.0029754638671875 83.3632354736328125 82.2339935302734375 80.122711181640625 76.189910888671875 70.3006134033203125 63.827312469482421875 59.98613739013671875 60.68352508544921875 63.06142425537109375 64.45465850830078125 65.0489501953125 65.09728240966796875 64.55108642578125 63.607051849365234375 62.32563018798828125 61.159976959228515625 60.243656158447265625 59.38604736328125 58.61847686767578125 58.40969085693359375 59.24017333984375 60.758213043212890625 62.353366851806640625
70.51615142822265625 66.4398651123046875 61.939395904541015625 57.962909698486328125 60.374797821044921875 63.7357940673828125 66.767425537109375 69.56999969482421875 71.487945556640625 72.573394775390625 73.25441741943359375 73.74045562744140625 74.1962890625 74.81218719482421875 76.213165283203125 78.38126373291015625 80.06475830078125 80.861602783203125 81.4987945556640625 81.44126129150390625 81.1135406494140625 80.13434600830078125 77.59824371337890625 73.8297271728515625 69.10906982421875 63.575855255126953125 58.851108551025390625 58.635623931884765625 60.913494110107421875 62.2411651611328125 62.73797607421875 62.8817291259765625 62.462894439697265625 61.59979248046875 60.403369903564453125 59.313640594482421875 58.487880706787109375 57.93074798583984375 57.488513946533203125 57.9648590087890625 59.3982391357421875 61.021968841552734375 62.563335418701171875
64.939727783203125 60.9732818603515625 57.041675567626953125 54.3343353271484375 57.119884490966796875 60.781612396240234375 63.7253875732421875 66.02611541748046875 67.6766815185546875 68.680999755859375 69.2782135009765625 69.764251708984375 70.24698638916015625 70.87322998046875 72.06749725341796875 73.9220123291015625 75.65386962890625 76.86533355712890625 78.25890350341796875 78.50919342041015625 78.56302642822265625 77.54436492919921875 75.52126312255859375 72.4885406494140625 67.61148834228515625 61.827938079833984375 57.496105194091796875 56.957637786865234375 58.727725982666015625 60.0877227783203125 60.5961456298828125 60.717281341552734375 60.397922515869140625 59.726749420166015625 58.79193115234375 57.757450103759765625 56.869709014892578125 56.418201446533203125 56.822479248046875 57.997028350830078125 59.26990509033203125 61.93854522705078125 63.955982208251953125
59.469852447509765625 55.6556854248046875 51.725955963134765625 51.146976470947265625 53.862453460693359375 57.252033233642578125 60.14264678955078125 62.216579437255859375 63.602508544921875 64.49849700927734375 65.0548858642578125 65.3903045654296875 65.60726165771484375 66.13112640380859375 67.50640106201171875 69.34722137451171875 71.26352691650390625 72.981292724609375 74.7379150390625 75.16504669189453125 75.66260528564453125 75.08913421630859375 73.42938232421875 70.7681427001953125 64.46138763427734375 59.544628143310546875 56.45821380615234375 55.573680877685546875 56.743404388427734375 58.069061279296875 58.399555206298828125 58.19663238525390625 57.9155426025390625 57.408542633056640625 56.836406707763671875 56.0880279541015625 55.322452545166015625 55.69568634033203125 57.005126953125 58.5725555419921875 59.94026947021484375 63.164554595947265625 65.99037933349609375
54.122356414794921875 50.31266021728515625 46.076343536376953125 48.797332763671875 52.334804534912109375 55.189075469970703125 57.67098236083984375 59.351654052734375 60.3159027099609375 60.918910980224609375 61.25811767578125 61.413143157958984375 61.501369476318359375 61.812328338623046875 63.010547637939453125 65.15643310546875 67.4117431640625 69.40332794189453125 71.23028564453125 72.05175018310546875 72.68112945556640625 72.4346923828125 71.168060302734375 68.25618743896484375 62.0857391357421875 58.06389617919921875 55.488025665283203125 54.135623931884765625 54.873504638671875 55.870876312255859375 55.67951202392578125 55.330963134765625 55.240886688232421875 54.932483673095703125 54.577083587646484375 54.3742828369140625 54.76381683349609375 55.98134613037109375 57.64134979248046875 59.30181884765625 62.030063629150390625 65.79798126220703125 68.41904449462890625
48.430896759033203125 44.683269500732421875 41.778736114501953125 46.94858551025390625 51.401630401611328125 53.960239410400390625 55.884555816650390625 57.20766448974609375 57.9131927490234375 58.309940338134765625 58.49785614013671875 58.54776763916015625 58.592891693115234375 58.743648529052734375 59.605991363525390625 61.656963348388671875 63.905078887939453125 66.0468292236328125 67.687469482421875 68.805816650390625 69.36826324462890625 69.21849822998046875 68.18773651123046875 65.1120147705078125 60.341609954833984375 57.071506500244140625 54.50257110595703125 52.702068328857421875 53.157318115234375 53.72287750244140625 52.85855865478515625 52.384307861328125 52.561038970947265625 52.787078857421875 53.29947662353515625 54.022586822509765625 55.38936614990234375 56.9871826171875 58.59514617919921875 60.76263427734375 64.9921722412109375 68.75783538818359375 70.487762451171875
42.809925079345703125 39.7871551513671875 39.954921722412109375 45.300861358642578125 50.095417022705078125 52.733333587646484375 54.234149932861328125 55.3925628662109375 56.13751983642578125 56.565715789794921875 56.81444549560546875 56.88303375244140625 56.893329620361328125 57.04639434814453125 57.69884490966796875 59.004638671875 60.66793060302734375 62.75501251220703125 64.00743865966796875 65.02443695068359375 65.496734619140625 65.27916717529296875 64.21207427978515625 61.6893310546875 58.36548614501953125 55.7104339599609375 53.277984619140625 51.37702178955078125 51.623500823974609375 51.913787841796875 50.654300689697265625 49.92140960693359375 50.357639312744140625 51.7305450439453125 54.31689453125 56.234363555908203125 56.94775390625 58.2366790771484375 59.859989166259765625 63.570892333984375 67.68793487548828125 70.1545867919921875 71.384765625
39.167572021484375 38.747783660888671875 40.343624114990234375 43.89839935302734375 48.614414215087890625 51.12798309326171875 52.640575408935546875 53.705234527587890625 54.3983306884765625 54.82112884521484375 55.06566619873046875 55.178333282470703125 55.2169952392578125 55.376010894775390625 55.916690826416015625 57.176517486572265625 58.461963653564453125 59.387226104736328125 60.186187744140625 60.972320556640625 61.287807464599609375 61.0571441650390625 60.18918609619140625 58.270816802978515625 55.6964569091796875 53.049633026123046875 50.76251220703125 49.89601898193359375 50.103412628173828125 50.0958404541015625 49.639179229736328125 49.5229339599609375 50.718898773193359375 53.568592071533203125 56.481853485107421875 58.2533111572265625 58.850582122802734375 59.710704803466796875 61.48792266845703125 65.51247406005859375 69.43109893798828125 70.77358245849609375 71.60153961181640625
38.366931915283203125 39.413787841796875 41.014034271240234375 44.253932952880859375 47.754184722900390625 49.678615570068359375 51.10083770751953125 52.160449981689453125 52.762859344482421875 53.076076507568359375 53.28194427490234375 53.45873260498046875 53.564006805419921875 53.67388153076171875 54.21125030517578125 55.408496856689453125 56.34722137451171875 56.721355438232421875 57.27530670166015625 57.8991851806640625 58.1264801025390625 56.890789031982421875 56.155117034912109375 54.972686767578125 52.640071868896484375 50.695301055908203125 49.447315216064453125 48.96929168701171875 49.038463592529296875 49.10002899169921875 49.241786956787109375 50.28043365478515625 52.935436248779296875 56.644649505615234375 59.128009796142578125 60.128643035888671875 60.63762664794921875 61.320446014404296875 63.116790771484375 65.98351287841796875 69.75106048583984375 70.9296722412109375 71.03940582275390625
