02_Arimura/02_MK_TOPO/01_RR_DR/input/dem_10m.asc
ncols        240
nrows        260
xllcorner    -32410.000000000000
yllcorner    -160030.000000000000
cellsize     10.000000000000
NODATA_value  -999
[rows 228 to 246 of 260, columns 129 to 171 of 240]
69.0131988525390625 68.36978912353515625 67.8033294677734375 67.90430450439453125 68.488006591796875 69.04140472412109375 70.18309783935546875 74.13477325439453125 80.15847015380859375 82.07164764404296875 82.0392608642578125 80.24103546142578125 78.994354248046875 78.444915771484375 79.386688232421875 80.822967529296875 82.518218994140625 84.4647369384765625 87.3998870849609375 89.99359130859375 91.93389892578125 93.0438232421875 94.10509490966796875 96.4181060791015625 98.87223052978515625 99.4242401123046875 98.1410980224609375 95.9199066162109375 94.70761871337890625 97.787841796875 100.9671173095703125 103.53570556640625 107.294036865234375 110.21891021728515625 110.8536529541015625 111.50873565673828125 112.415771484375 113.4384002685546875 114.62204742431640625 115.3282623291015625 115.7497711181640625 116.305206298828125 116.97510528564453125
68.305908203125 67.53330230712890625 67.3383026123046875 67.74365997314453125 68.48453521728515625 69.3454742431640625 71.69399261474609375 76.5778350830078125 80.76739501953125 81.565032958984375 80.384796142578125 78.90584564208984375 78.19554901123046875 78.9334869384765625 79.79830169677734375 81.825469970703125 83.85791015625 85.8506622314453125 88.17559051513671875 89.36862945556640625 89.69087982177734375 89.8150787353515625 89.9953460693359375 90.55199432373046875 91.6971588134765625 91.814849853515625 91.2895660400390625 93.7270050048828125 97.6345367431640625 100.75402069091796875 103.02532958984375 105.69954681396484375 108.9613189697265625 110.34705352783203125 111.08660125732421875 111.96669769287109375 112.7732696533203125 113.2720184326171875 113.79084014892578125 114.18288421630859375 114.64339447021484375 115.21117401123046875 115.843109130859375
67.05924224853515625 66.6100311279296875 66.976531982421875 67.766326904296875 68.62630462646484375 69.9841156005859375 73.31946563720703125 78.1319122314453125 80.643280029296875 80.4907073974609375 79.07407379150390625 78.19554901123046875 79.04982757568359375 79.90283203125 81.07242584228515625 82.7830963134765625 84.89231109619140625 86.52459716796875 86.93909454345703125 87.00589752197265625 86.9375152587890625 86.58267974853515625 86.23999786376953125 85.81244659423828125 85.76885223388671875 86.74228668212890625 89.5755767822265625 94.86840057373046875 99.71135711669921875 102.1107635498046875 103.84084320068359375 105.5445404052734375 107.96839141845703125 109.67163848876953125 110.6854400634765625 111.5296630859375 112.0950927734375 112.379364013671875 112.68058013916015625 113.02032470703125 113.550750732421875 114.14620208740234375 114.73824310302734375
65.77032470703125 66.16268157958984375 67.17139434814453125 68.1461029052734375 68.97165679931640625 70.519683837890625 73.97414398193359375 78.0134124755859375 79.53650665283203125 78.97873687744140625 78.19554901123046875 79.08394622802734375 80.912811279296875 82.0383758544921875 83.311065673828125 84.27971649169921875 85.4332427978515625 85.49285125732421875 84.60549163818359375 84.1660614013671875 84.09918975830078125 83.3651123046875 82.46549224853515625 81.4839935302734375 81.06389617919921875 83.36843109130859375 88.82552337646484375 94.78780364990234375 98.95789337158203125 101.21250152587890625 102.5186309814453125 103.575164794921875 105.5406494140625 107.71862030029296875 109.616912841796875 110.73004150390625 111.1260528564453125 111.2716217041015625 111.5173492431640625 111.90065765380859375 112.4563140869140625 113.050506591796875 113.62267303466796875
64.94713592529296875 66.23143768310546875 67.73593902587890625 68.8494873046875 69.86859893798828125 71.56703948974609375 74.243560791015625 76.74176025390625 77.62799835205078125 77.55152130126953125 78.37802886962890625 80.87633514404296875 82.6695098876953125 83.25136566162109375 84.0933990478515625 84.79283905029296875 85.09522247314453125 83.59442901611328125 82.0607147216796875 81.28310394287109375 81.17133331298828125 80.01665496826171875 78.2706756591796875 77.1098785400390625 77.9044952392578125 81.788970947265625 87.54096221923828125 92.332427978515625 95.36458587646484375 97.85141754150390625 99.3233795166015625 100.5578460693359375 102.5485992431640625 104.8566131591796875 107.723876953125 109.365509033203125 109.833282470703125 109.89443206787109375 110.0309906005859375 110.58397674560546875 111.27550506591796875 111.8924560546875 112.4410552978515625
64.873565673828125 66.6607818603515625 68.38364410400390625 69.8074951171875 71.503082275390625 73.51367950439453125 74.95815277099609375 75.582916259765625 75.88980865478515625 76.997222900390625 79.836639404296875 82.11714935302734375 83.2348785400390625 81.65456390380859375 81.67913055419921875 83.1166839599609375 83.79250335693359375 82.16510009765625 80.07906341552734375 78.4944305419921875 77.99538421630859375 76.34152984619140625 73.60230255126953125 72.844696044921875 76.438446044921875 81.68498992919921875 85.2925567626953125 88.18441009521484375 90.385009765625 92.79758453369140625 95.486236572265625 97.5273590087890625 99.70299530029296875 101.99212646484375 104.854766845703125 106.77954864501953125 107.6002349853515625 107.7342681884765625 107.59416961669921875 108.49629974365234375 109.68605804443359375 110.53765106201171875 111.05675506591796875
65.26129150390625 67.17801666259765625 69.005889892578125 71.0408935546875 73.41632843017578125 75.2678070068359375 76.259521484375 76.9656982421875 77.50431060791015625 78.6372833251953125 80.9350433349609375 82.676727294921875 81.5931549072265625 79.89563751220703125 80.76671600341796875 82.60404205322265625 82.88147735595703125 81.2518310546875 78.9922637939453125 76.1876983642578125 74.5319671630859375 72.219573974609375 70.43236541748046875 71.81772613525390625 75.01973724365234375 77.2796478271484375 78.8635711669921875 82.11966705322265625 87.61249542236328125 91.8163299560546875 94.171661376953125 96.54433441162109375 98.5250701904296875 99.73681640625 101.599945068359375 102.80913543701171875 103.5433807373046875 103.738983154296875 103.4973297119140625 103.258575439453125 104.48525238037109375 106.788482666015625 108.135528564453125
64.99127960205078125 67.18500518798828125 69.2635345458984375 71.5145263671875 73.85480499267578125 75.57852935791015625 76.7321319580078125 77.879241943359375 78.874053955078125 80.0115509033203125 81.58895111083984375 81.78307342529296875 80.25957489013671875 79.37737274169921875 80.673980712890625 82.0829010009765625 82.21416473388671875 80.80890655517578125 78.522216796875 75.5601348876953125 72.32894134521484375 70.23548126220703125 69.514190673828125 70.175872802734375 72.11890411376953125 74.7634429931640625 77.84334564208984375 82.847015380859375 89.877410888671875 93.3967132568359375 95.47098541259765625 97.05286407470703125 97.28427886962890625 97.67940521240234375 98.48017120361328125 100.00260162353515625 100.4937286376953125 100.586273193359375 100.4077606201171875 100.23400115966796875 100.68773651123046875 102.07019805908203125 103.46927642822265625
64.569488525390625 66.77967071533203125 69.0048065185546875 71.4541778564453125 73.98785400390625 75.88871002197265625 77.197998046875 78.50852203369140625 79.76985931396484375 80.88974761962890625 81.4527740478515625 80.5831298828125 78.56404876708984375 79.5741119384765625 80.78815460205078125 81.5650177001953125 81.38459014892578125 80.3419647216796875 78.032257080078125 75.07697296142578125 71.36405181884765625 69.36553955078125 69.10411834716796875 69.8041229248046875 71.77205657958984375 74.8858642578125 78.90607452392578125 84.91551971435546875 91.93061065673828125 95.401397705078125 97.612335205078125 98.26171875 96.85883331298828125 95.061553955078125 95.30002593994140625 97.32720184326171875 98.2411651611328125 97.8326568603515625 97.58454132080078125 97.8510894775390625 98.332305908203125 98.47967529296875 98.1857147216796875
64.13918304443359375 66.2056427001953125 68.33893585205078125 70.735870361328125 73.48661041259765625 75.90631866455078125 77.69728851318359375 79.18841552734375 80.385894775390625 81.07563018798828125 80.62448883056640625 79.06146240234375 77.293304443359375 79.44905853271484375 80.5283203125 80.88669586181640625 80.5960235595703125 79.57588958740234375 77.46956634521484375 74.65247344970703125 71.123443603515625 69.04325103759765625 68.87039947509765625 70.19000244140625 72.78604888916015625 76.03491973876953125 80.381256103515625 86.8145294189453125 93.2513427734375 97.33941650390625 99.8879852294921875 99.56201934814453125 96.64003753662109375 92.73863983154296875 92.2193756103515625 94.88153076171875 96.53563690185546875 95.27614593505859375 94.788665771484375 95.50353240966796875 96.53881072998046875 95.669647216796875 93.3213348388671875
63.931560516357421875 65.797027587890625 67.6410369873046875 69.6767425537109375 72.40976715087890625 75.44001007080078125 78.07802581787109375 79.923553466796875 80.6694793701171875 80.44657135009765625 79.15132904052734375 77.2223358154296875 76.79543304443359375 78.6167144775390625 79.835968017578125 80.0537567138671875 79.95178985595703125 78.52210235595703125 76.82234954833984375 74.2966766357421875 71.02178192138671875 68.77236175537109375 68.72314453125 70.58208465576171875 73.46268463134765625 76.64453125 81.303558349609375 88.16539764404296875 94.2829742431640625 98.9241943359375 101.78366851806640625 100.49826812744140625 95.9839935302734375 91.51314544677734375 89.7003631591796875 93.06475830078125 95.1629486083984375 92.9795074462890625 92.12872314453125 93.15663909912109375 94.44085693359375 92.87542724609375 89.93341827392578125
64.28325653076171875 65.94577789306640625 67.5555877685546875 69.16878509521484375 71.4965667724609375 74.65972900390625 78.02863311767578125 80.205810546875 80.12985992431640625 78.95957183837890625 76.88819122314453125 75.29327392578125 76.37162017822265625 77.98889923095703125 79.592926025390625 79.42920684814453125 79.1577911376953125 77.70554351806640625 75.941802978515625 73.6927337646484375 70.63482666015625 68.0858001708984375 68.53488922119140625 70.99961090087890625 73.8441619873046875 76.795135498046875 81.7430572509765625 89.19293212890625 94.87793731689453125 99.2352142333984375 102.5667724609375 101.0198211669921875 95.5189971923828125 90.2926788330078125 89.01859283447265625 92.133758544921875 94.26335906982421875 91.8191070556640625 90.487213134765625 91.8249664306640625 92.99585723876953125 91.95894622802734375 89.34534454345703125
65.16292572021484375 66.65447998046875 68.2910003662109375 70.3644561767578125 73.21492767333984375 76.08597564697265625 78.26399993896484375 78.95723724365234375 77.723876953125 76.208984375 75.04860687255859375 75.23453521728515625 76.60739898681640625 78.17342376708984375 78.88372039794921875 78.40319061279296875 78.10965728759765625 77.04860687255859375 75.54166412353515625 73.0636749267578125 70.0687103271484375 68.05753326416015625 68.55657196044921875 71.3046417236328125 74.40283966064453125 77.6949462890625 82.93670654296875 90.10003662109375 94.99990081787109375 98.727203369140625 100.797454833984375 99.86719512939453125 93.90531158447265625 88.77539825439453125 87.829498291015625 91.5524749755859375 93.05277252197265625 90.98024749755859375 88.31410980224609375 89.97518157958984375 91.55884552001953125 90.966461181640625 88.4266510009765625
67.1268310546875 67.92840576171875 69.16144561767578125 71.4841156005859375 74.29170989990234375 76.2979736328125 76.9653167724609375 76.4287872314453125 75.2132110595703125 74.365020751953125 74.5939178466796875 75.66777801513671875 77.13512420654296875 78.42197418212890625 78.036956787109375 77.2437744140625 76.98729705810546875 76.49089813232421875 75.3737030029296875 72.66786956787109375 69.287109375 68.05753326416015625 69.5774993896484375 73.46370697021484375 77.31618499755859375 81.410430908203125 86.47197723388671875 91.68184661865234375 95.6256103515625 98.46533203125 98.355316162109375 96.60242462158203125 90.66881561279296875 86.3581085205078125 87.30309295654296875 91.13129425048828125 91.955718994140625 89.41948699951171875 85.664398193359375 87.28855133056640625 89.62035369873046875 89.7206878662109375 87.37237548828125
69.2641143798828125 69.703460693359375 70.56333160400390625 72.49399566650390625 74.53235626220703125 75.498687744140625 75.2216033935546875 74.27671051025390625 73.57544708251953125 73.67919158935546875 74.75330352783203125 76.07750701904296875 77.500579833984375 78.0811767578125 77.01790618896484375 76.1515655517578125 75.89128875732421875 75.8040008544921875 74.85800933837890625 72.08313751220703125 68.05753326416015625 68.0769805908203125 71.8319244384765625 76.70349884033203125 81.5528106689453125 86.20433807373046875 90.34051513671875 93.77133941650390625 96.5329132080078125 97.313018798828125 95.48381805419921875 92.77553558349609375 87.67781829833984375 83.87836456298828125 86.74176788330078125 90.66388702392578125 90.94585418701171875 87.0333099365234375 82.85581207275390625 84.16437530517578125 86.962493896484375 88.2240142822265625 86.44073486328125
71.0670318603515625 71.57311248779296875 72.16660308837890625 73.1190948486328125 73.92279815673828125 74.02420806884765625 73.5113067626953125 72.976409912109375 73.115142822265625 73.96913909912109375 75.15436553955078125 76.3809051513671875 77.60819244384765625 77.22124481201171875 75.9925537109375 75.1724395751953125 74.7035369873046875 74.61473846435546875 73.56148529052734375 70.65235137939453125 67.8600921630859375 69.921905517578125 75.21421051025390625 80.67472076416015625 86.104217529296875 90.30809783935546875 93.13189697265625 95.6443023681640625 96.775115966796875 94.90667724609375 92.45388031005859375 89.53691864013671875 85.6787567138671875 81.76488494873046875 85.04488372802734375 89.4784698486328125 89.4889984130859375 84.2404937744140625 80.40512847900390625 81.22017669677734375 83.78209686279296875 86.41986846923828125 85.7086334228515625
72.1952667236328125 72.779541015625 73.07489013671875 72.92943572998046875 72.61267852783203125 72.31458282470703125 71.93756103515625 72.2071533203125 73.5582275390625 74.736114501953125 75.767669677734375 76.8066558837890625 77.62485504150390625 76.4913482666015625 75.2658233642578125 74.2281494140625 73.18695831298828125 72.5573883056640625 71.3501434326171875 67.8600921630859375 69.28729248046875 73.81485748291015625 79.2903289794921875 85.69012451171875 90.28701019287109375 92.4817352294921875 94.6393890380859375 96.03241729736328125 94.74208831787109375 92.20879364013671875 89.72858428955078125 87.0289306640625 83.32411956787109375 79.54518890380859375 80.90130615234375 86.16139984130859375 86.31061553955078125 82.109375 79.082611083984375 79.22992706298828125 80.95774078369140625 84.0276336669921875 84.868560791015625
71.46230316162109375 71.28086090087890625 71.2679290771484375 71.20282745361328125 70.94533538818359375 71.03501129150390625 71.81468963623046875 72.96254730224609375 74.2374114990234375 75.42607879638671875 76.3037261962890625 77.01458740234375 76.82810211181640625 75.8432464599609375 74.6952362060546875 73.734527587890625 72.69680023193359375 71.72228240966796875 70.45325469970703125 67.8600921630859375 70.92252349853515625 76.57912445068359375 83.0005035400390625 88.525665283203125 91.52063751220703125 93.334625244140625 95.1958465576171875 95.67840576171875 93.77054595947265625 91.48950958251953125 88.8124847412109375 84.865753173828125 80.9607086181640625 78.24570465087890625 79.72887420654296875 83.10102081298828125 83.33972930908203125 80.61212921142578125 78.4776611328125 78.11236572265625 79.28202056884765625 82.090179443359375 83.96154022216796875
70.59009552001953125 70.15594482421875 69.9000701904296875 70.05194854736328125 70.40240478515625 70.97008514404296875 72.00371551513671875 73.34368133544921875 74.62625885009765625 75.66135406494140625 76.40607452392578125 76.7812042236328125 76.09124755859375 75.199859619140625 74.18975067138671875 73.18064117431640625 72.1408843994140625 71.09976959228515625 68.13809967041015625 67.8600921630859375 72.59210205078125 78.52979278564453125 85.57544708251953125 90.2452850341796875 92.23308563232421875 93.9488983154296875 95.1951904296875 94.87994384765625 93.1151123046875 91.06922149658203125 88.3736114501953125 84.30279541015625 80.39974212646484375 77.2515411376953125 78.42171478271484375 80.46828460693359375 80.80889892578125 79.41420745849609375 77.76616668701171875 77.02960205078125 78.23389434814453125 81.03900909423828125 83.49213409423828125
