02_Arimura/02_MK_TOPO/01_RR_DR/input/dem_10m.asc
ncols        240
nrows        260
xllcorner    -32410.000000000000
yllcorner    -160030.000000000000
cellsize     10.000000000000
NODATA_value  -999
[rows 95 to 113 of 260, columns 0 to 42 of 240]
703.8165283203125 704.35052490234375 706.1041259765625 707.1461181640625 707.59912109375 707.745361328125 707.63885498046875 707.249755859375 706.57354736328125 706.579833984375 707.32177734375 707.56341552734375 706.707275390625 705.2445068359375 703.59490966796875 701.51416015625 698.43701171875 695.1351318359375 692.9044189453125 692.25970458984375 691.38275146484375 689.83929443359375 689.2559814453125 690.19573974609375 690.98040771484375 691.16986083984375 690.45452880859375 689.120849609375 687.099609375 684.62872314453125 681.56884765625 677.02447509765625 672.11004638671875 668.98895263671875 665.75103759765625 660.73809814453125 655.6575927734375 650.516845703125 643.6375732421875 638.77813720703125 635.0550537109375 628.8951416015625 624.84637451171875
696.89068603515625 698.04449462890625 699.71636962890625 701.1429443359375 701.620361328125 701.380615234375 700.94207763671875 700.421142578125 699.84722900390625 700.09283447265625 700.97564697265625 701.081787109375 700.17877197265625 699.07598876953125 697.79571533203125 696.2056884765625 693.86700439453125 690.827880859375 687.96746826171875 686.43719482421875 685.7913818359375 685.016845703125 683.9085693359375 683.9969482421875 684.62139892578125 684.9239501953125 684.32080078125 683.0135498046875 681.1337890625 678.89971923828125 676.216796875 672.366455078125 666.94744873046875 661.67022705078125 658.65850830078125 655.38470458984375 651.8380126953125 647.3885498046875 640.627197265625 633.14654541015625 630.33074951171875 625.4635009765625 618.904296875
691.510009765625 693.06072998046875 694.44879150390625 695.46160888671875 695.89862060546875 695.85552978515625 695.46893310546875 694.93206787109375 694.68023681640625 694.82098388671875 695.2535400390625 695.21453857421875 694.46807861328125 693.655029296875 692.58099365234375 691.06170654296875 689.08416748046875 686.559814453125 683.4881591796875 680.71087646484375 680.03460693359375 679.8414306640625 678.71697998046875 677.0946044921875 677.382080078125 678.16070556640625 677.6890869140625 676.3031005859375 674.4345703125 672.31768798828125 669.74969482421875 666.13275146484375 661.19940185546875 655.41607666015625 650.7222900390625 649.04779052734375 646.6392822265625 642.8692626953125 637.40008544921875 628.91888427734375 623.67913818359375 620.844970703125 615.18646240234375
683.89849853515625 686.83465576171875 688.7249755859375 689.85162353515625 690.75433349609375 691.1876220703125 690.75146484375 689.98333740234375 689.8402099609375 690.06951904296875 690.22662353515625 689.9000244140625 689.045166015625 688.1048583984375 686.952392578125 685.42999267578125 683.7108154296875 681.64215087890625 679.4453125 676.93701171875 674.79840087890625 674.26544189453125 673.18255615234375 671.56939697265625 670.74652099609375 671.1240234375 670.892333984375 669.690673828125 668.12127685546875 666.25787353515625 663.58154296875 659.85333251953125 655.16046142578125 650.33245849609375 646.97430419921875 644.38079833984375 641.73602294921875 637.76092529296875 630.9083251953125 625.63909912109375 619.39715576171875 613.79925537109375 607.81646728515625
676.6192626953125 679.44598388671875 681.27947998046875 682.70751953125 683.959716796875 684.479736328125 684.30572509765625 684.10198974609375 684.20220947265625 684.024169921875 683.444091796875 682.905517578125 682.49786376953125 681.92279052734375 680.9976806640625 679.8302001953125 678.56396484375 677.31549072265625 675.59698486328125 673.37042236328125 670.61407470703125 669.3558349609375 668.3907470703125 666.747802734375 665.4178466796875 665.45123291015625 665.1143798828125 663.9462890625 662.435546875 660.29071044921875 657.0872802734375 653.394287109375 650.00689697265625 647.08465576171875 644.43206787109375 641.25177001953125 637.4019775390625 632.45880126953125 625.93115234375 622.03009033203125 616.84814453125 610.90142822265625 603.9219970703125
669.29791259765625 671.787353515625 673.77239990234375 675.56298828125 676.81610107421875 677.18609619140625 677.1741943359375 677.48553466796875 678.1995849609375 678.1754150390625 677.60797119140625 677.286376953125 677.1177978515625 676.62884521484375 675.5662841796875 674.37872314453125 673.5238037109375 672.77239990234375 671.3558349609375 669.0029296875 665.9091796875 664.85870361328125 663.92791748046875 662.1090087890625 660.29486083984375 659.87396240234375 659.3572998046875 658.1600341796875 656.43414306640625 654.05682373046875 650.95330810546875 647.86639404296875 645.72723388671875 644.18304443359375 641.8671875 638.2890625 634.1322021484375 628.83978271484375 622.0531005859375 618.00421142578125 613.97747802734375 608.71966552734375 601.1536865234375
662.434814453125 664.29046630859375 666.08984375 667.799560546875 669.39398193359375 669.90679931640625 670.19500732421875 670.92108154296875 672.23077392578125 672.7020263671875 672.6358642578125 672.70928955078125 672.5416259765625 671.85406494140625 670.46923828125 668.96697998046875 668.4112548828125 667.79449462890625 666.39013671875 663.88818359375 660.9810791015625 660.46527099609375 659.11981201171875 657.26312255859375 654.9874267578125 654.1143798828125 653.45416259765625 652.25555419921875 650.3958740234375 648.09466552734375 645.57373046875 643.1690673828125 641.3902587890625 640.06494140625 637.9266357421875 634.3150634765625 630.88909912109375 626.2718505859375 619.12921142578125 614.3734130859375 610.3388671875 605.43017578125 598.29791259765625
656.6820068359375 657.58270263671875 658.3846435546875 659.30279541015625 661.86065673828125 663.10638427734375 664.05120849609375 665.1669921875 666.46795654296875 667.08905029296875 667.22833251953125 667.44781494140625 667.2969970703125 666.446533203125 665.0576171875 663.442626953125 663.0831298828125 662.536865234375 660.80517578125 658.75 656.96136474609375 655.938232421875 653.493896484375 652.03057861328125 649.70556640625 648.66558837890625 647.89501953125 646.79254150390625 645.39697265625 643.42315673828125 640.96942138671875 638.21234130859375 635.50592041015625 633.45550537109375 631.39697265625 628.5089111328125 625.3843994140625 621.81292724609375 617.39691162109375 612.607421875 607.32305908203125 601.86279296875 596.20703125
652.4696044921875 653.60113525390625 653.96099853515625 654.62933349609375 656.36529541015625 657.923583984375 659.0792236328125 659.843017578125 660.11090087890625 660.053466796875 659.96209716796875 660.24578857421875 660.41156005859375 659.790771484375 658.89630126953125 658.08380126953125 657.7559814453125 657.4754638671875 656.5849609375 654.60443115234375 652.8157958984375 652.02288818359375 649.51776123046875 647.103759765625 645.532958984375 644.590087890625 643.642578125 642.3343505859375 640.84649658203125 638.78546142578125 636.2532958984375 632.6490478515625 628.5245361328125 626.16455078125 624.1986083984375 621.2218017578125 619.19976806640625 616.18145751953125 613.05963134765625 609.34564208984375 604.5994873046875 599.96905517578125 594.6097412109375
648.09710693359375 649.0369873046875 649.010009765625 650.4678955078125 652.5528564453125 653.91949462890625 654.63909912109375 654.9283447265625 654.98187255859375 654.87451171875 654.7144775390625 654.80133056640625 654.74273681640625 654.11004638671875 653.3873291015625 652.72503662109375 652.5274658203125 652.830078125 652.32147216796875 650.6800537109375 649.154541015625 649.049560546875 647.1817626953125 644.809814453125 642.7298583984375 640.87042236328125 639.0169677734375 637.22186279296875 635.503662109375 633.76495361328125 631.35125732421875 627.13885498046875 622.41156005859375 619.61883544921875 617.1258544921875 613.59722900390625 611.84088134765625 610.37078857421875 608.0489501953125 604.92132568359375 600.9632568359375 597.23809814453125 593.214599609375
643.21197509765625 644.0811767578125 644.4947509765625 646.38385009765625 648.4102783203125 649.64874267578125 650.0849609375 650.130126953125 649.96160888671875 649.7314453125 649.698486328125 649.71746826171875 649.36285400390625 648.6845703125 648.1025390625 647.80963134765625 648.02130126953125 648.4178466796875 648.056640625 647.30120849609375 646.03289794921875 646.078125 644.75775146484375 642.8831787109375 640.43536376953125 637.7030029296875 634.88916015625 632.25811767578125 630.097412109375 628.33404541015625 625.72882080078125 621.35992431640625 616.6607666015625 613.53033447265625 611.01983642578125 607.76397705078125 606.01629638671875 605.2164306640625 603.21588134765625 600.85150146484375 597.73651123046875 594.72308349609375 591.48028564453125
638.3507080078125 638.9744873046875 639.8729248046875 641.9810791015625 643.728515625 644.901611328125 645.28948974609375 645.3089599609375 644.88543701171875 644.49407958984375 644.67205810546875 644.794677734375 644.232666015625 643.4622802734375 643.1451416015625 643.41009521484375 643.84808349609375 643.970458984375 643.99188232421875 644.1016845703125 643.18634033203125 643.0072021484375 641.99114990234375 640.5592041015625 638.25030517578125 635.19183349609375 631.81402587890625 628.294677734375 625.34893798828125 622.6981201171875 619.4293212890625 615.4033203125 611.33526611328125 608.1866455078125 605.94287109375 603.23895263671875 601.0760498046875 600.150146484375 598.30645751953125 597.17205810546875 595.00677490234375 592.429443359375 589.138916015625
633.58502197265625 633.63897705078125 634.85479736328125 637.00506591796875 638.27349853515625 639.25982666015625 639.9859619140625 640.18768310546875 639.54486083984375 638.97528076171875 639.35125732421875 639.695556640625 638.87799072265625 637.90167236328125 638.18670654296875 639.03668212890625 639.259033203125 639.0927734375 639.8935546875 640.40301513671875 639.88323974609375 639.71624755859375 638.98223876953125 637.6929931640625 635.93182373046875 633.200927734375 629.8580322265625 625.80560302734375 621.73101806640625 617.23504638671875 612.861572265625 609.4385986328125 606.458740234375 603.72686767578125 601.399658203125 598.48248291015625 595.2779541015625 594.221435546875 592.7100830078125 593.117431640625 592.0350341796875 589.67657470703125 586.0870361328125
628.11761474609375 627.4788818359375 629.90435791015625 631.42401123046875 631.3116455078125 631.5948486328125 633.495361328125 634.1806640625 633.3319091796875 632.270751953125 632.79559326171875 633.2969970703125 631.4383544921875 629.97052001953125 631.5694580078125 633.00958251953125 633.169677734375 633.0582275390625 634.18328857421875 635.10302734375 634.2025146484375 635.26727294921875 635.6170654296875 634.7852783203125 633.3428955078125 630.91632080078125 627.76763916015625 623.866455078125 618.8511962890625 612.69232177734375 606.982177734375 603.22662353515625 600.83154296875 598.55279541015625 596.00299072265625 592.77056884765625 589.44158935546875 588.0859375 586.88885498046875 587.60076904296875 586.90313720703125 584.9254150390625 581.9962158203125
621.50640869140625 621.7003173828125 623.1842041015625 624.419189453125 624.847412109375 624.9222412109375 626.5985107421875 627.6031494140625 626.626220703125 625.51007080078125 626.27081298828125 626.77239990234375 624.63824462890625 622.96820068359375 624.6090087890625 626.29595947265625 626.70263671875 626.83935546875 627.69146728515625 628.84228515625 628.00634765625 631.23126220703125 632.2354736328125 631.86859130859375 630.34027099609375 628.05889892578125 625.13787841796875 621.838134765625 616.3682861328125 609.86676025390625 603.724609375 598.17266845703125 594.2801513671875 592.1492919921875 590.04962158203125 587.8297119140625 585.46923828125 583.27313232421875 580.53277587890625 580.10986328125 579.9376220703125 578.994384765625 576.97186279296875
616.93505859375 616.860595703125 617.7525634765625 618.619384765625 619.3065185546875 619.11737060546875 620.310302734375 621.2235107421875 620.11083984375 619.04571533203125 619.98211669921875 620.41754150390625 618.2418212890625 616.28643798828125 617.24493408203125 619.31268310546875 620.54376220703125 620.7197265625 621.4898681640625 622.4158935546875 621.9310302734375 624.6075439453125 626.612548828125 627.0126953125 626.119873046875 624.4837646484375 621.94390869140625 617.96746826171875 612.48699951171875 606.9327392578125 600.9417724609375 594.1317138671875 588.79998779296875 586.14617919921875 584.41949462890625 582.93994140625 581.0697021484375 578.6495361328125 575.21270751953125 572.49151611328125 573.15087890625 573.01715087890625 571.8603515625
612.93572998046875 612.52880859375 613.1612548828125 614.02362060546875 614.59478759765625 613.927001953125 614.4945068359375 615.10943603515625 613.52313232421875 612.201904296875 613.19732666015625 613.586181640625 611.4564208984375 609.4306640625 610.368408203125 613.50067138671875 614.94610595703125 614.9559326171875 615.1707763671875 615.82470703125 616.7545166015625 618.5810546875 620.23040771484375 621.16680908203125 621.00885009765625 619.81671142578125 617.47491455078125 613.15155029296875 608.28875732421875 603.7568359375 597.96258544921875 590.78070068359375 584.47576904296875 580.48699951171875 578.43621826171875 577.11004638671875 575.737548828125 573.39208984375 570.15863037109375 565.65850830078125 565.85198974609375 566.63714599609375 566.70123291015625
608.7919921875 608.17364501953125 608.912841796875 610.1453857421875 610.1529541015625 608.86492919921875 608.89971923828125 608.86505126953125 606.560791015625 604.77996826171875 605.6331787109375 606.09527587890625 604.21087646484375 602.326904296875 603.9111328125 608.47113037109375 609.64495849609375 609.54840087890625 609.011962890625 609.8310546875 612.67156982421875 614.4786376953125 614.3394775390625 615.17523193359375 615.31915283203125 614.146240234375 611.78863525390625 608.322509765625 604.33056640625 599.80511474609375 593.85406494140625 587.06524658203125 580.4542236328125 574.8656005859375 571.6014404296875 569.81756591796875 569.21337890625 567.16656494140625 564.4359130859375 559.7198486328125 557.814697265625 559.76409912109375 561.43377685546875
604.4832763671875 603.33538818359375 604.6307373046875 606.2000732421875 605.16448974609375 603.3134765625 603.150634765625 601.803466796875 599.1082763671875 597.2291259765625 597.6209716796875 598.36688232421875 597.26641845703125 595.37664794921875 596.66448974609375 601.70001220703125 603.8023681640625 604.1864013671875 604.28485107421875 606.1871337890625 609.00811767578125 609.96978759765625 609.2000732421875 609.14410400390625 609.083984375 608.32135009765625 606.32708740234375 603.6956787109375 599.4617919921875 593.35333251953125 586.768798828125 580.59686279296875 574.6973876953125 569.10321044921875 564.42193603515625 561.62530517578125 560.93048095703125 560.66461181640625 557.93365478515625 553.3135986328125 551.79327392578125 553.9891357421875 556.2437744140625
