02_Arimura/02_MK_TOPO/01_RR_DR/input/dem_10m.asc
ncols        240
nrows        260
xllcorner    -32410.000000000000
yllcorner    -160030.000000000000
cellsize     10.000000000000
NODATA_value  -999
[rows 19 to 37 of 260, columns 86 to 128 of 240]
657.77734375 650.84381103515625 641.609130859375 633.3270263671875 627.1112060546875 622.7403564453125 618.80279541015625 613.49505615234375 607.4549560546875 602.78607177734375 596.4281005859375 589.10443115234375 582.98101806640625 576.2672119140625 569.58782958984375 563.64837646484375 557.56787109375 551.766845703125 547.46728515625 543.80584716796875 539.43853759765625 535.02947998046875 530.9364013671875 527.1590576171875 523.12005615234375 517.8365478515625 512.0218505859375 508.12744140625 504.318878173828125 500.633148193359375 497.125823974609375 492.73077392578125 488.4320068359375 484.78790283203125 481.477386474609375 477.946746826171875 472.87677001953125 467.473876953125 463.69384765625 460.14923095703125 455.711090087890625 449.726776123046875 444.925537109375
660.78948974609375 654.08709716796875 644.6070556640625 636.854736328125 631.19232177734375 626.40106201171875 623.15557861328125 618.96575927734375 612.4840087890625 606.81512451171875 601.07794189453125 592.59521484375 585.46124267578125 579.12451171875 573.69970703125 568.88726806640625 562.55584716796875 555.4080810546875 549.836181640625 545.46771240234375 541.35247802734375 537.91595458984375 534.51690673828125 530.59002685546875 526.34039306640625 521.272705078125 516.63800048828125 512.2919921875 508.422149658203125 504.711517333984375 501.055938720703125 496.53790283203125 491.738128662109375 487.79681396484375 484.546966552734375 481.286468505859375 476.399932861328125 471.0479736328125 467.32293701171875 463.7838134765625 459.3673095703125 452.9674072265625 446.9510498046875
663.970703125 657.11920166015625 647.890869140625 641.797607421875 635.7879638671875 629.1063232421875 625.464111328125 622.131591796875 617.1163330078125 609.68328857421875 603.8560791015625 597.5791015625 590.9107666015625 584.341796875 578.7650146484375 573.451171875 566.3541259765625 559.17218017578125 553.91387939453125 549.26849365234375 545.16949462890625 542.00408935546875 538.27850341796875 534.12640380859375 530.1715087890625 525.6456298828125 520.98138427734375 515.8212890625 511.7564697265625 507.840728759765625 503.882720947265625 499.487030029296875 494.756134033203125 490.5394287109375 486.791839599609375 482.9888916015625 479.044769287109375 474.823699951171875 470.495880126953125 466.564178466796875 462.79595947265625 458.53375244140625 451.153228759765625
666.2550048828125 659.82000732421875 652.215087890625 645.44696044921875 639.37054443359375 631.6748046875 626.73974609375 622.79150390625 617.4527587890625 610.05499267578125 604.17926025390625 598.749267578125 593.27294921875 587.34906005859375 581.0303955078125 574.3746337890625 567.02001953125 560.283447265625 555.31158447265625 551.15643310546875 547.26568603515625 543.6978759765625 539.78399658203125 534.83392333984375 530.75732421875 525.67462158203125 520.009765625 515.2100830078125 510.389801025390625 506.165924072265625 502.229156494140625 498.733123779296875 495.210662841796875 491.37017822265625 486.667205810546875 481.828765869140625 477.72314453125 474.077423095703125 470.11553955078125 465.569244384765625 461.643585205078125 459.302215576171875 455.090911865234375
667.00555419921875 660.77783203125 653.84912109375 646.9727783203125 640.89337158203125 633.9459228515625 627.91943359375 622.70574951171875 615.21356201171875 608.16278076171875 602.43798828125 598.0687255859375 593.36407470703125 587.79559326171875 581.45245361328125 574.53326416015625 567.095458984375 560.51129150390625 555.74212646484375 551.79595947265625 547.97857666015625 544.3736572265625 540.49468994140625 535.53094482421875 530.4564208984375 525.3836669921875 519.80389404296875 514.98504638671875 510.188690185546875 504.880523681640625 500.29254150390625 496.899261474609375 493.773590087890625 490.516693115234375 486.297821044921875 481.57745361328125 477.415283203125 473.7027587890625 469.6583251953125 465.14324951171875 461.100799560546875 458.26861572265625 454.825714111328125
666.864501953125 660.80426025390625 654.189453125 647.46405029296875 641.36883544921875 634.86407470703125 628.47454833984375 622.77044677734375 613.64239501953125 606.919677734375 601.5634765625 597.36749267578125 593.06011962890625 587.7601318359375 581.531494140625 575.0040283203125 567.57708740234375 560.61468505859375 555.75482177734375 551.91912841796875 548.1732177734375 544.607666015625 540.76898193359375 535.9322509765625 530.5595703125 525.41607666015625 519.91571044921875 514.9737548828125 510.034820556640625 504.572662353515625 499.6087646484375 495.5963134765625 492.045135498046875 488.90093994140625 485.466461181640625 481.520843505859375 477.609832763671875 473.8475341796875 469.87628173828125 465.73065185546875 461.8193359375 458.369293212890625 455.05682373046875
665.98590087890625 660.06060791015625 653.51715087890625 647.00079345703125 640.8897705078125 634.73260498046875 628.6688232421875 623.0670166015625 614.3125 607.1116943359375 601.77008056640625 597.22344970703125 592.9095458984375 587.607666015625 581.38897705078125 575.22979736328125 567.65704345703125 560.26800537109375 555.384521484375 551.6063232421875 547.95068359375 544.48516845703125 540.6663818359375 535.69305419921875 530.2232666015625 525.03240966796875 519.60064697265625 514.48040771484375 509.42327880859375 504.451873779296875 499.54168701171875 494.76971435546875 490.3819580078125 486.885223388671875 483.900054931640625 480.7955322265625 477.43304443359375 473.892730712890625 470.16510009765625 466.312530517578125 462.493499755859375 458.87176513671875 455.747802734375
664.5008544921875 658.68170166015625 652.06817626953125 645.7335205078125 639.618896484375 633.70159912109375 628.331787109375 623.2506103515625 616.42120361328125 608.23931884765625 602.41485595703125 597.50921630859375 593.0015869140625 587.46038818359375 581.04931640625 574.829833984375 567.01812744140625 559.5352783203125 554.75677490234375 550.96392822265625 547.41168212890625 544.0692138671875 540.22882080078125 534.73516845703125 528.89056396484375 523.68402099609375 518.40814208984375 513.145263671875 508.263916015625 503.76446533203125 499.1644287109375 494.0286865234375 488.89678955078125 484.702178955078125 481.397491455078125 478.689208984375 476.080535888671875 473.112579345703125 469.652130126953125 465.72821044921875 461.731201171875 458.306243896484375 455.55987548828125
662.5091552734375 656.75347900390625 650.05035400390625 643.93487548828125 637.83172607421875 631.6170654296875 626.7293701171875 622.562255859375 616.3409423828125 608.4227294921875 602.10430908203125 597.2777099609375 592.943359375 587.3331298828125 580.615234375 574.05908203125 566.55810546875 559.36785888671875 554.25274658203125 550.2808837890625 546.83349609375 543.49072265625 539.52728271484375 533.5433349609375 527.445068359375 521.8092041015625 516.68731689453125 511.655303955078125 507.151397705078125 502.69573974609375 498.159454345703125 493.158782958984375 487.846435546875 482.521759033203125 477.916961669921875 475.006683349609375 473.248138427734375 471.15484619140625 467.955963134765625 463.982696533203125 460.230010986328125 457.16156005859375 454.415130615234375
659.605712890625 653.11865234375 646.9814453125 641.72467041015625 635.6322021484375 629.5567626953125 625.33978271484375 621.2496337890625 614.3409423828125 607.37127685546875 601.59735107421875 596.85833740234375 592.40875244140625 586.586669921875 579.83648681640625 573.03485107421875 565.41070556640625 558.7222900390625 554.00408935546875 549.792724609375 546.0975341796875 542.77545166015625 538.71148681640625 531.895263671875 524.3616943359375 518.29296875 513.11065673828125 508.31561279296875 503.091400146484375 498.885650634765625 495.269927978515625 490.953704833984375 484.95050048828125 478.841949462890625 473.608184814453125 470.92724609375 469.8355712890625 467.584442138671875 463.8304443359375 460.4967041015625 458.430877685546875 456.0408935546875 453.110809326171875
655.8837890625 649.3497314453125 644.16290283203125 639.1669921875 633.30560302734375 627.67919921875 623.35394287109375 618.7437744140625 611.67120361328125 605.86566162109375 600.44769287109375 595.60833740234375 591.04852294921875 584.9896240234375 578.30914306640625 571.5416259765625 564.202392578125 558.0543212890625 553.61968994140625 549.37371826171875 545.42352294921875 541.7037353515625 537.192626953125 530.1270751953125 521.63031005859375 515.6939697265625 510.31573486328125 504.2552490234375 499.00189208984375 494.60693359375 491.131439208984375 486.19183349609375 480.6092529296875 474.9720458984375 470.494354248046875 467.974822998046875 466.2796630859375 463.9017333984375 460.622039794921875 457.602783203125 455.77734375 454.02081298828125 452.17474365234375
652.45025634765625 646.28997802734375 641.38592529296875 636.44598388671875 630.9481201171875 625.8536376953125 621.22320556640625 615.49932861328125 609.11627197265625 603.99896240234375 598.76397705078125 593.8250732421875 588.66845703125 582.38531494140625 576.1195068359375 569.84527587890625 563.10821533203125 557.3892822265625 553.01019287109375 548.7432861328125 544.6431884765625 540.5318603515625 535.37762451171875 528.27410888671875 519.81927490234375 514.19342041015625 508.61297607421875 502.0107421875 496.769134521484375 491.7236328125 487.038330078125 481.00982666015625 475.810516357421875 471.2489013671875 467.77716064453125 465.365570068359375 463.33477783203125 461.084625244140625 458.216217041015625 455.114227294921875 452.69769287109375 451.07232666015625 450.029205322265625
649.95648193359375 643.93682861328125 638.62445068359375 633.72808837890625 628.6339111328125 623.8094482421875 618.5626220703125 611.89044189453125 606.65716552734375 601.67169189453125 596.36785888671875 591.23974609375 585.38238525390625 579.15740966796875 573.51043701171875 568.01416015625 562.065673828125 556.6500244140625 552.121337890625 547.75286865234375 543.546875 539.12835693359375 533.48040771484375 526.58843994140625 518.935546875 513.4385986328125 507.749664306640625 501.8760986328125 496.396087646484375 490.59375 484.2730712890625 477.56292724609375 471.9697265625 467.99993896484375 464.76611328125 462.41290283203125 460.82196044921875 458.766204833984375 455.76971435546875 452.54864501953125 449.715240478515625 447.687744140625 446.238494873046875
648.4224853515625 641.81640625 636.0045166015625 631.17620849609375 626.40179443359375 621.29473876953125 614.82196044921875 608.35809326171875 603.87677001953125 598.7890625 593.0906982421875 587.4591064453125 581.63531494140625 576.01361083984375 570.787109375 565.92779541015625 560.795166015625 555.647705078125 550.89898681640625 546.37127685546875 541.91455078125 537.03411865234375 531.4820556640625 525.451171875 518.4525146484375 512.67230224609375 506.98980712890625 501.49090576171875 495.818328857421875 489.792755126953125 483.887481689453125 477.412200927734375 470.85302734375 465.612884521484375 461.38543701171875 458.939727783203125 457.12872314453125 454.689727783203125 452.00457763671875 449.46063232421875 447.25 445.032623291015625 442.8963623046875
645.64178466796875 639.315185546875 634.05963134765625 629.03436279296875 624.15716552734375 618.79779052734375 612.00738525390625 606.39019775390625 601.6070556640625 596.3551025390625 590.70648193359375 584.89495849609375 578.83941650390625 572.82000732421875 567.75390625 563.2149658203125 558.52764892578125 553.56744384765625 548.7281494140625 544.18609619140625 539.62762451171875 534.8338623046875 529.4620361328125 523.41839599609375 517.26953125 511.275177001953125 505.590667724609375 499.937835693359375 494.48101806640625 488.615386962890625 482.60205078125 476.400604248046875 470.512725830078125 465.464752197265625 460.820587158203125 455.8482666015625 452.055145263671875 449.92608642578125 448.28662109375 446.9957275390625 445.685760498046875 443.329437255859375 440.839813232421875
642.79168701171875 636.9990234375 631.83544921875 626.86614990234375 621.9844970703125 616.0867919921875 609.5408935546875 604.7034912109375 599.807373046875 594.4620361328125 589.0433349609375 583.3494873046875 577.12786865234375 570.84588623046875 565.6153564453125 560.89825439453125 556.0338134765625 551.0799560546875 546.329833984375 541.7857666015625 537.1871337890625 532.3656005859375 527.056640625 521.10260009765625 515.08612060546875 509.20306396484375 504.00091552734375 498.377471923828125 492.4429931640625 486.564605712890625 480.63330078125 474.711181640625 469.3507080078125 464.643768310546875 459.501007080078125 453.4095458984375 448.647369384765625 446.33349609375 445.2177734375 444.53619384765625 443.7054443359375 441.8621826171875 439.677581787109375
639.94439697265625 634.53863525390625 629.3626708984375 624.40240478515625 619.24053955078125 613.00262451171875 607.31640625 602.8624267578125 597.70062255859375 592.04510498046875 587.16802978515625 581.94097900390625 575.62799072265625 569.35272216796875 563.9359130859375 558.96124267578125 553.92950439453125 548.68115234375 543.6490478515625 539.071044921875 534.44403076171875 529.440185546875 523.9364013671875 517.87359619140625 511.88116455078125 506.90277099609375 502.128265380859375 496.324981689453125 490.129974365234375 483.918182373046875 478.291046142578125 472.866424560546875 467.947265625 463.409088134765625 457.93682861328125 451.537750244140625 446.336090087890625 443.483673095703125 442.366363525390625 442.017669677734375 441.47735595703125 440.211639404296875 438.2684326171875
637.03973388671875 631.7918701171875 626.638671875 621.5528564453125 616.0643310546875 609.96942138671875 605.12725830078125 600.6435546875 595.09881591796875 589.4615478515625 585.03619384765625 580.11285400390625 573.83203125 567.73675537109375 562.2203369140625 557.10205078125 551.94537353515625 546.2255859375 540.75543212890625 536.14447021484375 531.45947265625 526.25982666015625 520.540283203125 514.21527099609375 508.408172607421875 504.38043212890625 499.69915771484375 493.615081787109375 487.43939208984375 481.008026123046875 475.83673095703125 470.8851318359375 466.204864501953125 461.712921142578125 456.39239501953125 450.208984375 444.728424072265625 441.128692626953125 439.552703857421875 439.292999267578125 439.133331298828125 438.33038330078125 436.1884765625
633.93658447265625 628.65350341796875 623.547607421875 618.271728515625 612.75335693359375 607.35284423828125 602.77508544921875 597.88720703125 592.08935546875 587.2625732421875 582.9261474609375 577.6441650390625 571.4742431640625 565.5550537109375 560.049072265625 554.92279052734375 549.5208740234375 543.4639892578125 537.9068603515625 533.3048095703125 528.4989013671875 523.22833251953125 517.52508544921875 511.0216064453125 505.6177978515625 501.474334716796875 496.4813232421875 490.33587646484375 484.09759521484375 478.162017822265625 473.422332763671875 468.518829345703125 463.70947265625 459.378082275390625 454.875885009765625 449.338226318359375 443.558807373046875 439.2213134765625 436.8828125 436.2259521484375 436.7181396484375 436.457489013671875 433.759979248046875
