01_Terauchi/04_EXE_SIMU/01_RR_DR/output_misc/gradave.asc
ncols  372
nrows  253
xllcorner     -26340.000
yllcorner      43260.000
cellsize     30.000
NODATA_value -9999.000
[rows 96 to 127 of 253, columns 216 to 287 of 372]
15.925 30.298 25.701 4.903 14.610 12.158 10.804 12.358 17.677 16.542 22.216 26.649 30.011 25.833 29.940 22.131 28.049 36.442 19.248 21.540 27.714 26.477 11.368 9.940 14.601 18.058 31.433 45.652 39.641 35.234 50.026 67.643 47.008 11.625 34.278 39.813 43.447 37.474 6.090 21.966 33.742 47.497 40.472 30.959 38.432 39.819 13.993 26.635 23.045 22.035 20.890 10.482 18.061 15.580 8.796 11.297 12.900 11.390 8.152 13.062 5.116 18.266 29.524 34.775 27.961 24.813 16.143 13.846 36.357 25.751 25.540 23.538
26.657 40.377 41.989 35.536 12.874 8.858 6.451 5.041 10.876 12.440 13.689 18.128 21.491 25.362 27.445 18.705 22.423 30.389 37.723 48.774 39.609 36.836 32.386 32.620 21.230 22.332 23.836 29.389 37.760 45.272 40.885 53.410 56.537 54.723 55.084 48.437 56.120 45.228 10.663 40.693 30.297 40.339 16.841 35.026 34.831 26.210 12.741 23.509 24.979 40.796 19.413 5.007 6.191 13.822 10.408 8.199 2.325 10.239 27.343 23.461 12.836 22.722 27.551 30.711 20.080 21.292 20.244 15.174 26.995 28.066 22.676 31.617
36.950 28.104 40.910 43.933 31.407 8.349 3.787 3.934 9.232 8.674 8.707 14.691 17.257 23.898 24.891 23.332 27.604 28.366 31.757 45.897 49.350 40.330 39.548 37.822 35.024 42.579 27.104 12.653 29.034 35.211 39.754 38.526 35.181 42.896 47.293 46.129 45.978 39.104 32.887 43.839 45.767 35.145 16.333 27.452 26.949 18.180 37.226 35.605 38.415 34.788 1.408 11.248 25.110 26.403 17.745 23.483 17.074 24.158 22.544 25.960 12.994 19.718 25.988 22.350 15.878 19.680 17.901 16.601 24.237 24.395 24.575 28.938
33.645 20.275 41.699 41.982 41.796 37.544 22.243 20.299 25.780 25.970 15.234 12.619 17.419 20.146 23.893 27.209 31.824 31.172 36.720 39.086 44.438 42.117 44.130 40.196 40.062 43.773 43.833 27.252 40.667 45.989 32.742 20.872 41.979 35.310 44.156 44.442 29.170 26.576 46.029 34.111 48.101 38.386 21.594 19.467 12.394 30.806 44.816 37.090 29.794 9.316 6.860 24.398 26.050 24.368 16.182 22.789 31.960 25.970 16.731 29.889 9.108 18.995 30.453 13.241 18.209 18.774 26.702 24.776 18.618 17.833 28.434 20.753
33.637 21.324 38.224 43.492 45.438 50.227 41.221 35.507 20.433 38.540 35.788 13.248 14.649 18.817 26.869 28.025 32.678 34.799 38.072 31.070 30.613 40.291 50.585 45.073 40.479 32.635 45.740 37.573 45.996 39.709 13.049 38.453 46.845 33.542 37.806 38.773 20.727 32.161 33.378 28.544 22.100 18.807 12.487 18.794 31.925 34.512 33.290 36.951 28.041 11.109 15.421 23.855 21.406 22.043 17.312 25.388 35.892 25.572 18.561 33.762 17.159 19.736 31.504 14.499 23.067 23.464 32.038 29.119 28.880 28.642 16.105 28.345
21.707 13.593 25.803 26.128 30.775 34.980 37.203 36.033 30.662 24.245 35.122 36.903 19.969 18.607 27.697 27.016 33.577 35.777 48.705 31.115 37.747 35.860 36.808 34.706 20.944 1.769 15.482 20.147 20.051 15.496 37.105 38.566 31.506 37.198 33.847 27.992 17.398 16.405 8.085 10.892 16.100 13.752 14.713 30.866 37.910 33.279 33.508 37.416 28.564 11.971 18.200 23.873 20.918 19.346 18.489 26.578 24.910 29.035 27.495 25.596 27.150 20.969 24.953 27.307 20.950 25.226 42.587 39.597 34.409 32.286 29.183 27.408
16.808 22.776 20.564 17.731 16.460 13.364 10.149 21.168 29.948 29.353 37.917 39.325 29.710 19.787 22.321 23.246 33.086 41.955 16.348 18.805 17.590 36.545 28.917 34.718 39.395 35.954 45.529 33.681 33.135 45.421 34.698 39.863 23.410 37.920 30.085 13.067 8.567 19.680 23.612 27.665 31.816 30.821 14.703 31.798 31.047 29.889 32.980 30.054 15.463 16.438 18.959 21.873 21.913 15.858 23.363 23.060 14.306 25.623 38.610 11.816 26.464 25.000 27.998 27.055 21.135 9.886 21.149 33.317 37.068 37.870 37.330 34.991
26.547 31.887 30.989 29.888 31.413 29.650 29.131 29.993 23.608 27.234 27.637 32.334 36.400 34.127 15.910 18.113 22.124 19.337 38.457 28.606 39.841 56.264 59.394 52.066 45.242 44.633 49.785 48.995 47.221 49.557 46.045 34.833 32.420 29.084 9.882 23.772 36.667 33.910 29.479 25.867 33.254 29.843 21.982 24.663 30.545 29.050 26.997 31.142 31.881 20.702 22.190 22.752 18.818 12.356 29.264 19.347 10.405 31.586 37.424 10.729 22.402 28.991 29.059 21.478 5.349 19.478 19.302 6.414 15.406 25.376 24.289 21.409
29.870 28.365 26.770 23.515 19.326 20.863 22.263 23.719 26.559 23.087 28.201 36.787 34.668 28.599 18.251 4.510 15.014 35.749 36.470 33.537 35.978 46.239 40.964 31.749 32.717 38.032 40.819 45.815 42.091 43.306 43.988 47.054 32.226 7.105 39.312 41.549 37.774 31.639 27.867 22.846 27.406 16.557 30.621 21.600 20.717 17.521 24.839 30.216 36.359 39.789 25.781 19.354 14.527 24.165 20.245 18.779 12.647 27.600 35.793 11.782 27.493 26.610 27.074 20.579 18.434 23.479 27.066 34.364 28.492 32.936 39.392 38.249
20.848 24.667 24.016 19.087 16.295 17.820 18.781 19.433 20.111 21.116 25.604 33.106 33.709 20.535 22.215 29.466 39.639 30.921 33.699 20.116 28.490 34.577 35.279 26.368 30.056 40.488 43.362 35.555 34.334 28.411 27.177 23.042 20.527 40.881 42.576 28.259 26.942 26.844 25.548 22.278 24.061 18.067 35.704 20.392 29.358 34.949 36.577 35.662 30.867 31.383 28.455 11.868 25.068 17.910 21.895 14.777 21.851 30.107 27.893 17.211 29.780 29.271 30.805 25.412 32.884 24.000 14.861 15.317 33.919 38.671 38.308 40.801
29.542 14.849 12.076 17.572 19.155 18.188 17.833 17.897 17.165 19.290 26.719 31.020 13.773 38.492 37.612 40.668 45.265 37.181 36.788 23.353 35.647 32.994 36.980 31.673 37.521 43.688 29.637 9.268 12.877 12.160 12.000 15.567 20.216 30.755 41.586 35.202 29.808 23.443 14.877 29.801 28.335 28.191 30.095 24.413 21.668 28.250 26.611 29.607 29.397 27.777 21.929 16.426 18.852 24.845 18.618 13.475 23.346 28.751 29.324 21.473 31.584 35.613 21.424 28.728 30.264 24.009 20.767 25.740 25.188 28.419 32.106 35.900
39.972 41.612 24.736 30.469 28.970 14.657 12.890 13.129 13.807 15.214 17.420 13.228 32.535 43.504 38.206 38.306 36.699 41.834 31.688 31.941 43.889 27.439 34.833 35.700 45.502 37.476 9.136 18.385 27.336 22.558 21.110 27.426 28.666 26.352 15.693 35.321 37.397 35.199 24.643 27.673 31.378 33.415 27.818 26.939 14.927 27.540 30.207 32.182 26.323 21.322 16.450 15.854 16.083 19.542 25.441 18.874 31.388 30.099 29.980 20.902 37.157 32.836 4.440 31.570 30.838 30.341 27.603 24.736 25.787 29.725 26.722 22.892
18.886 27.417 31.386 38.925 32.459 16.666 11.820 11.260 12.215 12.848 9.480 27.236 40.915 30.571 31.494 31.663 31.062 35.539 26.488 38.435 44.574 27.069 29.880 40.045 30.974 8.108 15.531 23.167 25.105 22.398 22.465 19.098 26.429 22.066 27.363 23.036 38.577 33.055 30.738 25.347 24.259 22.689 21.640 40.416 26.587 22.046 32.885 35.906 30.442 19.815 13.289 14.106 15.560 19.065 22.600 17.600 33.754 33.144 24.968 26.318 39.319 18.991 22.513 38.119 34.648 34.331 34.078 27.013 20.786 16.326 19.046 24.660
35.539 40.247 34.293 34.196 22.307 12.793 8.466 15.201 16.353 18.351 14.649 31.575 41.706 29.977 25.617 22.688 30.053 32.051 25.208 46.092 44.872 25.056 30.660 23.056 11.705 19.497 14.042 26.975 29.871 17.796 18.086 22.601 24.959 18.541 19.719 25.780 26.941 31.966 27.991 25.991 21.990 25.330 12.904 26.696 39.363 33.373 11.833 39.272 37.173 27.225 26.287 25.251 22.093 22.646 19.581 11.418 27.188 39.862 24.124 37.936 21.273 15.291 34.437 38.833 38.891 30.598 27.194 21.021 17.688 17.148 18.024 19.462
31.740 19.448 23.772 21.332 12.497 17.867 13.499 33.139 31.400 33.308 22.377 35.247 38.923 34.625 31.114 26.280 36.268 26.160 36.169 38.513 12.360 10.539 13.012 24.852 32.667 27.037 23.962 15.125 32.114 37.020 25.815 25.513 20.034 21.236 19.967 17.765 15.366 29.155 25.981 25.907 25.236 27.096 30.555 16.556 16.027 24.201 32.118 7.541 30.458 22.066 21.268 26.650 27.194 28.392 24.275 14.517 18.822 32.192 33.151 31.932 15.410 42.215 36.372 23.100 32.451 34.359 28.437 24.760 22.010 19.996 26.147 18.406
19.585 14.909 19.855 26.311 19.369 31.801 29.834 41.039 46.211 38.534 25.865 41.947 39.611 28.760 39.294 40.725 36.446 13.253 20.947 14.249 30.780 37.873 39.789 36.362 32.646 27.819 25.874 26.614 24.531 33.887 37.284 29.372 25.827 20.706 21.139 18.519 20.353 18.250 14.284 18.311 28.883 24.868 26.318 32.213 22.561 2.274 21.880 16.402 29.389 24.717 19.779 19.205 21.780 25.509 27.007 21.231 7.522 26.379 27.607 20.717 42.366 38.507 20.213 25.525 18.913 18.567 22.490 25.499 26.321 29.043 29.754 23.096
29.021 25.362 27.262 13.138 25.848 39.111 36.054 34.888 29.718 35.881 27.778 44.783 34.859 24.481 30.338 29.204 10.852 17.536 26.705 34.855 35.183 36.713 34.584 33.779 28.252 25.219 24.341 29.434 30.800 24.124 42.771 29.587 15.396 22.895 26.111 17.691 24.363 29.094 29.466 22.072 15.806 17.548 15.963 21.216 30.248 19.347 7.765 17.078 16.738 21.778 17.455 19.081 20.745 20.575 23.038 29.227 15.313 23.829 19.606 32.546 33.682 35.773 32.516 25.546 26.095 26.964 21.577 24.970 26.600 26.702 31.357 27.734
29.378 38.039 37.175 33.025 38.388 30.656 39.370 18.865 26.167 27.802 39.497 36.565 25.988 21.006 8.104 14.986 31.203 36.572 37.031 34.980 37.494 34.639 29.153 30.118 28.256 26.975 28.854 27.395 27.529 27.935 21.872 41.441 37.948 21.389 15.384 22.678 27.483 32.403 26.939 29.483 31.683 14.730 29.351 26.296 18.762 24.005 9.290 16.691 5.611 24.118 21.667 19.434 21.358 26.860 29.290 29.771 22.567 17.405 35.022 35.013 29.778 31.914 31.517 30.713 22.682 14.590 20.419 25.715 20.898 19.243 23.227 31.897
24.685 36.121 45.685 45.336 42.817 32.190 34.946 19.854 32.874 36.170 40.569 33.241 23.869 11.717 18.188 27.023 32.528 30.768 29.177 30.384 31.131 27.641 24.461 22.937 29.535 26.160 26.060 29.560 20.877 35.568 24.450 17.174 30.164 41.216 34.864 20.057 19.481 19.768 14.859 12.530 19.608 24.408 34.648 28.236 29.430 20.633 10.015 20.373 19.013 25.367 27.452 27.028 26.136 28.631 28.558 25.774 17.046 12.568 33.981 34.714 36.278 38.557 25.892 37.677 47.081 45.193 31.666 20.079 14.734 15.590 20.003 10.431
20.887 29.833 33.767 38.359 38.574 26.084 30.052 27.136 34.203 33.944 34.557 25.181 13.628 13.466 21.840 28.747 29.801 25.750 25.757 23.661 19.766 18.408 20.910 17.951 14.066 13.257 17.392 28.337 24.446 30.723 37.702 40.026 33.360 17.072 26.303 24.699 27.331 30.983 29.089 25.668 15.718 25.342 29.321 22.930 19.427 16.250 15.305 19.309 29.030 31.615 22.241 21.957 31.218 29.270 25.500 20.709 19.321 5.603 35.819 36.723 28.793 29.829 23.199 13.249 33.603 43.911 40.298 33.806 24.227 25.718 24.883 10.000
7.960 10.396 8.472 13.604 7.170 3.714 8.861 12.175 10.136 11.513 7.648 12.233 10.932 10.537 13.553 26.449 32.699 33.734 31.155 24.492 17.751 20.058 29.166 33.201 27.541 27.697 29.699 14.208 15.664 21.709 37.377 42.810 47.009 35.357 15.491 14.521 14.273 23.978 33.539 35.819 24.317 14.993 17.674 15.572 9.069 9.287 12.149 13.835 26.474 27.090 30.990 24.972 19.576 29.406 24.222 24.089 28.448 7.265 25.511 31.074 28.721 30.246 26.641 30.764 27.212 21.493 29.010 31.445 36.484 34.360 9.382 26.542
27.387 19.522 21.903 23.912 24.298 22.390 15.323 18.354 11.695 17.535 20.312 15.554 15.239 17.161 17.986 11.024 35.794 37.599 30.460 22.420 15.843 13.466 18.094 26.153 33.784 38.476 36.951 30.472 24.038 23.759 28.887 29.174 21.812 40.837 26.055 26.220 32.822 21.602 18.464 30.889 35.811 26.886 25.681 27.330 26.975 22.002 20.461 19.708 15.107 18.890 24.158 30.278 23.721 17.412 22.693 27.320 28.185 7.506 29.498 28.428 30.975 39.999 42.693 34.988 33.124 32.268 31.001 34.623 37.836 26.332 12.731 36.298
24.588 29.830 30.615 34.386 24.753 27.702 17.093 20.048 18.430 25.370 21.630 8.016 20.145 12.137 17.728 25.927 14.605 36.184 41.867 32.405 23.489 17.303 16.019 17.235 26.301 35.202 38.353 24.249 26.548 38.510 27.068 8.417 10.431 19.691 31.119 25.767 24.591 32.834 27.972 17.300 14.648 17.544 16.890 13.512 19.440 19.468 19.073 28.757 31.736 31.569 18.285 11.566 25.242 22.484 22.660 24.660 23.612 13.056 37.866 32.605 28.881 33.019 35.974 39.930 29.211 32.304 34.479 36.354 29.660 3.618 32.733 36.985
22.455 25.662 26.305 24.943 21.773 20.934 13.944 20.348 27.553 31.197 24.790 9.487 13.587 11.862 17.115 24.245 31.524 12.499 23.672 38.859 37.180 34.073 27.047 22.863 23.291 38.076 37.011 28.541 22.887 32.395 31.791 14.663 18.186 14.448 16.829 22.576 21.946 28.167 29.387 29.656 25.017 24.115 25.192 23.013 25.616 20.866 26.139 24.382 29.301 27.700 29.599 20.972 10.327 14.113 15.314 14.963 7.581 16.888 29.100 29.183 41.262 41.273 38.351 31.598 31.364 28.658 20.063 19.449 4.633 23.685 37.460 15.592
22.346 26.155 29.967 27.790 26.190 21.044 18.938 21.839 35.070 25.350 22.379 18.518 10.709 23.385 17.086 20.893 27.932 32.952 24.876 3.720 17.330 25.484 30.151 24.062 29.490 43.627 37.401 26.945 25.765 33.076 38.133 28.158 27.065 27.642 15.418 17.286 23.447 25.147 28.510 34.929 37.747 27.459 31.910 22.016 29.231 24.786 30.384 43.439 35.437 18.857 9.253 17.712 22.763 19.407 16.061 14.015 4.337 21.090 35.880 38.399 35.611 31.316 26.725 24.889 27.960 25.074 15.956 12.591 16.686 36.288 29.209 23.161
23.527 21.782 21.894 24.125 25.937 22.774 30.447 25.952 29.594 22.683 20.488 17.972 14.698 26.137 25.631 22.747 19.461 27.962 34.709 32.842 12.734 17.564 9.802 30.476 35.388 31.974 33.556 37.392 36.814 35.261 42.559 41.529 33.289 39.101 26.691 26.640 32.678 19.737 17.214 22.694 29.853 21.343 23.036 25.362 16.096 24.871 33.103 34.119 28.523 35.739 34.534 26.636 16.860 16.016 16.669 20.572 16.438 19.811 40.314 38.730 33.028 31.325 37.198 33.841 34.373 37.124 31.270 15.046 36.979 40.562 12.888 39.152
36.838 33.254 21.999 13.018 22.012 21.077 27.915 23.614 23.974 23.501 29.702 17.331 23.805 28.694 31.581 20.722 20.366 25.367 32.984 37.688 19.685 27.177 28.964 12.439 29.627 30.194 29.697 30.039 37.602 37.005 33.675 37.396 37.563 35.583 31.929 26.157 34.408 36.209 25.393 17.859 10.963 19.624 22.217 32.962 19.849 23.233 22.724 32.819 22.156 23.043 33.785 31.234 34.273 33.442 28.512 28.275 20.563 22.168 35.683 35.651 27.110 20.465 26.832 34.876 33.874 32.458 17.557 25.148 37.635 22.006 25.679 24.822
38.295 39.036 33.538 15.539 23.107 29.822 22.939 24.335 28.938 23.105 35.220 30.281 16.709 42.375 15.119 25.977 18.270 28.127 22.202 30.535 26.632 26.090 29.910 19.225 19.540 12.120 19.220 17.950 15.738 29.878 31.019 33.245 30.576 28.016 29.287 28.759 30.258 34.169 31.758 23.703 14.992 15.365 23.010 26.431 32.503 24.081 38.534 25.378 27.422 28.343 24.482 32.478 31.965 32.978 35.126 25.386 7.675 24.803 30.898 30.710 33.171 27.206 30.889 36.558 36.244 27.147 7.032 28.269 27.817 17.100 18.943 31.908
31.693 25.036 29.058 28.501 24.372 32.957 32.181 31.397 29.436 23.676 34.443 33.372 15.672 27.325 41.839 12.041 20.076 24.959 16.543 23.231 25.738 24.517 22.670 14.770 34.544 38.866 39.124 30.286 26.321 16.442 35.332 35.239 28.550 22.202 24.684 29.383 26.462 30.421 30.748 24.835 18.958 17.063 29.738 28.660 36.072 36.975 38.007 38.686 36.208 28.706 28.537 27.077 27.827 27.209 21.148 9.288 23.061 26.821 28.960 25.812 35.398 43.304 39.614 34.494 25.949 15.402 22.300 30.341 24.470 22.693 30.936 23.267
40.057 29.195 26.284 29.606 23.242 6.903 19.914 26.852 17.055 17.223 37.739 31.986 16.512 20.083 23.368 33.699 18.680 22.798 17.404 29.242 26.233 21.397 26.280 20.986 36.533 35.097 32.315 31.698 32.691 33.816 13.666 33.913 27.054 27.301 33.198 31.249 26.954 33.033 34.544 23.536 16.469 14.966 35.011 46.577 30.662 32.959 32.272 33.589 34.413 31.596 23.574 19.789 20.789 17.625 19.194 31.341 27.793 33.371 39.920 38.057 40.218 41.454 40.035 34.129 13.402 13.861 32.711 26.923 27.380 26.405 37.484 32.691
42.337 50.592 39.863 28.771 38.214 34.383 16.950 5.535 1.651 8.390 29.398 37.387 15.257 30.603 20.325 23.797 24.641 29.619 26.617 26.324 32.468 22.267 26.766 24.598 28.409 25.866 28.296 27.542 26.847 37.603 33.637 23.347 30.654 22.631 25.466 30.010 27.205 27.128 35.442 32.839 22.346 26.299 45.978 41.767 26.484 22.809 17.986 12.142 9.433 10.648 17.266 16.182 14.179 10.262 23.038 28.785 33.088 40.150 35.075 28.204 27.788 23.401 32.325 24.483 22.425 27.535 24.183 24.431 24.327 20.791 31.760 38.290
26.832 44.087 42.445 32.089 26.301 34.030 31.837 19.762 13.632 18.011 9.755 34.684 22.248 29.817 28.048 30.957 24.530 32.786 29.888 21.860 33.408 28.565 28.748 27.178 18.079 35.430 26.812 21.750 27.095 30.637 39.943 24.651 24.732 27.200 20.491 27.610 25.864 25.668 38.079 39.278 28.543 28.717 34.293 31.993 28.222 28.310 18.800 21.701 27.400 24.107 21.017 14.858 3.437 11.888 26.911 31.872 32.536 30.600 28.562 24.471 18.929 27.941 26.762 13.882 36.886 26.600 18.535 22.095 24.965 18.902 27.625 45.658
