01_Terauchi/04_EXE_SIMU/01_RR_DR/output_misc/gradave.asc
ncols  372
nrows  253
xllcorner     -26340.000
yllcorner      43260.000
cellsize     30.000
NODATA_value -9999.000
[rows 192 to 223 of 253, columns 288 to 359 of 372]
16.383 15.575 32.109 31.120 19.972 27.973 27.483 16.281 18.333 22.431 18.689 17.656 13.391 9.567 15.773 10.885 10.206 10.872 26.387 27.833 22.114 31.716 23.034 27.908 28.151 13.881 21.071 26.855 30.145 12.785 33.719 25.643 25.409 21.355 34.481 29.499 34.922 32.799 29.142 19.899 33.250 31.341 24.598 20.506 24.242 7.915 15.066 23.909 34.126 28.180 21.518 28.561 32.882 34.443 35.927 29.185 21.502 31.038 31.136 24.810 31.107 28.016 10.652 18.592 27.938 37.323 5.627 30.682 30.167 20.526 2.258 13.112
14.778 18.463 23.528 26.392 31.427 30.664 27.566 24.869 20.838 15.918 3.276 25.906 32.076 28.603 39.710 30.554 19.654 7.211 18.634 24.959 16.921 29.528 28.934 32.176 9.398 27.838 19.670 18.539 29.192 26.059 25.384 15.484 23.216 25.452 25.946 31.387 28.774 43.188 32.662 32.511 38.824 27.783 21.770 24.617 24.190 8.364 12.995 29.332 34.648 25.351 21.992 33.624 35.829 33.072 41.606 35.613 21.839 16.083 27.866 37.638 27.065 25.245 14.680 19.014 28.903 19.102 35.118 34.002 27.377 14.864 13.230 24.387
13.414 19.189 15.762 18.432 39.107 39.615 18.140 34.326 27.415 10.191 29.940 15.419 11.975 15.980 24.343 48.072 43.199 27.491 4.683 25.385 22.462 20.864 26.849 21.754 32.734 22.884 6.733 11.150 22.210 28.570 15.858 15.965 28.941 31.516 11.131 31.271 33.373 28.821 36.066 37.717 33.838 23.403 13.950 26.747 23.327 17.226 23.111 32.248 34.674 28.042 27.708 33.919 34.431 30.701 35.981 29.043 30.207 17.463 35.676 32.589 28.292 16.416 20.868 7.576 23.196 34.455 38.274 29.954 3.910 19.555 9.229 23.194
8.992 18.995 14.400 18.960 34.447 27.000 36.579 5.088 31.552 26.103 15.636 30.233 27.637 23.888 23.252 13.149 42.856 47.106 34.706 9.228 25.567 17.187 17.789 30.081 30.708 15.251 11.631 14.585 15.012 17.184 17.318 25.881 26.093 27.628 37.854 28.109 18.940 29.543 31.744 32.402 24.436 22.945 19.268 26.059 21.580 19.847 24.391 31.216 26.891 37.120 21.035 32.789 30.438 34.857 30.381 34.556 30.432 23.203 45.228 30.783 30.224 20.706 15.440 26.383 28.314 36.589 39.563 7.613 19.728 11.240 7.450 22.067
5.099 19.381 10.094 15.541 22.125 14.804 31.603 4.863 28.921 22.300 16.425 16.135 30.280 30.722 27.403 22.857 12.851 39.552 43.777 37.565 15.035 19.773 29.417 21.645 28.986 26.487 14.767 10.963 12.887 11.361 21.095 38.435 19.118 43.074 31.138 10.888 29.998 35.435 28.426 26.337 18.968 26.126 23.856 31.550 31.230 22.139 25.569 31.091 32.218 38.432 26.571 29.284 34.587 36.982 25.447 41.036 36.197 33.482 38.740 36.246 35.237 7.284 37.553 43.144 32.254 27.285 27.087 14.060 22.639 13.458 15.035 23.008
12.981 27.497 5.817 23.104 9.944 20.670 28.358 10.980 27.028 22.641 19.949 11.083 14.481 21.422 20.928 26.827 24.291 7.581 40.705 45.063 31.580 6.807 32.972 32.499 26.454 25.374 16.172 8.746 9.758 12.803 37.466 33.793 35.019 45.163 21.090 21.488 34.733 36.004 34.793 21.239 16.370 27.959 19.178 30.469 34.554 26.835 30.575 30.434 37.684 31.112 35.942 15.506 46.026 33.915 20.843 34.543 38.354 36.389 42.008 42.479 14.445 35.831 56.329 42.124 25.791 23.115 6.962 26.843 26.479 14.053 25.404 40.874
27.563 22.769 9.031 23.147 13.425 27.232 13.827 16.191 16.600 16.582 25.358 21.874 15.304 8.232 26.154 25.810 23.714 17.707 17.151 44.644 38.497 21.725 14.223 27.271 26.823 24.460 15.883 12.757 11.697 23.225 42.279 19.489 43.763 41.191 18.842 30.216 31.395 25.782 31.350 23.513 20.419 23.787 31.112 29.452 31.311 27.740 31.992 31.414 41.033 25.536 40.596 18.480 33.892 36.537 31.639 25.238 43.337 46.380 51.887 9.193 36.608 47.338 41.270 31.056 16.006 9.004 30.621 37.456 13.418 10.777 37.932 43.186
25.029 17.299 17.260 1.692 20.391 19.240 10.913 11.939 17.493 12.620 9.605 26.493 26.569 16.936 15.488 25.494 28.640 22.345 22.748 42.142 42.435 23.955 17.064 26.986 21.752 19.876 18.721 16.964 17.073 31.091 35.217 16.636 46.325 38.489 20.396 28.926 26.026 24.600 28.948 24.592 19.417 25.228 36.008 26.734 30.565 26.727 29.125 35.814 36.639 18.475 42.506 21.301 28.142 33.236 36.081 22.588 37.733 48.178 26.562 37.274 42.235 26.745 22.578 39.715 38.681 18.234 36.556 27.559 18.510 12.625 38.825 21.832
25.726 22.043 15.976 22.645 26.798 21.172 14.005 16.637 19.275 10.523 10.809 19.145 26.383 25.481 14.317 11.144 28.412 33.363 14.858 42.735 43.107 18.600 17.567 28.706 24.089 21.965 18.873 18.410 25.496 37.175 34.856 15.478 37.972 35.483 27.650 24.896 23.878 19.708 36.182 26.429 23.299 34.761 30.367 25.091 34.663 30.911 21.707 27.977 28.498 16.975 38.851 33.218 13.793 36.396 39.901 33.334 25.728 36.589 29.098 44.795 28.970 21.715 36.798 24.307 33.121 24.733 30.437 19.543 28.512 16.655 31.977 30.791
33.201 19.488 18.806 32.155 26.153 18.012 13.042 26.536 24.181 6.685 19.203 4.844 25.058 32.382 33.839 18.315 19.493 28.689 18.263 30.471 49.507 31.584 10.683 33.399 27.004 24.478 25.418 25.832 32.524 46.495 30.561 33.592 38.121 21.879 31.042 21.453 21.011 12.822 30.480 25.786 29.495 35.255 32.753 24.274 39.281 26.888 5.938 17.026 25.902 18.382 39.861 44.813 19.138 24.327 44.483 44.434 34.413 21.665 39.912 38.830 33.178 36.363 21.859 36.629 18.858 27.607 31.527 15.290 26.130 15.936 28.313 31.091
34.018 5.764 31.294 36.279 22.456 9.665 6.894 26.533 28.652 16.363 12.657 23.519 4.214 23.347 37.524 40.865 12.126 27.311 24.444 19.346 47.088 42.259 16.484 30.320 31.554 28.364 33.548 30.441 34.256 39.152 24.516 46.094 22.570 31.475 25.694 30.617 18.422 13.646 18.508 21.843 32.386 38.974 28.970 21.623 28.423 33.315 4.178 23.368 29.533 22.225 34.374 48.574 34.706 18.127 44.855 44.556 40.011 11.279 38.682 30.686 28.395 17.265 40.236 23.227 29.228 33.101 32.122 7.507 22.541 17.286 18.763 33.697
21.288 25.179 37.727 26.483 12.714 19.176 9.489 22.162 30.370 22.859 6.780 19.881 26.095 13.862 20.146 42.506 34.011 19.515 34.163 20.054 45.751 39.660 22.342 14.009 34.296 27.946 32.041 30.537 34.767 24.133 31.375 40.966 28.119 32.514 24.712 32.233 20.825 13.880 13.468 24.319 33.834 32.797 15.943 16.569 31.491 33.693 8.728 25.383 32.767 33.555 24.342 46.822 41.192 30.523 38.617 37.947 45.824 11.275 31.467 23.215 29.467 49.130 31.540 24.365 31.874 31.484 12.664 20.607 14.479 25.885 12.405 31.800
16.137 39.106 29.961 22.018 26.992 16.474 12.685 16.399 21.548 29.031 32.981 8.670 21.180 31.529 25.511 29.630 42.824 14.492 38.822 36.269 35.831 38.819 28.535 11.011 25.225 30.972 31.025 33.942 36.208 21.706 32.958 36.673 37.168 19.595 24.003 21.419 21.555 8.244 8.730 21.696 25.739 21.645 16.165 27.223 41.032 18.011 24.934 29.861 32.484 37.707 14.340 41.403 42.000 32.211 37.058 47.609 46.344 5.138 40.342 41.659 42.682 37.799 12.454 38.680 28.103 15.805 28.194 5.491 25.372 24.037 13.691 33.577
11.038 27.466 33.974 28.013 25.785 28.472 22.928 7.496 18.857 14.068 32.159 32.446 13.672 16.216 32.529 32.098 29.453 27.046 21.324 38.075 35.987 25.734 26.060 21.370 9.011 10.680 14.348 25.212 27.150 21.096 35.598 42.841 38.767 23.009 21.861 20.610 24.815 8.105 15.163 20.003 22.540 20.097 21.508 38.080 36.335 6.878 24.740 22.646 28.249 30.828 22.356 30.889 37.684 25.583 43.870 50.280 35.896 28.796 50.808 37.436 19.085 25.747 25.694 34.074 18.977 27.123 20.382 25.885 33.802 24.168 13.723 28.021
21.727 21.042 17.996 19.887 20.529 25.624 29.787 9.894 16.185 20.417 23.300 17.112 19.050 24.525 15.655 9.080 15.889 21.038 19.540 14.484 10.848 10.657 11.272 22.037 27.882 28.917 26.174 13.535 6.856 14.744 30.308 43.174 46.475 40.545 31.319 25.968 31.755 27.145 21.656 24.073 27.990 19.816 25.407 39.182 34.163 8.561 22.403 27.827 27.782 28.332 27.102 22.989 39.727 25.732 43.164 45.739 18.093 47.147 46.394 21.052 29.298 29.544 22.371 28.376 11.756 27.813 27.664 40.255 36.850 31.552 19.419 32.324
30.994 30.223 35.929 37.697 31.446 14.590 18.124 15.722 9.790 16.551 30.446 29.572 14.770 21.810 29.867 32.578 32.564 29.893 36.551 45.710 38.846 27.905 28.024 40.097 35.370 39.710 43.057 38.918 26.521 13.674 14.422 24.610 41.891 40.830 34.042 31.204 33.816 33.463 32.387 25.554 37.666 14.032 36.538 41.089 29.373 21.751 21.703 29.955 31.087 33.927 39.500 13.859 46.193 31.864 39.947 37.166 13.654 51.298 38.347 20.788 33.872 30.186 26.689 18.902 17.246 26.343 32.167 38.759 27.893 31.551 20.236 32.529
19.261 38.102 35.379 22.860 25.292 25.581 30.170 20.835 12.194 30.575 22.008 22.713 29.178 29.543 32.145 17.819 26.835 27.575 37.106 38.370 38.312 33.853 29.251 36.495 33.642 36.743 38.483 47.374 41.969 31.791 18.791 11.157 24.075 40.807 24.192 27.361 34.901 36.374 33.160 33.866 33.238 22.190 41.942 43.030 17.934 30.143 42.400 34.461 20.924 28.007 43.543 32.710 29.247 39.314 36.098 30.312 23.166 44.946 30.802 36.870 31.112 34.456 25.530 16.802 29.291 22.322 33.074 35.600 24.923 33.122 16.551 28.116
27.589 28.716 42.178 26.240 18.274 29.981 26.155 15.730 24.676 21.826 14.846 14.400 6.310 6.006 19.070 27.211 8.888 27.559 23.037 28.345 32.477 30.843 26.990 27.783 30.249 30.246 37.012 38.273 43.540 39.177 29.155 22.878 11.235 32.959 35.801 19.290 24.190 30.514 26.606 31.772 18.930 35.429 38.062 45.606 28.315 21.768 28.944 29.559 34.027 13.698 40.587 40.645 13.832 30.993 37.926 22.785 32.240 33.600 31.437 38.544 21.092 36.914 23.768 27.251 30.389 25.327 26.669 21.512 32.462 42.389 18.511 28.275
26.280 21.183 32.822 39.268 24.060 22.615 10.483 19.310 25.513 16.439 16.557 23.641 25.156 16.733 13.026 3.759 17.468 18.571 15.250 21.834 28.734 28.126 30.165 20.095 18.929 20.016 32.599 36.168 42.237 40.108 29.340 25.081 21.704 8.588 37.276 33.644 21.552 19.557 15.675 20.584 12.262 31.773 44.828 45.217 33.451 22.811 29.410 28.876 32.791 21.005 30.791 44.118 34.059 20.036 23.586 16.456 38.093 21.832 34.988 26.962 32.381 33.165 29.455 33.399 36.026 24.241 3.781 14.418 22.063 51.109 23.986 29.729
9.583 19.724 25.252 27.332 27.362 9.881 20.084 29.160 25.347 20.802 16.997 14.063 6.145 16.847 7.575 13.327 25.847 23.846 19.291 17.403 22.641 22.505 24.576 14.343 15.113 13.566 25.333 38.115 43.504 38.014 28.999 27.058 33.925 20.517 18.440 33.540 35.463 27.581 18.655 12.663 20.493 22.087 43.609 48.141 28.915 42.666 35.689 35.852 29.003 38.865 11.706 33.476 28.022 34.341 34.972 4.687 37.552 21.377 24.638 23.187 35.328 20.350 33.903 19.152 31.628 22.196 7.705 26.884 22.721 43.582 25.958 20.872
20.940 19.374 22.034 20.830 23.431 11.415 18.276 26.811 23.383 14.951 24.234 16.432 26.568 23.078 13.144 19.023 26.255 23.531 22.946 23.072 25.222 19.195 13.476 10.933 15.375 21.498 26.239 33.883 37.727 30.939 33.581 32.051 30.991 37.464 19.156 14.736 26.745 33.643 31.671 20.857 28.410 19.392 41.601 46.814 36.184 47.572 46.727 32.903 24.760 39.873 19.119 22.157 24.788 27.559 37.510 19.786 29.758 27.760 19.208 25.952 27.093 11.025 18.862 12.500 24.891 21.575 25.381 35.764 19.220 42.415 29.130 10.031
21.592 19.534 19.611 16.930 19.753 22.297 15.203 12.086 19.868 17.308 19.414 25.787 18.556 16.353 19.451 18.661 21.750 10.007 18.349 22.516 21.666 16.291 15.135 14.987 16.872 18.809 25.287 33.392 29.071 27.798 30.068 35.984 30.376 37.457 30.695 8.846 11.557 19.709 28.038 30.314 21.771 17.000 33.995 36.746 38.759 35.705 38.862 37.897 25.003 36.994 24.623 31.376 33.722 33.734 40.292 22.218 20.983 27.027 21.543 35.867 27.481 8.032 14.211 9.433 32.646 7.721 39.381 30.226 14.586 38.180 32.416 15.725
14.919 13.265 18.503 29.443 32.989 29.612 24.469 6.317 13.560 7.229 5.309 10.689 11.127 12.286 11.204 5.752 15.741 7.886 6.301 8.113 14.541 23.966 23.092 19.632 17.074 18.571 20.183 19.383 24.665 24.287 31.781 36.762 31.361 36.446 32.933 11.743 7.427 10.648 14.055 18.322 9.382 17.286 34.620 36.011 38.870 39.583 37.301 32.909 29.231 31.999 24.603 31.159 33.327 41.060 32.019 11.376 22.714 23.483 26.001 39.246 23.167 16.279 14.263 22.305 28.253 42.056 14.644 34.428 16.434 33.066 33.820 17.482
31.035 33.971 35.093 30.968 29.156 29.998 18.547 11.773 15.485 11.812 5.324 11.866 16.224 11.490 18.742 15.733 23.877 24.094 8.127 14.872 22.872 25.860 23.117 17.912 19.577 20.268 20.479 15.084 17.934 26.803 34.318 35.326 31.826 34.697 31.857 17.550 7.352 8.053 9.637 7.373 6.302 10.080 30.136 40.170 35.983 39.539 31.427 22.361 35.717 22.853 20.032 37.899 33.583 27.630 20.758 19.187 14.515 27.614 35.217 37.642 16.694 32.567 18.443 37.382 6.021 45.052 45.234 22.804 17.250 31.479 29.022 12.308
37.668 40.657 30.105 13.759 15.752 23.544 21.349 20.436 27.094 12.520 0.481 14.322 10.124 18.910 21.205 17.758 26.814 30.102 23.881 18.303 24.542 19.830 20.085 21.435 15.635 17.157 23.222 25.346 22.562 22.208 29.934 30.135 30.039 31.205 31.922 27.855 11.259 9.906 13.316 11.977 7.503 17.396 19.813 34.149 30.747 27.117 25.846 28.177 37.574 32.064 29.089 32.841 28.135 22.527 20.407 22.445 13.334 35.155 37.401 22.561 31.539 39.828 19.106 34.864 28.236 18.607 41.849 40.645 14.762 36.830 27.037 12.698
24.271 18.599 32.801 31.728 20.867 21.263 10.118 32.180 14.187 19.824 8.759 16.977 20.580 21.431 17.992 12.077 18.873 33.302 38.261 37.004 25.737 15.479 15.665 17.894 16.409 25.954 29.295 14.775 15.353 25.540 33.739 32.504 30.907 31.533 32.032 23.307 16.427 6.439 12.769 19.130 14.351 18.161 18.591 17.224 25.147 17.936 18.552 34.111 41.283 43.534 29.233 22.519 24.580 14.481 28.818 22.487 26.331 42.943 35.591 16.666 41.815 28.106 27.214 29.528 16.773 34.984 29.840 45.200 11.037 42.801 36.932 8.443
17.114 37.614 36.897 22.654 20.568 7.253 31.399 9.440 17.400 16.991 15.319 12.105 13.542 23.619 26.245 32.117 24.941 28.580 37.464 38.535 32.201 26.594 25.362 21.209 21.618 16.380 18.541 24.944 25.374 27.016 25.423 22.428 21.695 26.796 24.728 22.370 22.435 19.800 11.302 11.842 21.162 20.453 15.541 8.067 12.513 11.044 11.723 25.763 43.870 47.578 36.141 24.338 19.126 16.246 31.604 10.678 30.376 43.987 27.413 31.480 38.333 15.830 40.869 22.627 26.488 36.143 28.129 39.196 25.037 29.114 46.921 12.345
38.166 38.625 28.879 20.598 6.207 28.484 17.198 23.278 23.102 17.446 20.556 17.134 15.142 10.039 27.649 33.231 34.300 20.862 24.876 33.560 36.326 35.527 32.661 25.895 24.419 20.256 11.131 13.275 22.296 27.393 25.420 25.353 25.447 18.163 22.248 21.432 28.900 25.051 13.496 7.833 9.580 9.869 5.084 5.916 5.855 6.148 6.302 7.685 19.556 41.197 47.830 33.020 12.330 20.310 26.884 8.115 30.576 32.597 27.702 38.252 28.249 27.599 42.211 10.667 40.925 33.312 40.493 37.833 22.217 22.933 40.178 19.174
37.519 30.828 10.239 11.743 24.130 18.195 14.266 25.541 20.030 18.972 19.746 12.071 33.605 23.497 19.817 27.439 32.844 33.336 22.264 11.513 23.184 35.092 37.166 29.722 28.479 25.545 20.685 22.637 25.913 30.210 26.059 21.130 17.713 16.286 22.959 35.276 30.494 19.689 12.489 8.782 10.824 11.949 14.823 22.496 25.558 18.922 14.095 13.971 11.541 14.806 34.185 38.486 20.668 25.733 24.126 12.949 25.567 29.326 34.807 42.086 17.845 33.636 38.561 14.767 36.924 27.281 31.268 34.327 15.723 38.863 25.072 18.083
28.534 12.125 19.244 22.349 18.671 13.182 20.559 19.041 20.687 14.808 17.050 9.403 22.144 32.934 26.436 25.465 29.916 27.982 29.282 29.143 27.614 23.774 28.388 34.858 32.547 30.932 33.648 31.457 33.352 39.114 34.088 31.718 30.882 31.563 37.572 30.582 17.067 6.915 19.669 15.283 30.030 30.129 37.344 44.180 38.766 30.242 20.598 18.634 16.960 11.099 9.019 22.611 28.583 29.115 16.424 18.072 23.710 28.595 40.731 18.153 30.122 46.700 29.324 23.916 27.383 35.370 25.626 27.702 21.825 31.405 27.099 26.872
8.909 34.801 28.772 9.909 14.333 18.788 10.321 13.987 24.011 23.905 20.352 23.067 3.512 20.104 24.439 33.606 47.968 44.578 27.683 23.484 25.203 26.560 14.714 16.395 19.386 29.273 29.943 25.221 28.639 29.569 27.603 25.473 29.288 25.008 17.603 14.774 6.405 24.973 14.663 22.549 41.303 42.596 44.556 39.307 30.777 35.482 26.548 24.798 25.188 21.940 11.400 6.783 17.036 18.279 7.771 10.531 22.257 29.124 22.848 36.042 39.993 21.423 33.485 35.532 22.441 28.857 37.106 20.222 29.105 24.409 22.030 29.086
42.073 28.114 10.932 26.825 27.780 21.722 14.897 11.864 5.875 17.354 25.796 11.812 18.973 28.377 37.383 54.296 45.832 18.340 14.863 19.366 36.402 39.278 42.881 32.295 24.644 12.785 22.302 23.715 23.074 24.779 24.399 25.197 15.763 10.755 17.575 18.747 25.804 27.091 8.979 26.759 28.472 33.333 31.871 25.877 37.601 28.410 28.695 30.962 33.819 33.165 28.601 8.569 7.350 8.170 7.085 8.973 19.295 19.111 21.096 40.296 32.026 36.375 46.030 39.232 27.528 22.385 40.210 10.848 32.198 16.522 21.375 29.998
