01_Terauchi/04_EXE_SIMU/01_RR_DR/output_misc/gradave.asc
ncols  372
nrows  253
xllcorner     -26340.000
yllcorner      43260.000
cellsize     30.000
NODATA_value -9999.000
[rows 128 to 159 of 253, columns 0 to 71 of 372]
1.305 1.292 1.256 1.220 1.068 0.736 0.563 0.711 1.078 1.437 1.411 1.445 1.441 2.621 4.333 4.584 4.098 7.283 21.101 22.084 12.992 12.478 16.934 21.577 35.196 29.701 21.003 31.518 34.059 22.221 30.238 34.545 28.867 9.212 27.257 33.772 8.595 23.580 33.237 10.411 23.788 24.262 32.020 3.300 26.528 35.521 25.858 22.211 37.751 29.860 25.677 34.977 42.684 39.483 18.466 18.868 20.186 18.643 23.323 35.085 42.771 45.148 24.213 7.541 22.831 30.365 22.261 23.800 25.927 22.072 6.487 22.013
1.364 1.313 1.262 1.299 1.093 0.611 0.433 0.925 1.504 1.440 1.422 1.354 1.106 0.823 2.818 5.827 6.561 13.750 24.952 21.273 15.351 16.896 20.838 27.481 21.958 5.936 29.870 51.295 57.364 35.101 35.060 35.188 32.136 9.213 37.389 33.134 22.081 32.643 33.474 15.393 21.818 27.305 19.770 10.475 27.810 25.895 24.232 36.581 28.587 26.280 18.353 36.713 27.403 32.617 16.499 16.654 24.159 24.674 17.214 32.530 37.456 22.812 14.416 31.302 32.749 30.750 29.249 35.709 31.553 17.017 9.016 24.695
1.326 1.329 1.365 1.071 0.652 0.416 0.621 1.278 1.611 1.552 1.304 0.803 0.859 0.832 1.470 4.670 6.997 17.282 30.623 25.604 15.904 9.574 7.549 8.305 17.262 35.129 46.214 40.965 51.020 53.134 47.045 36.430 28.932 12.176 36.311 41.107 45.028 40.077 35.132 18.366 17.664 19.479 6.129 14.158 23.672 21.661 33.674 24.597 27.423 26.761 27.012 37.607 11.208 30.198 13.108 19.187 23.844 21.976 11.942 16.698 15.651 29.523 40.851 31.592 24.726 28.750 36.681 37.442 18.476 12.313 24.674 32.003
1.308 1.287 0.932 0.686 0.638 0.397 0.807 1.670 1.760 1.730 1.164 0.714 0.795 0.867 1.450 4.458 6.947 20.154 34.151 25.962 18.720 28.755 34.222 40.053 43.499 43.728 31.185 16.772 26.341 45.328 37.618 31.175 18.856 9.331 23.603 39.754 37.366 31.368 24.588 11.559 10.083 9.394 5.573 11.882 18.367 26.165 21.760 25.263 31.980 26.738 36.709 22.455 20.391 28.726 20.960 23.001 26.562 21.450 7.619 7.429 25.106 38.342 28.487 16.877 17.468 26.866 35.237 19.895 20.471 25.023 25.707 31.292
1.101 0.822 0.639 0.685 0.653 0.651 1.345 1.761 1.767 1.816 1.284 0.953 0.785 0.744 2.549 5.792 7.108 12.914 22.144 31.689 38.839 37.626 34.131 32.326 32.379 24.097 11.941 8.311 13.456 21.745 18.821 16.328 9.891 5.122 8.336 17.126 17.137 13.473 9.487 7.849 8.549 9.110 5.137 8.620 13.548 14.851 11.216 17.399 28.657 39.262 30.607 14.605 25.221 33.948 39.514 32.979 28.842 17.827 5.105 9.238 25.894 34.058 31.403 26.224 26.648 28.298 11.860 26.063 35.081 33.255 24.546 28.894
0.577 0.625 0.671 0.663 0.765 1.256 1.618 1.699 1.861 1.867 1.473 1.110 0.817 0.761 1.689 6.096 9.122 6.436 9.125 19.476 18.966 12.945 10.521 8.155 6.850 5.305 2.545 1.519 1.214 3.035 6.811 8.672 6.763 4.498 4.916 6.314 6.212 6.198 4.830 2.504 2.334 3.737 5.867 5.327 5.134 6.047 7.186 9.519 13.574 20.579 19.773 11.335 21.807 30.853 31.468 27.085 19.925 6.262 15.397 26.555 25.552 14.130 15.087 17.782 32.606 35.869 12.704 28.690 26.712 23.528 22.554 22.644
0.700 0.654 0.679 0.748 1.156 1.529 1.551 1.673 1.980 2.208 1.558 0.683 0.493 0.404 1.591 5.465 7.634 4.704 5.065 4.271 3.165 2.566 2.172 1.674 1.536 1.491 1.421 1.303 1.184 1.335 2.252 4.518 4.903 4.708 4.793 4.800 4.583 1.495 2.836 5.821 9.149 12.641 5.495 2.264 3.254 3.443 4.620 6.427 7.523 7.361 8.854 9.131 8.530 9.835 11.446 9.847 5.850 17.089 24.150 27.033 19.069 14.686 19.208 24.687 31.329 17.210 23.355 27.364 20.590 17.390 20.193 26.853
0.670 0.715 0.747 0.960 1.586 1.555 1.504 1.762 2.070 1.926 1.040 0.123 0.160 0.001 1.572 5.453 5.712 4.535 4.022 3.050 2.667 2.432 2.235 1.889 1.491 1.500 1.408 1.408 1.357 1.497 1.684 1.876 3.160 4.180 1.985 0.622 3.477 6.979 7.913 11.434 21.999 28.518 31.307 23.030 10.076 2.684 3.054 4.538 5.593 5.386 6.360 7.200 5.766 5.667 5.483 7.456 18.570 27.203 23.067 15.838 21.298 22.221 23.774 30.596 30.660 2.587 26.365 19.739 26.966 23.949 24.592 31.989
0.760 0.764 0.768 1.564 1.896 1.414 1.423 1.608 1.334 1.181 1.459 0.752 0.041 0.000 1.487 4.928 4.427 4.370 3.640 2.581 2.607 2.469 2.309 2.144 1.537 1.494 1.425 1.388 1.284 1.450 1.576 1.486 2.502 1.561 4.538 6.088 7.812 8.981 17.018 23.552 28.930 28.656 41.140 49.855 45.587 30.826 18.288 5.652 0.735 0.960 2.392 1.520 2.478 3.246 5.485 11.692 27.426 28.605 15.191 22.045 25.769 25.570 28.288 25.027 14.395 12.147 22.642 35.863 31.122 27.170 32.962 34.366
0.741 0.742 1.385 2.325 1.726 1.420 1.433 1.365 1.186 1.272 1.330 0.661 0.020 0.000 1.475 2.933 3.812 2.833 2.407 1.817 2.522 2.399 2.453 2.262 1.665 1.462 1.430 1.323 1.247 1.268 1.200 1.199 2.183 6.451 7.607 7.477 8.714 18.502 25.814 24.304 22.470 25.961 29.474 38.973 48.516 47.501 36.744 26.477 10.202 16.986 13.118 6.950 4.830 2.057 2.623 6.104 17.661 38.866 41.429 28.590 18.679 18.400 17.298 14.809 21.171 24.478 33.043 49.477 36.687 28.221 28.765 18.653
0.702 0.971 2.364 2.173 1.111 1.056 1.113 1.156 1.067 1.063 0.977 0.426 0.005 0.000 0.596 1.901 2.540 1.996 1.737 2.148 0.791 1.095 1.612 2.072 1.690 0.764 0.794 2.062 2.574 2.195 1.535 2.588 6.515 9.662 9.869 10.333 13.837 26.338 27.687 27.798 24.092 29.100 23.845 21.339 26.216 32.039 29.913 28.244 16.188 27.114 28.432 15.549 6.728 5.040 4.240 1.558 3.487 17.220 38.219 49.873 46.497 37.355 34.264 28.373 28.704 35.414 51.570 52.371 25.907 16.379 6.895 10.923
0.662 1.666 2.068 1.194 1.111 1.043 1.025 1.056 1.057 1.047 1.056 0.590 0.036 0.000 0.194 0.937 1.596 1.697 1.515 1.140 2.443 2.865 2.369 2.205 3.452 5.007 6.074 6.270 6.485 6.504 5.665 6.735 9.443 11.764 12.511 17.000 22.311 32.676 31.766 31.158 33.353 22.169 26.931 19.295 23.407 28.441 28.255 21.786 15.314 25.042 32.807 30.844 12.199 5.425 5.151 4.487 3.902 0.759 9.446 28.435 45.176 50.812 47.250 41.333 37.924 45.908 46.644 29.155 5.411 5.840 21.491 32.771
1.354 1.822 1.420 1.033 1.098 1.016 0.876 0.995 1.177 1.203 1.177 0.754 0.336 0.156 1.309 2.325 1.728 0.960 1.618 2.971 3.536 3.150 3.883 5.861 8.193 8.112 7.223 6.264 7.168 7.719 7.642 8.548 9.514 11.520 15.878 19.658 27.020 29.651 31.678 25.031 28.881 27.336 27.272 13.088 28.437 31.494 32.440 26.704 17.046 22.337 17.605 35.246 21.687 12.550 14.551 7.515 4.856 4.079 2.623 2.583 15.563 32.519 42.432 45.345 44.007 39.115 26.866 9.849 14.733 27.951 34.051 33.062
2.072 1.808 1.073 0.897 1.018 1.014 0.802 0.718 0.896 1.142 1.288 0.950 0.690 1.687 4.043 3.755 3.048 2.911 2.863 3.095 3.531 3.486 4.188 7.154 8.299 7.457 6.914 5.868 7.355 9.668 11.372 16.729 15.404 10.049 17.261 23.133 19.226 19.909 25.594 21.781 20.713 27.224 12.280 14.886 25.474 33.238 32.261 27.163 17.340 14.771 2.858 27.981 17.135 20.664 21.136 18.335 11.457 7.763 5.323 3.916 0.852 4.368 15.466 24.181 26.467 20.045 10.768 14.919 27.356 25.391 24.331 28.607
2.028 1.390 0.727 0.849 1.027 0.904 0.773 0.646 0.656 0.798 1.041 0.893 1.458 4.565 5.004 3.623 3.406 3.499 3.190 2.990 3.538 3.868 7.539 11.091 10.484 10.339 11.736 8.740 8.765 13.469 19.789 24.122 21.054 9.526 10.128 22.051 23.037 21.338 25.785 27.356 18.548 17.758 18.984 23.208 22.035 36.280 34.014 26.454 20.293 4.074 5.765 20.345 8.130 19.563 21.245 26.190 22.717 15.561 8.717 10.046 9.163 3.476 0.434 1.906 4.541 6.838 6.953 12.241 27.238 32.986 29.258 24.680
1.717 1.168 0.780 0.827 0.950 0.888 0.747 0.650 0.650 0.656 0.710 1.919 6.358 6.665 5.361 4.470 4.335 4.147 3.249 3.358 3.277 6.818 12.945 18.194 15.803 16.001 17.436 17.051 11.238 14.969 19.148 18.268 18.632 14.397 7.675 13.787 21.206 23.162 30.711 34.803 23.217 16.480 27.377 22.060 17.295 32.986 33.092 28.662 22.160 12.921 7.522 16.929 8.476 19.217 19.534 24.486 25.881 22.562 10.111 10.767 22.478 17.848 9.789 8.921 8.387 4.833 5.535 5.426 17.708 37.340 38.027 32.695
2.722 1.856 1.738 1.647 1.125 0.710 0.802 0.704 0.560 1.512 7.386 14.273 14.431 8.547 7.498 10.993 8.971 6.099 3.181 3.946 3.104 10.311 19.797 13.001 4.718 10.311 14.092 18.908 13.347 11.285 16.476 10.346 17.184 13.267 18.653 11.232 25.990 25.992 25.258 33.897 28.464 18.237 22.284 18.267 16.063 29.403 31.509 27.857 19.103 14.873 11.536 19.985 6.872 21.488 11.805 15.986 18.736 22.265 14.549 12.522 24.714 32.456 22.554 19.949 16.187 11.266 2.502 4.866 4.953 24.514 43.201 36.427
3.931 2.688 2.680 2.239 1.661 0.471 0.669 0.744 4.606 15.525 28.281 27.302 20.057 13.005 10.857 15.348 14.503 12.116 5.339 5.790 4.722 5.880 10.941 16.580 17.997 15.737 8.405 13.650 16.263 6.194 16.083 10.762 16.781 21.610 20.373 12.941 20.957 30.432 28.543 31.531 26.002 21.524 21.177 9.597 18.346 28.558 30.298 26.707 22.546 15.462 12.270 19.386 7.498 19.837 8.804 13.851 20.225 18.717 13.542 17.791 20.427 30.111 26.941 21.412 19.415 17.119 9.655 1.394 6.410 12.866 28.394 37.833
13.922 4.964 2.327 2.007 1.904 1.124 0.567 4.742 16.795 30.572 27.097 18.679 20.079 18.967 12.105 12.144 13.148 13.253 8.278 7.304 6.508 3.420 4.023 4.721 11.784 21.547 20.439 11.110 16.955 10.583 13.388 18.534 13.271 30.487 18.236 19.224 7.833 24.799 31.395 34.615 36.072 28.698 18.538 2.204 20.565 26.793 24.267 23.834 24.411 19.205 15.651 17.072 9.954 18.243 11.115 11.949 23.768 27.364 15.972 19.169 22.998 18.803 28.273 18.122 18.392 21.200 16.416 4.219 4.235 9.409 20.434 28.880
27.191 19.578 8.898 3.847 2.128 1.652 0.490 9.330 22.916 21.172 11.720 6.038 6.265 20.224 18.783 10.127 10.893 12.442 8.360 9.414 6.808 3.990 6.153 7.319 13.295 17.316 26.106 12.322 15.751 13.039 16.532 19.163 20.052 21.272 25.272 24.584 18.201 17.054 35.510 37.858 32.508 28.358 15.973 6.785 18.833 15.272 19.835 22.943 24.002 20.575 18.327 12.855 16.895 11.195 18.317 10.766 20.079 27.972 19.499 19.443 20.509 12.271 28.500 23.570 15.749 19.434 22.055 12.930 2.135 6.875 10.144 18.264
10.302 17.856 16.011 8.319 3.823 2.249 2.520 7.021 17.448 24.509 25.806 25.975 19.660 4.846 17.817 14.918 13.014 12.198 13.450 11.182 8.812 4.447 5.465 13.592 15.099 16.832 21.512 20.398 10.049 14.849 14.988 23.849 24.769 20.738 25.795 30.418 24.898 21.949 20.528 39.585 37.182 32.391 22.762 3.362 15.697 17.037 16.109 20.505 28.375 23.978 13.769 17.324 22.157 20.010 12.924 18.213 11.902 23.310 17.086 24.931 23.463 22.720 25.222 31.380 21.910 17.943 20.353 21.712 14.998 7.224 7.430 7.575
14.712 2.749 12.487 10.871 3.378 4.299 8.550 13.206 3.867 16.028 13.022 16.338 26.476 25.709 14.339 17.316 18.571 10.669 12.585 10.851 11.923 9.189 2.759 16.566 21.153 15.161 11.966 23.045 10.475 16.573 16.053 25.881 32.509 23.512 27.832 31.649 26.535 29.051 22.479 17.587 32.077 39.147 32.081 11.425 10.831 17.176 17.957 23.124 28.234 21.167 17.447 27.288 23.121 22.456 15.082 17.902 10.416 17.019 21.868 28.407 34.701 31.699 27.599 32.412 26.473 18.120 18.121 20.024 23.895 18.110 1.782 6.471
10.939 5.631 8.800 10.400 5.462 10.941 16.815 20.735 22.254 2.036 16.574 15.973 9.243 25.415 26.765 11.077 20.535 13.625 7.936 10.133 12.471 15.432 8.151 16.252 24.837 11.484 16.162 15.673 19.826 20.510 20.150 30.040 29.924 23.729 26.725 36.981 31.442 27.101 35.380 26.176 36.657 37.523 25.075 13.515 5.627 14.552 17.502 20.912 27.635 26.003 28.487 24.939 18.868 18.247 16.252 13.795 13.833 13.542 25.483 22.160 25.432 33.709 27.150 39.413 28.730 17.160 14.198 11.886 12.066 19.938 12.162 2.511
8.802 5.273 5.304 5.473 8.965 13.879 15.215 4.916 21.942 5.809 24.801 16.766 6.578 26.433 29.944 8.414 17.466 14.110 12.328 13.716 19.207 17.450 12.931 8.169 16.468 22.620 20.607 23.222 26.608 24.021 29.871 28.149 29.540 26.755 28.542 36.183 39.890 30.903 35.288 35.890 36.538 21.357 16.249 26.753 19.087 11.220 14.527 15.133 13.397 17.350 24.079 17.168 14.356 14.406 18.629 10.852 14.235 21.569 21.300 17.714 21.807 26.066 16.334 40.902 33.650 17.012 10.548 12.186 13.756 13.992 17.739 9.282
9.123 3.918 1.355 1.960 7.187 8.099 5.683 14.640 21.426 1.248 30.627 11.266 6.402 30.566 29.938 8.919 17.295 12.360 14.035 16.513 14.322 16.530 15.792 4.925 20.565 27.770 23.481 21.459 23.686 20.839 20.681 25.296 29.817 33.693 25.896 23.797 35.724 36.421 32.741 36.012 27.747 9.240 23.165 36.546 34.372 20.870 25.721 33.335 23.627 7.959 7.556 11.148 13.865 15.297 23.923 19.809 24.725 30.553 25.426 25.546 27.289 20.537 15.954 36.114 32.967 24.290 19.562 10.975 11.551 16.274 26.546 22.599
10.497 5.440 4.563 2.367 5.896 5.770 13.417 17.771 16.741 9.751 35.121 12.753 7.517 28.184 31.346 9.100 17.576 13.820 11.508 8.962 11.602 17.161 13.804 9.902 23.860 24.273 18.787 19.609 22.514 22.676 19.152 18.566 25.560 20.862 14.116 11.544 1.008 8.386 12.668 16.276 13.996 29.764 38.827 30.611 36.928 23.914 36.610 42.878 40.563 30.898 19.184 3.894 2.637 10.941 13.950 16.608 20.037 24.328 24.607 25.554 24.610 7.861 32.181 36.515 29.279 20.779 13.021 16.613 29.497 30.047 26.213 28.212
9.521 4.881 4.257 6.383 6.056 13.876 15.651 12.630 3.896 29.429 35.258 10.778 11.910 28.544 32.768 7.387 17.754 16.400 10.660 12.748 13.908 13.423 18.147 18.519 14.772 18.925 20.345 23.762 27.760 27.050 27.996 29.258 24.884 34.685 35.902 38.103 35.823 29.014 19.500 13.328 21.132 40.866 37.084 21.944 33.540 30.006 38.968 32.279 33.015 35.658 27.066 19.198 16.901 14.820 16.786 12.500 9.356 6.535 10.828 9.896 1.508 23.964 33.364 27.871 19.146 15.572 17.944 25.033 31.654 30.574 24.404 29.199
7.905 5.330 1.495 9.686 14.093 13.313 9.346 4.929 29.851 35.192 29.242 13.551 17.212 18.461 32.236 15.983 7.707 16.230 14.521 15.979 9.338 14.888 23.867 25.925 23.872 12.729 6.616 9.179 18.568 29.541 31.269 17.711 34.893 39.567 34.640 43.398 42.371 38.963 34.875 27.720 20.633 31.356 43.269 18.323 27.572 36.649 34.120 24.804 25.800 33.727 21.243 27.851 34.977 35.399 34.074 24.595 19.919 28.142 38.430 34.664 22.641 15.430 28.265 23.656 20.810 15.337 24.248 33.643 30.375 22.954 30.642 22.152
7.298 4.102 3.913 14.679 14.261 7.191 5.366 25.614 33.888 18.393 12.932 10.311 14.945 13.058 22.490 24.993 11.039 5.428 13.481 15.194 12.184 9.555 12.601 13.055 16.778 22.422 25.078 27.474 29.611 26.432 12.292 29.198 37.785 31.698 28.900 36.592 35.679 39.956 40.189 35.200 20.170 19.808 34.566 36.498 15.198 31.421 32.198 16.252 27.820 29.596 18.524 34.115 40.971 38.374 31.301 29.302 23.335 37.746 34.915 36.666 31.513 10.736 17.376 25.547 21.807 21.209 29.160 33.747 17.734 25.803 37.507 13.523
9.145 4.628 8.873 16.286 9.960 1.885 10.658 21.928 16.926 19.034 22.879 28.679 16.511 12.153 10.156 15.500 17.713 15.697 23.182 36.452 26.861 27.353 23.442 19.509 13.639 10.434 20.147 20.526 6.905 19.139 33.296 32.179 30.022 25.713 24.815 29.061 29.273 34.182 31.756 32.381 25.979 28.086 27.174 29.551 27.625 23.763 25.608 16.131 29.082 19.868 23.912 29.164 28.729 30.027 32.455 33.811 39.101 40.352 18.040 33.406 28.753 15.022 2.721 17.405 24.997 27.991 28.371 19.984 12.645 31.055 33.127 14.306
6.679 3.921 11.595 15.985 7.141 0.981 10.212 16.758 17.924 11.566 19.145 28.106 29.237 18.084 12.515 13.276 16.650 31.846 35.415 31.296 16.471 20.666 31.208 32.596 33.139 30.536 16.710 13.220 34.130 34.389 36.270 28.706 18.563 24.715 23.047 23.123 25.789 20.313 26.334 22.650 24.898 39.521 35.474 24.544 32.831 26.385 14.405 22.292 27.870 30.661 30.115 29.201 19.433 29.773 31.741 39.252 38.855 22.863 28.836 27.883 26.861 23.017 10.006 8.887 20.969 23.830 18.798 8.585 24.602 33.382 18.191 27.970
13.345 9.850 13.685 11.724 4.898 2.368 3.893 15.247 19.692 18.471 19.433 14.736 32.758 32.232 32.242 36.572 27.877 27.069 24.982 19.503 11.330 14.586 21.442 20.634 34.252 34.569 22.760 36.049 35.648 23.212 25.072 24.705 12.889 22.790 26.177 16.502 24.533 24.945 20.874 24.347 32.052 40.396 41.883 33.348 33.013 25.788 11.709 19.225 31.769 35.452 35.518 27.738 7.399 20.265 21.383 16.843 10.666 20.255 22.944 21.438 25.071 29.430 24.049 10.528 8.630 14.498 11.846 20.312 28.095 21.346 20.013 31.793
