01_Terauchi/04_EXE_SIMU/01_RR_DR/output_misc/gradave.asc
ncols  372
nrows  253
xllcorner     -26340.000
yllcorner      43260.000
cellsize     30.000
NODATA_value -9999.000
[rows 0 to 31 of 253, columns 0 to 71 of 372]
42.373 48.395 58.607 47.157 38.760 29.965 21.595 14.106 12.460 12.898 14.862 12.623 13.829 18.940 19.744 25.153 28.886 30.078 49.518 54.974 46.811 18.538 3.483 13.145 33.586 34.101 50.880 64.944 65.552 43.613 22.265 27.876 32.175 44.672 39.095 31.218 36.869 35.014 26.245 31.359 39.384 42.801 42.045 30.046 8.162 9.273 23.703 36.312 39.243 39.048 26.199 23.945 3.681 2.787 3.077 4.370 4.642 4.602 4.508 3.815 3.662 2.196 1.455 1.067 0.845 0.862 0.602 0.302 0.212 1.391 1.007 0.890
32.268 34.187 45.694 39.475 32.745 21.745 13.882 10.186 9.505 10.047 12.152 11.561 11.770 14.833 14.736 17.985 21.685 23.022 36.453 40.870 24.970 7.253 8.722 23.788 37.129 37.989 39.614 65.059 68.151 54.216 33.168 33.441 39.455 40.829 37.806 31.204 30.127 35.888 39.602 34.857 34.575 33.044 28.192 28.887 11.034 6.565 17.860 31.206 34.064 33.295 26.676 21.227 13.276 2.832 2.576 3.342 4.470 4.551 4.317 3.990 3.976 3.121 1.934 1.278 0.898 0.371 0.123 0.458 1.111 1.600 1.132 1.022
29.716 17.324 38.617 33.336 21.822 11.549 7.245 6.691 6.623 6.982 8.144 9.505 9.567 9.617 9.943 10.152 11.176 11.835 15.696 17.648 9.692 3.813 14.404 26.009 35.873 40.518 42.071 43.587 62.354 65.489 51.142 43.840 39.612 40.057 34.273 36.592 22.031 36.772 40.918 35.451 31.459 34.430 32.170 21.578 14.187 5.001 15.457 28.990 32.946 25.564 22.615 24.254 15.202 2.393 2.706 2.988 6.450 6.303 4.945 3.994 3.998 3.990 3.207 2.104 1.525 1.360 0.784 1.058 1.871 1.709 2.043 1.553
14.909 16.265 37.225 30.637 15.569 9.069 7.328 6.990 6.822 6.724 7.588 8.661 8.758 8.346 9.104 7.084 6.008 4.574 4.422 4.882 4.028 6.854 17.734 26.608 35.244 41.113 45.819 31.205 36.425 51.701 52.429 48.464 36.172 30.578 29.217 32.556 20.773 33.468 42.544 41.197 33.094 31.054 38.744 26.349 12.370 7.809 14.510 26.477 33.423 33.932 27.711 21.849 13.153 15.879 15.273 13.819 11.713 12.016 12.186 7.424 4.146 3.983 3.916 3.124 1.933 1.486 1.046 1.589 2.172 2.028 2.364 2.556
4.844 18.869 42.219 25.998 7.364 5.133 4.013 3.819 3.413 3.794 5.225 6.121 6.423 6.448 7.478 6.063 3.997 3.748 3.309 3.392 3.073 10.796 17.559 28.160 34.714 40.001 48.275 37.398 18.698 34.040 38.465 43.012 36.544 25.929 34.155 22.777 28.512 29.450 36.408 39.478 38.360 33.106 31.633 30.703 15.800 12.814 15.949 27.185 36.752 39.588 30.532 8.324 18.149 25.165 30.111 29.214 20.867 20.352 17.152 15.603 8.486 3.474 3.050 2.656 2.702 2.269 1.543 1.859 2.604 2.640 2.487 2.443
2.692 23.740 40.194 19.693 1.710 1.371 1.385 1.286 1.564 2.864 2.328 3.032 3.700 2.756 2.887 4.914 3.857 3.655 3.386 2.948 6.129 12.840 15.103 28.216 35.049 39.593 46.803 42.322 21.852 27.938 28.394 35.781 42.402 30.469 27.898 18.290 25.957 21.353 33.409 41.092 40.887 36.360 25.491 31.734 25.178 18.535 21.131 29.808 41.924 39.500 21.378 7.751 21.620 30.928 36.117 38.195 38.414 35.928 28.786 16.448 14.039 6.533 3.113 1.606 2.398 2.823 1.782 1.607 2.729 2.829 2.444 2.046
7.288 16.068 43.936 26.773 1.830 1.938 1.808 2.113 4.325 5.387 6.914 9.057 18.090 21.161 14.146 5.770 1.295 2.174 1.961 1.940 9.203 11.314 14.823 28.961 36.198 40.772 45.176 40.491 32.336 12.818 33.509 29.025 42.781 39.545 30.130 22.498 24.160 20.636 35.643 38.589 42.338 42.178 30.762 29.272 33.976 26.226 22.377 30.325 42.371 39.278 23.792 12.789 31.672 37.365 22.964 24.020 30.668 32.671 42.994 36.230 18.732 12.678 2.753 1.645 2.423 2.893 2.395 1.251 3.364 2.853 9.646 11.315
17.396 3.957 39.777 36.712 6.406 2.313 2.516 3.524 4.462 4.545 5.960 12.770 20.462 32.194 33.709 26.452 13.286 5.285 5.271 10.034 18.564 13.388 14.337 29.846 39.892 42.923 40.730 35.502 36.447 32.100 32.573 27.935 37.200 42.080 42.983 33.635 29.174 29.059 32.667 41.742 41.718 41.646 27.692 25.057 38.601 30.606 26.241 32.310 39.884 36.478 28.989 16.501 33.098 24.270 6.401 6.673 9.106 14.332 27.998 47.627 36.365 22.230 9.223 1.783 6.031 2.947 3.015 0.827 3.638 10.701 16.128 26.326
20.338 6.954 27.183 40.609 15.812 1.682 3.015 3.710 5.757 5.981 5.642 14.651 26.712 20.179 37.348 46.854 38.109 22.265 22.990 36.793 36.268 26.530 14.959 21.178 40.670 41.884 33.473 35.096 44.826 48.125 30.154 26.446 32.526 40.101 37.570 42.994 29.712 33.184 25.723 39.981 37.773 38.849 28.163 17.842 42.488 34.243 30.450 27.247 40.202 47.180 36.593 16.725 23.598 16.803 7.765 6.569 5.271 7.031 13.940 32.483 41.583 33.844 15.520 4.818 10.974 6.848 3.104 0.798 3.366 14.310 26.997 26.367
22.045 9.480 20.920 38.850 20.808 1.298 3.388 5.421 5.512 5.521 7.084 14.904 24.241 27.835 22.943 40.566 54.779 42.453 38.504 48.735 39.690 35.709 29.229 17.920 29.382 42.289 36.734 35.678 44.264 49.788 44.674 23.717 17.466 31.317 32.636 35.513 27.929 30.708 25.385 37.355 34.662 31.077 26.010 10.764 37.531 28.725 28.312 27.827 31.170 40.521 39.988 25.163 24.477 18.684 10.267 7.551 6.058 3.118 4.294 24.207 40.588 34.807 15.763 15.537 7.189 12.791 2.722 0.836 3.186 16.294 36.090 25.127
24.722 10.234 19.360 35.589 22.020 2.448 3.770 5.639 5.555 6.348 9.487 16.139 22.694 29.426 28.396 19.586 41.386 51.093 38.495 35.930 29.365 36.336 38.861 34.882 18.640 40.186 45.506 35.441 37.899 45.151 50.733 45.666 30.629 11.372 9.425 11.200 17.152 23.353 26.731 28.048 31.937 34.579 24.726 13.385 29.671 31.753 27.807 25.888 20.850 30.026 33.521 32.307 28.915 16.574 15.837 9.813 3.125 5.365 15.586 35.441 37.787 27.375 12.265 17.933 12.029 13.760 2.704 1.083 3.411 17.174 39.124 26.760
28.145 20.086 18.892 36.703 20.478 3.806 1.588 5.907 7.400 8.861 11.876 16.595 21.723 25.964 30.117 24.269 17.901 38.286 34.075 20.697 17.960 25.581 34.495 39.092 36.371 13.762 41.930 44.122 37.538 41.209 47.884 50.725 50.542 47.164 35.504 30.159 18.490 8.248 3.488 13.334 28.421 33.493 25.665 3.891 30.035 35.243 36.119 31.069 24.966 18.260 21.575 25.313 18.635 24.837 25.338 17.295 8.796 14.143 22.241 28.721 22.827 16.177 21.108 9.150 15.320 17.829 4.243 1.320 3.009 16.538 39.257 33.909
33.756 34.530 33.308 31.774 11.053 3.342 0.511 4.644 7.417 8.940 12.616 21.461 23.805 21.079 26.158 29.161 18.485 10.479 22.281 16.812 20.733 28.369 33.450 33.388 37.097 31.729 10.845 34.873 43.640 42.704 41.814 45.057 47.254 52.414 54.848 51.869 50.281 40.700 30.031 28.386 32.429 35.421 39.198 33.560 9.978 39.771 45.843 37.960 28.122 22.611 16.433 15.031 18.881 30.329 25.512 31.530 23.823 15.459 19.760 21.684 27.383 25.560 20.659 13.015 12.154 20.485 13.553 1.510 1.900 16.168 38.151 38.391
12.593 22.897 26.216 10.738 2.660 3.148 1.675 3.918 7.693 8.840 12.122 19.369 24.351 24.053 27.907 30.740 22.136 10.237 11.473 23.191 28.046 35.459 36.455 31.321 32.610 35.414 33.642 17.561 23.323 37.621 43.935 45.943 44.306 47.481 55.092 55.881 54.889 53.614 42.492 35.674 34.124 36.216 41.195 50.452 35.751 20.513 49.706 47.730 37.797 28.717 22.757 12.262 25.932 24.729 17.899 31.075 32.880 24.970 24.855 26.566 25.624 26.247 19.603 16.780 15.974 21.208 12.992 1.221 1.573 16.133 38.414 39.845
2.674 5.252 6.422 2.628 2.545 2.770 2.177 3.066 8.050 11.287 12.435 11.143 20.282 26.327 27.176 30.121 30.300 23.793 22.333 21.837 29.890 35.947 35.342 35.506 29.562 31.935 37.835 33.033 14.548 9.447 18.333 24.806 27.923 26.836 26.273 29.955 29.990 37.450 42.420 34.986 30.044 26.966 33.138 47.043 53.883 21.621 34.982 50.138 45.973 33.050 29.905 18.692 22.356 19.255 14.411 23.964 31.741 27.080 29.672 29.031 23.910 27.808 25.106 23.123 26.190 18.219 7.670 0.798 2.244 16.306 39.169 40.458
2.427 2.808 2.936 2.917 2.532 2.312 2.246 4.006 8.291 9.421 8.470 9.093 15.908 22.432 24.546 27.431 31.531 30.576 27.989 30.553 34.336 21.689 29.569 38.487 31.240 42.171 39.455 34.375 25.253 13.012 25.370 25.397 23.300 23.310 25.994 23.799 25.876 26.229 31.736 34.788 25.304 25.084 26.997 38.856 45.967 41.474 8.626 42.687 50.132 43.384 32.374 19.550 15.964 17.031 11.139 18.854 26.540 27.219 27.620 32.605 25.629 22.917 31.905 34.964 29.147 16.718 6.805 0.663 3.638 18.542 39.069 40.179
2.137 2.696 2.749 2.852 2.924 2.509 2.080 4.250 11.799 10.573 6.373 7.403 10.288 13.661 18.917 25.337 29.921 29.460 29.025 30.307 35.589 33.351 10.493 31.161 32.531 44.241 40.492 41.849 29.145 18.702 39.052 43.298 42.821 43.432 35.803 29.988 38.946 45.623 33.551 17.532 18.456 20.413 32.292 40.614 46.051 37.593 20.702 22.606 45.562 50.123 43.300 21.293 22.666 16.558 12.048 11.229 17.750 22.051 18.231 24.782 26.062 20.106 31.165 42.423 30.275 16.683 8.890 1.144 8.950 25.265 37.842 35.759
2.222 1.982 1.997 1.985 1.940 1.971 1.703 8.249 14.359 11.511 9.071 9.232 14.450 11.943 18.110 32.036 34.038 22.895 20.713 26.829 30.790 37.292 25.691 15.592 34.654 29.741 35.446 42.803 32.796 30.288 45.810 37.371 41.480 40.638 33.365 28.578 41.106 41.502 43.675 34.452 29.303 19.932 19.807 41.207 45.305 39.340 29.601 9.173 23.442 42.840 51.080 26.353 24.726 13.774 14.711 10.904 9.432 11.836 15.575 22.496 23.246 20.115 32.842 42.526 28.071 14.720 19.540 13.961 12.484 31.240 32.366 33.120
2.337 1.769 1.382 1.257 1.185 1.285 3.522 13.725 13.805 10.283 8.898 15.028 20.247 18.292 24.367 22.187 40.756 32.089 20.206 22.279 26.132 29.991 37.164 27.564 20.743 16.016 29.540 41.082 28.153 38.131 39.880 34.284 34.432 34.916 36.578 32.335 39.491 37.676 33.175 27.335 21.219 18.675 15.054 29.536 44.044 47.009 34.574 30.634 10.462 26.806 44.547 32.065 13.748 20.318 20.466 12.178 9.029 10.419 15.004 23.546 26.174 24.835 35.279 36.278 23.631 24.714 34.366 29.410 13.325 17.416 29.381 40.065
2.366 2.227 1.624 1.441 1.366 0.880 12.353 19.401 16.346 12.225 9.845 20.590 20.431 29.910 38.281 31.092 16.457 36.916 23.004 18.221 27.742 33.707 32.515 31.387 19.248 4.636 22.530 34.617 22.269 36.394 36.167 31.525 29.842 25.145 33.330 29.073 28.412 37.669 18.111 29.205 21.937 19.950 17.270 13.653 28.432 40.315 36.827 32.465 25.341 14.312 36.512 37.753 10.962 24.294 38.532 18.901 11.616 10.012 13.183 20.300 27.290 32.538 25.716 27.955 22.725 31.942 34.845 35.126 26.341 7.259 9.382 18.337
2.465 2.390 2.040 1.537 0.840 9.620 22.799 26.018 22.045 21.371 14.985 17.457 35.209 34.822 17.146 32.017 27.991 25.248 30.398 25.240 24.904 26.055 32.265 28.612 22.371 4.660 18.863 31.100 21.699 32.760 32.660 25.529 24.627 29.290 27.681 25.602 22.348 33.822 19.873 19.607 25.943 24.256 18.032 18.268 17.351 18.771 24.746 30.453 35.819 13.961 35.211 36.220 12.064 23.174 48.047 43.152 21.794 14.583 11.488 18.803 27.739 25.211 33.727 29.212 17.450 31.129 20.853 34.582 27.863 25.523 24.884 17.023
1.277 1.145 0.804 1.560 7.627 18.586 28.029 27.834 17.847 19.378 26.157 19.059 23.707 33.515 28.083 7.507 29.691 16.545 30.678 31.012 23.991 20.457 30.053 27.624 23.783 13.464 15.611 31.527 29.158 25.007 28.158 19.711 26.838 34.845 21.791 27.133 19.022 25.231 19.337 17.107 20.298 25.780 17.672 19.546 20.507 21.091 27.358 27.560 38.168 24.353 32.361 40.368 16.395 29.058 34.878 51.260 39.078 28.151 21.154 21.056 18.695 36.778 36.246 33.828 29.976 23.465 25.361 25.772 34.514 36.885 35.773 28.453
4.941 5.346 6.057 8.615 13.943 21.550 28.881 18.392 9.093 11.954 21.289 27.244 12.199 26.795 28.041 25.160 8.499 26.774 11.674 30.942 26.199 21.067 25.425 30.446 28.243 24.486 13.136 26.512 32.915 15.831 27.563 22.380 32.391 35.887 18.692 25.243 12.639 20.470 19.684 23.029 16.415 24.710 16.903 22.216 19.897 21.654 30.736 34.655 34.949 18.780 24.783 36.475 21.853 35.606 28.604 46.471 39.844 33.223 25.293 24.128 32.970 29.833 44.795 24.219 35.783 17.725 25.892 28.955 42.975 42.189 33.551 34.191
13.036 10.972 9.453 13.335 20.870 27.510 21.256 13.157 13.579 21.499 15.293 23.742 26.920 7.192 28.561 26.328 22.464 14.514 19.169 23.094 24.318 23.157 28.289 29.020 24.697 27.015 24.183 12.071 32.163 24.210 28.793 35.971 38.551 36.353 15.446 26.044 9.516 22.250 25.985 26.253 16.376 23.870 20.011 21.573 20.604 27.758 24.734 33.818 33.991 9.670 26.567 24.596 28.594 33.516 29.845 45.581 34.306 34.036 31.036 29.870 31.126 25.763 43.935 27.669 31.647 26.318 16.894 38.621 38.307 36.824 36.084 37.478
25.124 21.238 11.906 17.267 29.316 31.087 27.905 24.364 17.380 20.372 23.380 17.096 28.770 18.578 22.505 30.711 26.464 15.824 23.545 13.571 30.762 31.724 31.436 23.308 16.128 21.608 27.341 15.713 19.906 36.500 29.847 36.646 33.629 26.404 15.668 27.558 13.698 24.687 26.580 23.756 17.175 22.301 25.667 20.931 25.697 28.609 28.596 22.729 34.103 11.548 22.341 19.885 35.471 29.578 21.377 49.968 37.227 31.454 37.326 33.592 27.666 29.789 32.758 30.224 28.788 36.580 21.892 35.934 25.490 25.871 31.954 39.981
33.122 30.861 15.626 19.272 31.971 28.301 24.262 23.922 24.485 19.784 26.631 11.424 20.147 29.503 6.402 33.224 28.361 23.841 11.415 23.417 19.158 32.975 34.350 24.358 14.259 14.745 19.629 25.131 21.810 32.287 26.685 33.953 30.822 15.922 12.832 27.248 24.263 19.846 28.246 23.810 19.093 21.334 26.225 24.875 25.788 26.664 29.106 32.181 24.235 4.020 7.045 25.070 32.698 19.194 18.922 44.533 37.457 40.676 32.753 26.972 29.452 34.296 20.381 28.464 26.817 41.553 26.362 28.695 15.816 16.365 19.317 29.932
28.851 28.309 16.507 20.371 33.700 29.301 23.678 22.405 27.323 28.062 24.655 8.794 12.039 29.049 12.500 30.287 31.329 25.291 19.696 23.630 10.220 32.860 38.120 28.335 15.736 12.842 16.476 26.360 31.967 17.673 25.045 10.985 31.848 26.696 4.080 22.941 32.037 11.684 29.585 23.661 24.485 18.473 31.253 26.805 26.503 27.434 26.101 25.564 26.332 14.548 12.103 22.083 21.791 16.691 20.538 30.226 39.128 35.760 31.984 27.311 35.794 36.934 20.016 34.481 24.657 36.070 28.472 17.910 10.401 10.423 12.442 19.918
29.572 31.401 14.484 24.236 38.644 31.075 25.167 25.429 29.551 33.965 15.493 11.302 9.464 22.599 22.182 20.301 34.314 30.490 29.977 19.783 30.410 24.341 40.999 26.982 17.894 15.293 16.887 21.167 27.066 23.008 3.497 14.147 16.094 23.160 21.854 21.738 29.836 24.366 21.597 34.864 32.757 19.094 25.095 25.111 24.907 26.442 24.204 23.839 22.362 17.369 15.343 13.956 20.217 14.840 19.531 27.569 25.456 27.721 33.835 33.765 40.081 23.475 37.584 33.863 27.460 34.730 26.699 11.716 8.541 8.194 9.792 15.419
37.343 38.648 14.559 29.622 41.137 28.789 25.403 26.838 27.471 24.833 16.442 15.136 15.523 19.304 27.716 14.165 36.239 34.126 35.303 19.989 35.309 26.237 34.164 30.060 20.655 18.182 15.335 14.167 18.274 24.613 20.260 14.274 18.390 15.893 29.711 25.607 21.341 28.054 25.360 19.520 32.519 27.504 12.978 19.613 22.585 27.047 24.801 23.303 18.864 16.685 14.223 18.078 24.413 17.581 10.553 24.460 21.969 30.593 37.438 35.849 25.254 25.508 35.782 33.375 28.740 40.563 30.995 13.937 10.213 9.349 10.706 14.146
33.647 40.397 17.307 26.879 35.849 32.718 28.510 26.679 22.656 19.426 22.172 24.071 25.818 24.107 33.420 14.151 38.190 37.162 33.289 27.671 18.824 38.016 18.781 29.500 24.453 19.873 16.703 15.266 14.322 20.116 23.397 25.054 22.115 23.534 29.468 27.474 14.062 29.354 23.444 26.718 20.843 24.276 25.236 21.404 22.860 26.364 25.483 21.888 22.480 18.481 19.769 26.739 29.826 16.626 12.754 16.292 26.761 35.106 37.648 34.726 18.565 26.526 28.646 28.573 22.781 35.399 38.831 23.320 18.012 16.298 15.578 15.462
29.533 40.325 24.721 21.773 35.854 34.773 36.544 29.150 19.673 20.494 24.434 27.001 27.484 28.598 34.008 21.347 29.662 39.084 31.300 28.977 20.044 17.222 32.475 12.877 22.328 24.474 23.001 23.167 20.210 21.880 26.220 30.923 27.377 22.422 23.858 22.938 14.745 22.853 24.110 24.100 21.659 22.549 29.951 24.330 23.134 25.685 22.979 17.572 21.043 19.656 20.540 25.634 24.617 13.952 15.515 21.348 32.821 34.628 35.784 22.757 31.939 28.176 21.910 17.758 22.959 31.039 35.157 37.966 28.603 23.304 18.610 17.101
24.563 37.372 30.008 16.511 36.293 36.064 38.734 32.547 15.228 22.065 20.139 20.956 24.518 29.968 35.591 29.931 13.171 36.423 37.293 34.013 35.603 24.574 12.821 29.278 14.758 7.648 15.519 27.788 29.987 21.531 21.720 35.506 43.222 28.985 17.981 17.366 14.578 13.674 18.103 20.349 23.488 26.358 26.984 24.231 23.667 24.264 17.639 11.162 18.363 16.020 13.167 17.501 13.154 12.419 20.319 25.773 31.673 35.258 26.240 25.593 36.364 34.725 22.003 14.823 16.029 31.908 29.687 35.782 29.700 20.002 16.211 19.962
