01_Terauchi/04_EXE_SIMU/01_RR_DR/output_misc/rain_map.asc
ncols  372
nrows  253
xllcorner     -26340.000
yllcorner      43260.000
cellsize     30.000
NODATA_value -9999.000
[rows 60 to 89 of 253, columns 0 to 68 of 372]
0.000 0.000 720.000 720.000 720.000 720.000 721.000 721.000 721.000 721.000 721.000 721.000 721.000 721.000 721.000 721.000 722.000 722.000 722.000 722.000 722.000 722.000 722.000 722.000 722.000 722.000 735.000 735.000 735.000 735.000 735.000 735.000 735.000 735.000 735.000 736.000 736.000 736.000 736.000 736.000 736.000 736.000 736.000 736.000 736.000 737.000 737.000 737.000 737.000 737.000 737.000 737.000 737.000 737.000 737.000 738.000 738.000 738.000 738.000 738.000 738.000 738.000 738.000 738.000 751.000 751.000 751.000 751.000 751.000
0.000 0.000 684.000 684.000 684.000 684.000 685.000 685.000 685.000 685.000 685.000 685.000 685.000 685.000 685.000 685.000 686.000 686.000 686.000 686.000 686.000 686.000 686.000 686.000 686.000 686.000 699.000 699.000 699.000 699.000 699.000 699.000 699.000 699.000 699.000 700.000 700.000 700.000 700.000 700.000 700.000 700.000 700.000 700.000 700.000 701.000 701.000 701.000 701.000 701.000 701.000 701.000 701.000 701.000 701.000 702.000 702.000 702.000 702.000 702.000 702.000 702.000 702.000 702.000 715.000 715.000 715.000 715.000 715.000
0.000 0.000 684.000 684.000 684.000 684.000 685.000 685.000 685.000 685.000 685.000 685.000 685.000 685.000 685.000 685.000 686.000 686.000 686.000 686.000 686.000 686.000 686.000 686.000 686.000 686.000 699.000 699.000 699.000 699.000 699.000 699.000 699.000 699.000 699.000 700.000 700.000 700.000 700.000 700.000 700.000 700.000 700.000 700.000 700.000 701.000 701.000 701.000 701.000 701.000 701.000 701.000 701.000 701.000 701.000 702.000 702.000 702.000 702.000 702.000 702.000 702.000 702.000 702.000 715.000 715.000 715.000 715.000 715.000
0.000 0.000 684.000 684.000 684.000 684.000 685.000 685.000 685.000 685.000 685.000 685.000 685.000 685.000 685.000 685.000 686.000 686.000 686.000 686.000 686.000 686.000 686.000 686.000 686.000 686.000 699.000 699.000 699.000 699.000 699.000 699.000 699.000 699.000 699.000 700.000 700.000 700.000 700.000 700.000 700.000 700.000 700.000 700.000 700.000 701.000 701.000 701.000 701.000 701.000 701.000 701.000 701.000 701.000 701.000 702.000 702.000 702.000 702.000 702.000 702.000 702.000 702.000 702.000 715.000 715.000 715.000 715.000 715.000
0.000 0.000 684.000 684.000 684.000 684.000 685.000 685.000 685.000 685.000 685.000 685.000 685.000 685.000 685.000 685.000 686.000 686.000 686.000 686.000 686.000 686.000 686.000 686.000 686.000 686.000 699.000 699.000 699.000 699.000 699.000 699.000 699.000 699.000 699.000 700.000 700.000 700.000 700.000 700.000 700.000 700.000 700.000 700.000 700.000 701.000 701.000 701.000 701.000 701.000 701.000 701.000 701.000 701.000 701.000 702.000 702.000 702.000 702.000 702.000 702.000 702.000 702.000 702.000 715.000 715.000 715.000 715.000 715.000
0.000 0.000 684.000 684.000 684.000 684.000 685.000 685.000 685.000 685.000 685.000 685.000 685.000 685.000 685.000 685.000 686.000 686.000 686.000 686.000 686.000 686.000 686.000 686.000 686.000 686.000 699.000 699.000 699.000 699.000 699.000 699.000 699.000 699.000 699.000 700.000 700.000 700.000 700.000 700.000 700.000 700.000 700.000 700.000 700.000 701.000 701.000 701.000 701.000 701.000 701.000 701.000 701.000 701.000 701.000 702.000 702.000 702.000 702.000 702.000 702.000 702.000 702.000 702.000 715.000 715.000 715.000 715.000 715.000
0.000 0.000 0.000 684.000 684.000 684.000 685.000 685.000 685.000 685.000 685.000 685.000 685.000 685.000 685.000 685.000 686.000 686.000 686.000 686.000 686.000 686.000 686.000 686.000 686.000 686.000 699.000 699.000 699.000 699.000 699.000 699.000 699.000 699.000 699.000 700.000 700.000 700.000 700.000 700.000 700.000 700.000 700.000 700.000 700.000 701.000 701.000 701.000 701.000 701.000 701.000 701.000 701.000 701.000 701.000 702.000 702.000 702.000 702.000 702.000 702.000 702.000 702.000 702.000 715.000 715.000 715.000 715.000 715.000
0.000 0.000 0.000 0.000 684.000 684.000 685.000 685.000 685.000 685.000 685.000 685.000 685.000 685.000 685.000 685.000 686.000 686.000 686.000 686.000 686.000 686.000 686.000 686.000 686.000 686.000 699.000 699.000 699.000 699.000 699.000 699.000 699.000 699.000 699.000 700.000 700.000 700.000 700.000 700.000 700.000 700.000 700.000 700.000 700.000 701.000 701.000 701.000 701.000 701.000 701.000 701.000 701.000 701.000 701.000 702.000 702.000 702.000 702.000 702.000 702.000 702.000 702.000 702.000 715.000 715.000 715.000 715.000 715.000
0.000 0.000 0.000 0.000 0.000 684.000 685.000 685.000 685.000 685.000 685.000 685.000 685.000 685.000 685.000 685.000 686.000 686.000 686.000 686.000 686.000 686.000 686.000 686.000 686.000 686.000 699.000 699.000 699.000 699.000 699.000 699.000 699.000 699.000 699.000 700.000 700.000 700.000 700.000 700.000 700.000 700.000 700.000 700.000 700.000 701.000 701.000 701.000 701.000 701.000 701.000 701.000 701.000 701.000 701.000 702.000 702.000 702.000 702.000 702.000 702.000 702.000 702.000 702.000 715.000 715.000 715.000 715.000 715.000
0.000 0.000 0.000 0.000 0.000 680.000 681.000 681.000 681.000 681.000 681.000 681.000 681.000 681.000 681.000 681.000 682.000 682.000 682.000 682.000 682.000 682.000 682.000 682.000 682.000 682.000 695.000 695.000 695.000 695.000 695.000 695.000 695.000 695.000 695.000 696.000 696.000 696.000 696.000 696.000 696.000 696.000 696.000 696.000 696.000 697.000 697.000 697.000 697.000 697.000 697.000 697.000 697.000 697.000 697.000 698.000 698.000 698.000 698.000 698.000 698.000 698.000 698.000 698.000 711.000 711.000 711.000 711.000 711.000
0.000 0.000 0.000 0.000 0.000 680.000 681.000 681.000 681.000 681.000 681.000 681.000 681.000 681.000 681.000 681.000 682.000 682.000 682.000 682.000 682.000 682.000 682.000 682.000 682.000 682.000 695.000 695.000 695.000 695.000 695.000 695.000 695.000 695.000 695.000 696.000 696.000 696.000 696.000 696.000 696.000 696.000 696.000 696.000 696.000 697.000 697.000 697.000 697.000 697.000 697.000 697.000 697.000 697.000 697.000 698.000 698.000 698.000 698.000 698.000 698.000 698.000 698.000 698.000 711.000 711.000 711.000 711.000 711.000
0.000 0.000 0.000 0.000 0.000 680.000 681.000 681.000 681.000 681.000 681.000 681.000 681.000 681.000 681.000 681.000 682.000 682.000 682.000 682.000 682.000 682.000 682.000 682.000 682.000 682.000 695.000 695.000 695.000 695.000 695.000 695.000 695.000 695.000 695.000 696.000 696.000 696.000 696.000 696.000 696.000 696.000 696.000 696.000 696.000 697.000 697.000 697.000 697.000 697.000 697.000 697.000 697.000 697.000 697.000 698.000 698.000 698.000 698.000 698.000 698.000 698.000 698.000 698.000 711.000 711.000 711.000 711.000 711.000
0.000 0.000 0.000 0.000 0.000 0.000 681.000 681.000 681.000 681.000 681.000 681.000 681.000 681.000 681.000 681.000 682.000 682.000 682.000 682.000 682.000 682.000 682.000 682.000 682.000 682.000 695.000 695.000 695.000 695.000 695.000 695.000 695.000 695.000 695.000 696.000 696.000 696.000 696.000 696.000 696.000 696.000 696.000 696.000 696.000 697.000 697.000 697.000 697.000 697.000 697.000 697.000 697.000 697.000 697.000 698.000 698.000 698.000 698.000 698.000 698.000 698.000 698.000 698.000 711.000 711.000 711.000 711.000 711.000
0.000 0.000 0.000 0.000 0.000 0.000 681.000 681.000 681.000 681.000 681.000 681.000 681.000 681.000 681.000 681.000 682.000 682.000 682.000 682.000 682.000 682.000 682.000 682.000 682.000 682.000 695.000 695.000 695.000 695.000 695.000 695.000 695.000 695.000 695.000 696.000 696.000 696.000 696.000 696.000 696.000 696.000 696.000 696.000 696.000 697.000 697.000 697.000 697.000 697.000 697.000 697.000 697.000 697.000 697.000 698.000 698.000 698.000 698.000 698.000 698.000 698.000 698.000 698.000 711.000 711.000 711.000 711.000 711.000
0.000 0.000 0.000 0.000 0.000 0.000 0.000 681.000 681.000 681.000 681.000 681.000 681.000 681.000 681.000 681.000 682.000 682.000 682.000 682.000 682.000 682.000 682.000 682.000 682.000 682.000 695.000 695.000 695.000 695.000 695.000 695.000 695.000 695.000 695.000 696.000 696.000 696.000 696.000 696.000 696.000 696.000 696.000 696.000 696.000 697.000 697.000 697.000 697.000 697.000 697.000 697.000 697.000 697.000 697.000 698.000 698.000 698.000 698.000 698.000 698.000 698.000 698.000 698.000 711.000 711.000 711.000 711.000 711.000
0.000 0.000 0.000 0.000 0.000 0.000 0.000 681.000 681.000 681.000 681.000 681.000 681.000 681.000 681.000 681.000 682.000 682.000 682.000 682.000 682.000 682.000 682.000 682.000 682.000 682.000 695.000 695.000 695.000 695.000 695.000 695.000 695.000 695.000 695.000 696.000 696.000 696.000 696.000 696.000 696.000 696.000 696.000 696.000 696.000 697.000 697.000 697.000 697.000 697.000 697.000 697.000 697.000 697.000 697.000 698.000 698.000 698.000 698.000 698.000 698.000 698.000 698.000 698.000 711.000 711.000 711.000 711.000 711.000
0.000 0.000 0.000 0.000 0.000 0.000 0.000 0.000 681.000 681.000 681.000 681.000 681.000 681.000 681.000 681.000 682.000 682.000 682.000 682.000 682.000 682.000 682.000 682.000 682.000 682.000 695.000 695.000 695.000 695.000 695.000 695.000 695.000 695.000 695.000 696.000 696.000 696.000 696.000 696.000 696.000 696.000 696.000 696.000 696.000 697.000 697.000 697.000 697.000 697.000 697.000 697.000 697.000 697.000 697.000 698.000 698.000 698.000 698.000 698.000 698.000 698.000 698.000 698.000 711.000 711.000 711.000 711.000 711.000
0.000 0.000 0.000 0.000 0.000 0.000 0.000 0.000 677.000 677.000 677.000 677.000 677.000 677.000 677.000 677.000 678.000 678.000 678.000 678.000 678.000 678.000 678.000 678.000 678.000 678.000 691.000 691.000 691.000 691.000 691.000 691.000 691.000 691.000 691.000 692.000 692.000 692.000 692.000 692.000 692.000 692.000 692.000 692.000 692.000 693.000 693.000 693.000 693.000 693.000 693.000 693.000 693.000 693.000 693.000 694.000 694.000 694.000 694.000 694.000 694.000 694.000 694.000 694.000 707.000 707.000 707.000 707.000 707.000
0.000 0.000 0.000 0.000 0.000 0.000 0.000 0.000 0.000 677.000 677.000 677.000 677.000 677.000 677.000 677.000 678.000 678.000 678.000 678.000 678.000 678.000 678.000 678.000 678.000 678.000 691.000 691.000 691.000 691.000 691.000 691.000 691.000 691.000 691.000 692.000 692.000 692.000 692.000 692.000 692.000 692.000 692.000 692.000 692.000 693.000 693.000 693.000 693.000 693.000 693.000 693.000 693.000 693.000 693.000 694.000 694.000 694.000 694.000 694.000 694.000 694.000 694.000 694.000 707.000 707.000 707.000 707.000 707.000
0.000 0.000 0.000 0.000 0.000 0.000 0.000 0.000 0.000 677.000 677.000 677.000 677.000 677.000 677.000 677.000 678.000 678.000 678.000 678.000 678.000 678.000 678.000 678.000 678.000 678.000 691.000 691.000 691.000 691.000 691.000 691.000 691.000 691.000 691.000 692.000 692.000 692.000 692.000 692.000 692.000 692.000 692.000 692.000 692.000 693.000 693.000 693.000 693.000 693.000 693.000 693.000 693.000 693.000 693.000 694.000 694.000 694.000 694.000 694.000 694.000 694.000 694.000 694.000 707.000 707.000 707.000 707.000 707.000
0.000 0.000 0.000 0.000 0.000 0.000 0.000 0.000 677.000 677.000 677.000 677.000 677.000 677.000 677.000 677.000 678.000 678.000 678.000 678.000 678.000 678.000 678.000 678.000 678.000 678.000 691.000 691.000 691.000 691.000 691.000 691.000 691.000 691.000 691.000 692.000 692.000 692.000 692.000 692.000 692.000 692.000 692.000 692.000 692.000 693.000 693.000 693.000 693.000 693.000 693.000 693.000 693.000 693.000 693.000 694.000 694.000 694.000 694.000 694.000 694.000 694.000 694.000 694.000 707.000 707.000 707.000 707.000 707.000
0.000 0.000 0.000 0.000 0.000 0.000 0.000 0.000 677.000 677.000 677.000 677.000 677.000 677.000 677.000 677.000 678.000 678.000 678.000 678.000 678.000 678.000 678.000 678.000 678.000 678.000 691.000 691.000 691.000 691.000 691.000 691.000 691.000 691.000 691.000 692.000 692.000 692.000 692.000 692.000 692.000 692.000 692.000 692.000 692.000 693.000 693.000 693.000 693.000 693.000 693.000 693.000 693.000 693.000 693.000 694.000 694.000 694.000 694.000 694.000 694.000 694.000 694.000 694.000 707.000 707.000 707.000 707.000 707.000
0.000 0.000 0.000 0.000 0.000 0.000 0.000 0.000 677.000 677.000 677.000 677.000 677.000 677.000 677.000 677.000 678.000 678.000 678.000 678.000 678.000 678.000 678.000 678.000 678.000 678.000 691.000 691.000 691.000 691.000 691.000 691.000 691.000 691.000 691.000 692.000 692.000 692.000 692.000 692.000 692.000 692.000 692.000 692.000 692.000 693.000 693.000 693.000 693.000 693.000 693.000 693.000 693.000 693.000 693.000 694.000 694.000 694.000 694.000 694.000 694.000 694.000 694.000 694.000 707.000 707.000 707.000 707.000 707.000
0.000 0.000 0.000 0.000 0.000 0.000 0.000 677.000 677.000 677.000 677.000 677.000 677.000 677.000 677.000 677.000 678.000 678.000 678.000 678.000 678.000 678.000 678.000 678.000 678.000 678.000 691.000 691.000 691.000 691.000 691.000 691.000 691.000 691.000 691.000 692.000 692.000 692.000 692.000 692.000 692.000 692.000 692.000 692.000 692.000 693.000 693.000 693.000 693.000 693.000 693.000 693.000 693.000 693.000 693.000 694.000 694.000 694.000 694.000 694.000 694.000 694.000 694.000 694.000 707.000 707.000 707.000 707.000 707.000
0.000 0.000 0.000 0.000 0.000 0.000 673.000 673.000 673.000 673.000 673.000 673.000 673.000 673.000 673.000 673.000 674.000 674.000 674.000 674.000 674.000 674.000 674.000 674.000 674.000 674.000 687.000 687.000 687.000 687.000 687.000 687.000 687.000 687.000 687.000 688.000 688.000 688.000 688.000 688.000 688.000 688.000 688.000 688.000 688.000 689.000 689.000 689.000 689.000 689.000 689.000 689.000 689.000 689.000 689.000 690.000 690.000 690.000 690.000 690.000 690.000 690.000 690.000 690.000 703.000 703.000 703.000 703.000 703.000
0.000 0.000 0.000 0.000 0.000 0.000 673.000 673.000 673.000 673.000 673.000 673.000 673.000 673.000 673.000 673.000 674.000 674.000 674.000 674.000 674.000 674.000 674.000 674.000 674.000 674.000 687.000 687.000 687.000 687.000 687.000 687.000 687.000 687.000 687.000 688.000 688.000 688.000 688.000 688.000 688.000 688.000 688.000 688.000 688.000 689.000 689.000 689.000 689.000 689.000 689.000 689.000 689.000 689.000 689.000 690.000 690.000 690.000 690.000 690.000 690.000 690.000 690.000 690.000 703.000 703.000 703.000 703.000 703.000
0.000 0.000 0.000 0.000 672.000 672.000 673.000 673.000 673.000 673.000 673.000 673.000 673.000 673.000 673.000 673.000 674.000 674.000 674.000 674.000 674.000 674.000 674.000 674.000 674.000 674.000 687.000 687.000 687.000 687.000 687.000 687.000 687.000 687.000 687.000 688.000 688.000 688.000 688.000 688.000 688.000 688.000 688.000 688.000 688.000 689.000 689.000 689.000 689.000 689.000 689.000 689.000 689.000 689.000 689.000 690.000 690.000 690.000 690.000 690.000 690.000 690.000 690.000 690.000 703.000 703.000 703.000 703.000 703.000
0.000 0.000 0.000 672.000 672.000 672.000 673.000 673.000 673.000 673.000 673.000 673.000 673.000 673.000 673.000 673.000 674.000 674.000 674.000 674.000 674.000 674.000 674.000 674.000 674.000 674.000 687.000 687.000 687.000 687.000 687.000 687.000 687.000 687.000 687.000 688.000 688.000 688.000 688.000 688.000 688.000 688.000 688.000 688.000 688.000 689.000 689.000 689.000 689.000 689.000 689.000 689.000 689.000 689.000 689.000 690.000 690.000 690.000 690.000 690.000 690.000 690.000 690.000 690.000 703.000 703.000 703.000 703.000 703.000
0.000 0.000 0.000 672.000 672.000 672.000 673.000 673.000 673.000 673.000 673.000 673.000 673.000 673.000 673.000 673.000 674.000 674.000 674.000 674.000 674.000 674.000 674.000 674.000 674.000 674.000 687.000 687.000 687.000 687.000 687.000 687.000 687.000 687.000 687.000 688.000 688.000 688.000 688.000 688.000 688.000 688.000 688.000 688.000 688.000 689.000 689.000 689.000 689.000 689.000 689.000 689.000 689.000 689.000 689.000 690.000 690.000 690.000 690.000 690.000 690.000 690.000 690.000 690.000 703.000 703.000 703.000 703.000 703.000
0.000 0.000 0.000 672.000 672.000 672.000 673.000 673.000 673.000 673.000 673.000 673.000 673.000 673.000 673.000 673.000 674.000 674.000 674.000 674.000 674.000 674.000 674.000 674.000 674.000 674.000 687.000 687.000 687.000 687.000 687.000 687.000 687.000 687.000 687.000 688.000 688.000 688.000 688.000 688.000 688.000 688.000 688.000 688.000 688.000 689.000 689.000 689.000 689.000 689.000 689.000 689.000 689.000 689.000 689.000 690.000 690.000 690.000 690.000 690.000 690.000 690.000 690.000 690.000 703.000 703.000 703.000 703.000 703.000
