01_Terauchi/04_EXE_SIMU/01_RR_DR/output_misc/rain_map.asc
ncols  372
nrows  253
xllcorner     -26340.000
yllcorner      43260.000
cellsize     30.000
NODATA_value -9999.000
[rows 150 to 179 of 253, columns 138 to 206 of 372]
830.000 830.000 830.000 830.000 843.000 843.000 843.000 843.000 843.000 843.000 843.000 843.000 843.000 844.000 844.000 844.000 844.000 844.000 844.000 844.000 844.000 844.000 844.000 845.000 845.000 845.000 845.000 845.000 845.000 845.000 845.000 845.000 845.000 846.000 846.000 846.000 846.000 846.000 846.000 846.000 846.000 846.000 859.000 859.000 859.000 859.000 859.000 859.000 859.000 859.000 859.000 859.000 860.000 860.000 860.000 860.000 860.000 860.000 860.000 860.000 860.000 860.000 861.000 861.000 861.000 861.000 861.000 861.000 861.000
830.000 830.000 830.000 830.000 843.000 843.000 843.000 843.000 843.000 843.000 843.000 843.000 843.000 844.000 844.000 844.000 844.000 844.000 844.000 844.000 844.000 844.000 844.000 845.000 845.000 845.000 845.000 845.000 845.000 845.000 845.000 845.000 845.000 846.000 846.000 846.000 846.000 846.000 846.000 846.000 846.000 846.000 859.000 859.000 859.000 859.000 859.000 859.000 859.000 859.000 859.000 859.000 860.000 860.000 860.000 860.000 860.000 860.000 860.000 860.000 860.000 860.000 861.000 861.000 861.000 861.000 861.000 861.000 861.000
830.000 830.000 830.000 830.000 843.000 843.000 843.000 843.000 843.000 843.000 843.000 843.000 843.000 844.000 844.000 844.000 844.000 844.000 844.000 844.000 844.000 844.000 844.000 845.000 845.000 845.000 845.000 845.000 845.000 845.000 845.000 845.000 845.000 846.000 846.000 846.000 846.000 846.000 846.000 846.000 846.000 846.000 859.000 859.000 859.000 859.000 859.000 859.000 859.000 859.000 859.000 859.000 860.000 860.000 860.000 860.000 860.000 860.000 860.000 860.000 860.000 860.000 861.000 861.000 861.000 861.000 861.000 861.000 861.000
830.000 830.000 830.000 830.000 843.000 843.000 843.000 843.000 843.000 843.000 843.000 843.000 843.000 844.000 844.000 844.000 844.000 844.000 844.000 844.000 844.000 844.000 844.000 845.000 845.000 845.000 845.000 845.000 845.000 845.000 845.000 845.000 845.000 846.000 846.000 846.000 846.000 846.000 846.000 846.000 846.000 846.000 859.000 859.000 859.000 859.000 859.000 859.000 859.000 859.000 859.000 859.000 860.000 860.000 860.000 860.000 860.000 860.000 860.000 860.000 860.000 860.000 861.000 861.000 861.000 861.000 861.000 861.000 861.000
474.000 474.000 474.000 474.000 487.000 487.000 487.000 487.000 487.000 487.000 487.000 487.000 487.000 488.000 488.000 488.000 488.000 488.000 488.000 488.000 488.000 488.000 488.000 489.000 489.000 489.000 489.000 489.000 489.000 489.000 489.000 489.000 489.000 490.000 490.000 490.000 490.000 490.000 490.000 490.000 490.000 490.000 503.000 503.000 503.000 503.000 503.000 503.000 503.000 503.000 503.000 503.000 504.000 504.000 504.000 504.000 504.000 504.000 504.000 504.000 504.000 504.000 505.000 505.000 505.000 505.000 505.000 505.000 505.000
474.000 474.000 474.000 474.000 487.000 487.000 487.000 487.000 487.000 487.000 487.000 487.000 487.000 488.000 488.000 488.000 488.000 488.000 488.000 488.000 488.000 488.000 488.000 489.000 489.000 489.000 489.000 489.000 489.000 489.000 489.000 489.000 489.000 490.000 490.000 490.000 490.000 490.000 490.000 490.000 490.000 490.000 503.000 503.000 503.000 503.000 503.000 503.000 503.000 503.000 503.000 503.000 504.000 504.000 504.000 504.000 504.000 504.000 504.000 504.000 504.000 504.000 505.000 505.000 505.000 505.000 505.000 505.000 505.000
474.000 474.000 474.000 474.000 487.000 487.000 487.000 487.000 487.000 487.000 487.000 487.000 487.000 488.000 488.000 488.000 488.000 488.000 488.000 488.000 488.000 488.000 488.000 489.000 489.000 489.000 489.000 489.000 489.000 489.000 489.000 489.000 489.000 490.000 490.000 490.000 490.000 490.000 490.000 490.000 490.000 490.000 503.000 503.000 503.000 503.000 503.000 503.000 503.000 503.000 503.000 503.000 504.000 504.000 504.000 504.000 504.000 504.000 504.000 504.000 504.000 504.000 505.000 505.000 505.000 505.000 505.000 505.000 505.000
474.000 474.000 474.000 474.000 487.000 487.000 487.000 487.000 487.000 487.000 487.000 487.000 487.000 488.000 488.000 488.000 488.000 488.000 488.000 488.000 488.000 488.000 488.000 489.000 489.000 489.000 489.000 489.000 489.000 489.000 489.000 489.000 489.000 490.000 490.000 490.000 490.000 490.000 490.000 490.000 490.000 490.000 503.000 503.000 503.000 503.000 503.000 503.000 503.000 503.000 503.000 503.000 504.000 504.000 504.000 504.000 504.000 504.000 504.000 504.000 504.000 504.000 505.000 505.000 505.000 505.000 505.000 505.000 505.000
474.000 474.000 474.000 474.000 487.000 487.000 487.000 487.000 487.000 487.000 487.000 487.000 487.000 488.000 488.000 488.000 488.000 488.000 488.000 488.000 488.000 488.000 488.000 489.000 489.000 489.000 489.000 489.000 489.000 489.000 489.000 489.000 489.000 490.000 490.000 490.000 490.000 490.000 490.000 490.000 490.000 490.000 503.000 503.000 503.000 503.000 503.000 503.000 503.000 503.000 503.000 503.000 504.000 504.000 504.000 504.000 504.000 504.000 504.000 504.000 504.000 504.000 505.000 505.000 505.000 505.000 505.000 505.000 505.000
474.000 474.000 474.000 474.000 487.000 487.000 487.000 487.000 487.000 487.000 487.000 487.000 487.000 488.000 488.000 488.000 488.000 488.000 488.000 488.000 488.000 488.000 488.000 489.000 489.000 489.000 489.000 489.000 489.000 489.000 489.000 489.000 489.000 490.000 490.000 490.000 490.000 490.000 490.000 490.000 490.000 490.000 503.000 503.000 503.000 503.000 503.000 503.000 503.000 503.000 503.000 503.000 504.000 504.000 504.000 504.000 504.000 504.000 504.000 504.000 504.000 504.000 505.000 505.000 505.000 505.000 505.000 505.000 505.000
474.000 474.000 474.000 474.000 487.000 487.000 487.000 487.000 487.000 487.000 487.000 487.000 487.000 488.000 488.000 488.000 488.000 488.000 488.000 488.000 488.000 488.000 488.000 489.000 489.000 489.000 489.000 489.000 489.000 489.000 489.000 489.000 489.000 490.000 490.000 490.000 490.000 490.000 490.000 490.000 490.000 490.000 503.000 503.000 503.000 503.000 503.000 503.000 503.000 503.000 503.000 503.000 504.000 504.000 504.000 504.000 504.000 504.000 504.000 504.000 504.000 504.000 505.000 505.000 505.000 505.000 505.000 505.000 505.000
474.000 474.000 474.000 474.000 487.000 487.000 487.000 487.000 487.000 487.000 487.000 487.000 487.000 488.000 488.000 488.000 488.000 488.000 488.000 488.000 488.000 488.000 488.000 489.000 489.000 489.000 489.000 489.000 489.000 489.000 489.000 489.000 489.000 490.000 490.000 490.000 490.000 490.000 490.000 490.000 490.000 490.000 503.000 503.000 503.000 503.000 503.000 503.000 503.000 503.000 503.000 503.000 504.000 504.000 504.000 504.000 504.000 504.000 504.000 504.000 504.000 504.000 505.000 505.000 505.000 505.000 505.000 505.000 505.000
470.000 470.000 470.000 470.000 483.000 483.000 483.000 483.000 483.000 483.000 483.000 483.000 483.000 484.000 484.000 484.000 484.000 484.000 484.000 484.000 484.000 484.000 484.000 485.000 485.000 485.000 485.000 485.000 485.000 485.000 485.000 485.000 485.000 486.000 486.000 486.000 486.000 486.000 486.000 486.000 486.000 486.000 499.000 499.000 499.000 499.000 499.000 499.000 499.000 499.000 499.000 499.000 500.000 500.000 500.000 500.000 500.000 500.000 500.000 500.000 500.000 500.000 501.000 501.000 501.000 501.000 501.000 501.000 501.000
470.000 470.000 470.000 470.000 483.000 483.000 483.000 483.000 483.000 483.000 483.000 483.000 483.000 484.000 484.000 484.000 484.000 484.000 484.000 484.000 484.000 484.000 484.000 485.000 485.000 485.000 485.000 485.000 485.000 485.000 485.000 485.000 485.000 486.000 486.000 486.000 486.000 486.000 486.000 486.000 486.000 486.000 499.000 499.000 499.000 499.000 499.000 499.000 499.000 499.000 499.000 499.000 500.000 500.000 500.000 500.000 500.000 500.000 500.000 500.000 500.000 500.000 501.000 501.000 501.000 501.000 501.000 501.000 501.000
470.000 470.000 470.000 470.000 483.000 483.000 483.000 483.000 483.000 483.000 483.000 483.000 483.000 484.000 484.000 484.000 484.000 484.000 484.000 484.000 484.000 484.000 484.000 485.000 485.000 485.000 485.000 485.000 485.000 485.000 485.000 485.000 485.000 486.000 486.000 486.000 486.000 486.000 486.000 486.000 486.000 486.000 499.000 499.000 499.000 499.000 499.000 499.000 499.000 499.000 499.000 499.000 500.000 500.000 500.000 500.000 500.000 500.000 500.000 500.000 500.000 500.000 501.000 501.000 501.000 501.000 501.000 501.000 501.000
0.000 470.000 470.000 470.000 483.000 483.000 483.000 483.000 483.000 483.000 483.000 483.000 483.000 484.000 484.000 484.000 484.000 484.000 484.000 484.000 484.000 484.000 484.000 485.000 485.000 485.000 485.000 485.000 485.000 485.000 485.000 485.000 485.000 486.000 486.000 486.000 486.000 486.000 486.000 486.000 486.000 486.000 499.000 499.000 499.000 499.000 499.000 499.000 499.000 499.000 499.000 499.000 500.000 500.000 500.000 500.000 500.000 500.000 500.000 500.000 500.000 500.000 501.000 501.000 501.000 501.000 501.000 501.000 501.000
0.000 470.000 470.000 470.000 483.000 483.000 483.000 483.000 483.000 483.000 483.000 483.000 483.000 484.000 484.000 484.000 484.000 484.000 484.000 484.000 484.000 484.000 484.000 485.000 485.000 485.000 485.000 485.000 485.000 485.000 485.000 485.000 485.000 486.000 486.000 486.000 486.000 486.000 486.000 486.000 486.000 486.000 499.000 499.000 499.000 499.000 499.000 499.000 499.000 499.000 499.000 499.000 500.000 500.000 500.000 500.000 500.000 500.000 500.000 500.000 500.000 500.000 501.000 501.000 501.000 501.000 501.000 501.000 501.000
0.000 470.000 470.000 470.000 483.000 483.000 483.000 483.000 483.000 483.000 483.000 483.000 483.000 484.000 484.000 484.000 484.000 484.000 484.000 484.000 484.000 484.000 484.000 485.000 485.000 485.000 485.000 485.000 485.000 485.000 485.000 485.000 485.000 486.000 486.000 486.000 486.000 486.000 486.000 486.000 486.000 486.000 499.000 499.000 499.000 499.000 499.000 499.000 499.000 499.000 499.000 499.000 500.000 500.000 500.000 500.000 500.000 500.000 500.000 500.000 500.000 500.000 501.000 501.000 501.000 501.000 501.000 501.000 501.000
0.000 0.000 470.000 470.000 483.000 483.000 483.000 483.000 483.000 483.000 483.000 483.000 483.000 484.000 484.000 484.000 484.000 484.000 484.000 484.000 484.000 484.000 484.000 485.000 485.000 485.000 485.000 485.000 485.000 485.000 485.000 485.000 485.000 486.000 486.000 486.000 486.000 486.000 486.000 486.000 486.000 486.000 499.000 499.000 499.000 499.000 499.000 499.000 499.000 499.000 499.000 499.000 500.000 500.000 500.000 500.000 500.000 500.000 500.000 500.000 500.000 500.000 501.000 501.000 501.000 501.000 501.000 501.000 501.000
0.000 0.000 466.000 466.000 479.000 479.000 479.000 479.000 479.000 479.000 479.000 479.000 479.000 480.000 480.000 480.000 480.000 480.000 480.000 480.000 480.000 480.000 480.000 481.000 481.000 481.000 481.000 481.000 481.000 481.000 481.000 481.000 481.000 482.000 482.000 482.000 482.000 482.000 482.000 482.000 482.000 482.000 495.000 495.000 495.000 495.000 495.000 495.000 495.000 495.000 495.000 495.000 496.000 496.000 496.000 496.000 496.000 496.000 496.000 496.000 496.000 496.000 497.000 497.000 497.000 497.000 497.000 497.000 497.000
0.000 0.000 466.000 466.000 479.000 479.000 479.000 479.000 479.000 479.000 479.000 479.000 479.000 480.000 480.000 480.000 480.000 480.000 480.000 480.000 480.000 480.000 480.000 481.000 481.000 481.000 481.000 481.000 481.000 481.000 481.000 481.000 481.000 482.000 482.000 482.000 482.000 482.000 482.000 482.000 482.000 482.000 495.000 495.000 495.000 495.000 495.000 495.000 495.000 495.000 495.000 495.000 496.000 496.000 496.000 496.000 496.000 496.000 496.000 496.000 496.000 496.000 497.000 497.000 497.000 497.000 497.000 497.000 497.000
466.000 466.000 466.000 466.000 479.000 479.000 479.000 479.000 479.000 479.000 479.000 479.000 479.000 480.000 480.000 480.000 480.000 480.000 480.000 480.000 480.000 480.000 480.000 481.000 481.000 481.000 481.000 481.000 481.000 481.000 481.000 481.000 481.000 482.000 482.000 482.000 482.000 482.000 482.000 482.000 482.000 482.000 495.000 495.000 495.000 495.000 495.000 495.000 495.000 495.000 495.000 495.000 496.000 496.000 496.000 496.000 496.000 496.000 496.000 496.000 496.000 496.000 497.000 497.000 497.000 497.000 497.000 497.000 497.000
466.000 466.000 466.000 466.000 479.000 479.000 479.000 479.000 479.000 479.000 479.000 479.000 479.000 480.000 480.000 480.000 480.000 480.000 480.000 480.000 480.000 480.000 480.000 481.000 481.000 481.000 481.000 481.000 481.000 481.000 481.000 481.000 481.000 482.000 482.000 482.000 482.000 482.000 482.000 482.000 482.000 482.000 495.000 495.000 495.000 495.000 495.000 495.000 495.000 495.000 495.000 495.000 496.000 496.000 496.000 496.000 496.000 496.000 496.000 496.000 496.000 496.000 497.000 497.000 497.000 497.000 497.000 497.000 497.000
466.000 466.000 466.000 466.000 479.000 479.000 479.000 479.000 479.000 479.000 479.000 479.000 479.000 480.000 480.000 480.000 480.000 480.000 480.000 480.000 480.000 480.000 480.000 481.000 481.000 481.000 481.000 481.000 481.000 481.000 481.000 481.000 481.000 482.000 482.000 482.000 482.000 482.000 482.000 482.000 482.000 482.000 495.000 495.000 495.000 495.000 495.000 495.000 495.000 495.000 495.000 495.000 496.000 496.000 496.000 496.000 496.000 496.000 496.000 496.000 496.000 496.000 497.000 497.000 497.000 497.000 497.000 497.000 497.000
466.000 466.000 466.000 466.000 479.000 479.000 479.000 479.000 479.000 479.000 479.000 479.000 479.000 480.000 480.000 480.000 480.000 480.000 480.000 480.000 480.000 480.000 480.000 481.000 481.000 481.000 481.000 481.000 481.000 481.000 481.000 481.000 481.000 482.000 482.000 482.000 482.000 482.000 482.000 482.000 482.000 482.000 495.000 495.000 495.000 495.000 495.000 495.000 495.000 495.000 495.000 495.000 496.000 496.000 496.000 496.000 496.000 496.000 496.000 496.000 496.000 496.000 497.000 497.000 497.000 497.000 497.000 497.000 497.000
466.000 466.000 466.000 466.000 479.000 479.000 479.000 479.000 479.000 479.000 479.000 479.000 479.000 480.000 480.000 480.000 480.000 480.000 480.000 480.000 480.000 480.000 480.000 481.000 481.000 481.000 481.000 481.000 481.000 481.000 481.000 481.000 481.000 482.000 482.000 482.000 482.000 482.000 482.000 482.000 482.000 482.000 495.000 495.000 495.000 495.000 495.000 495.000 495.000 495.000 495.000 495.000 496.000 496.000 496.000 496.000 496.000 496.000 496.000 496.000 496.000 496.000 497.000 497.000 497.000 497.000 497.000 497.000 497.000
466.000 466.000 466.000 466.000 479.000 479.000 479.000 479.000 479.000 479.000 479.000 479.000 479.000 480.000 480.000 480.000 480.000 480.000 480.000 480.000 480.000 480.000 480.000 481.000 481.000 481.000 481.000 481.000 481.000 481.000 481.000 481.000 481.000 482.000 482.000 482.000 482.000 482.000 482.000 482.000 482.000 482.000 495.000 495.000 495.000 495.000 495.000 495.000 495.000 495.000 495.000 495.000 496.000 496.000 496.000 496.000 496.000 496.000 496.000 496.000 496.000 496.000 497.000 497.000 497.000 497.000 497.000 497.000 497.000
462.000 462.000 462.000 462.000 475.000 475.000 475.000 475.000 475.000 475.000 475.000 475.000 475.000 476.000 476.000 476.000 476.000 476.000 476.000 476.000 476.000 476.000 476.000 477.000 477.000 477.000 477.000 477.000 477.000 477.000 477.000 477.000 477.000 478.000 478.000 478.000 478.000 478.000 478.000 478.000 478.000 478.000 491.000 491.000 491.000 491.000 491.000 491.000 491.000 491.000 491.000 491.000 492.000 492.000 492.000 492.000 492.000 492.000 492.000 492.000 492.000 492.000 493.000 493.000 493.000 493.000 493.000 493.000 493.000
462.000 462.000 462.000 462.000 475.000 475.000 475.000 475.000 475.000 475.000 475.000 475.000 475.000 476.000 476.000 476.000 476.000 476.000 476.000 476.000 476.000 476.000 476.000 477.000 477.000 477.000 477.000 477.000 477.000 477.000 477.000 477.000 477.000 478.000 478.000 478.000 478.000 478.000 478.000 478.000 478.000 478.000 491.000 491.000 491.000 491.000 491.000 491.000 491.000 491.000 491.000 491.000 492.000 492.000 492.000 492.000 492.000 492.000 492.000 492.000 492.000 492.000 493.000 493.000 493.000 493.000 493.000 493.000 493.000
462.000 462.000 462.000 462.000 475.000 475.000 475.000 475.000 475.000 475.000 475.000 475.000 475.000 476.000 476.000 476.000 476.000 476.000 476.000 476.000 476.000 476.000 476.000 477.000 477.000 477.000 477.000 477.000 477.000 477.000 477.000 477.000 477.000 478.000 478.000 478.000 478.000 478.000 478.000 478.000 478.000 478.000 491.000 491.000 491.000 491.000 491.000 491.000 491.000 491.000 491.000 491.000 492.000 492.000 492.000 492.000 492.000 492.000 492.000 492.000 492.000 492.000 493.000 493.000 493.000 493.000 493.000 493.000 493.000
