01_Terauchi/04_EXE_SIMU/01_RR_DR/output_misc/rain_sum.asc
ncols  372
nrows  253
xllcorner     -26340.000
yllcorner      43260.000
cellsize     30.000
NODATA_value -9999.000
[rows 180 to 209 of 253, columns 207 to 275 of 372]
728.668 728.668 731.967 731.967 731.967 731.967 731.967 731.967 731.967 731.967 731.967 731.967 732.432 732.432 732.432 732.432 732.432 732.432 732.432 732.432 732.432 732.432 733.560 733.560 733.560 733.560 733.560 733.560 733.560 733.560 733.560 733.560 734.705 734.705 734.705 734.705 734.705 734.705 734.705 734.705 734.705 738.221 738.221 738.221 738.221 738.221 738.221 738.221 738.221 738.221 738.221 739.553 739.553 739.553 739.553 739.553 739.553 739.553 739.553 739.553 739.553 738.353 738.353 738.353 738.353 738.353 738.353 738.353 738.353
728.668 728.668 731.967 731.967 731.967 731.967 731.967 731.967 731.967 731.967 731.967 731.967 732.432 732.432 732.432 732.432 732.432 732.432 732.432 732.432 732.432 732.432 733.560 733.560 733.560 733.560 733.560 733.560 733.560 733.560 733.560 733.560 734.705 734.705 734.705 734.705 734.705 734.705 734.705 734.705 734.705 738.221 738.221 738.221 738.221 738.221 738.221 738.221 738.221 738.221 738.221 739.553 739.553 739.553 739.553 739.553 739.553 739.553 739.553 739.553 739.553 738.353 738.353 738.353 738.353 738.353 738.353 738.353 738.353
728.668 728.668 731.967 731.967 731.967 731.967 731.967 731.967 731.967 731.967 731.967 731.967 732.432 732.432 732.432 732.432 732.432 732.432 732.432 732.432 732.432 732.432 733.560 733.560 733.560 733.560 733.560 733.560 733.560 733.560 733.560 733.560 734.705 734.705 734.705 734.705 734.705 734.705 734.705 734.705 734.705 738.221 738.221 738.221 738.221 738.221 738.221 738.221 738.221 738.221 738.221 739.553 739.553 739.553 739.553 739.553 739.553 739.553 739.553 739.553 739.553 738.353 738.353 738.353 738.353 738.353 738.353 738.353 738.353
728.668 728.668 731.967 731.967 731.967 731.967 731.967 731.967 731.967 731.967 731.967 731.967 732.432 732.432 732.432 732.432 732.432 732.432 732.432 732.432 732.432 732.432 733.560 733.560 733.560 733.560 733.560 733.560 733.560 733.560 733.560 733.560 734.705 734.705 734.705 734.705 734.705 734.705 734.705 734.705 734.705 738.221 738.221 738.221 738.221 738.221 738.221 738.221 738.221 738.221 738.221 739.553 739.553 739.553 739.553 739.553 739.553 739.553 739.553 739.553 739.553 738.353 738.353 738.353 738.353 738.353 738.353 738.353 738.353
728.668 728.668 731.967 731.967 731.967 731.967 731.967 731.967 731.967 731.967 731.967 731.967 732.432 732.432 732.432 732.432 732.432 732.432 732.432 732.432 732.432 732.432 733.560 733.560 733.560 733.560 733.560 733.560 733.560 733.560 733.560 733.560 734.705 734.705 734.705 734.705 734.705 734.705 734.705 734.705 734.705 738.221 738.221 738.221 738.221 738.221 738.221 738.221 738.221 738.221 738.221 739.553 739.553 739.553 739.553 739.553 739.553 739.553 739.553 739.553 739.553 738.353 738.353 738.353 738.353 738.353 738.353 738.353 738.353
755.456 755.456 761.339 761.339 761.339 761.339 761.339 761.339 761.339 761.339 761.339 761.339 756.780 756.780 756.780 756.780 756.780 756.780 756.780 756.780 756.780 756.780 759.059 759.059 759.059 759.059 759.059 759.059 759.059 759.059 759.059 759.059 757.742 757.742 757.742 757.742 757.742 757.742 757.742 757.742 757.742 757.869 757.869 757.869 757.869 757.869 757.869 757.869 757.869 757.869 757.869 758.449 758.449 758.449 758.449 758.449 758.449 758.449 758.449 758.449 758.449 757.200 757.200 757.200 757.200 757.200 757.200 757.200 757.200
755.456 755.456 761.339 761.339 761.339 761.339 761.339 761.339 761.339 761.339 761.339 761.339 756.780 756.780 756.780 756.780 756.780 756.780 756.780 756.780 756.780 756.780 759.059 759.059 759.059 759.059 759.059 759.059 759.059 759.059 759.059 759.059 757.742 757.742 757.742 757.742 757.742 757.742 757.742 757.742 757.742 757.869 757.869 757.869 757.869 757.869 757.869 757.869 757.869 757.869 757.869 758.449 758.449 758.449 758.449 758.449 758.449 758.449 758.449 758.449 758.449 757.200 757.200 757.200 757.200 757.200 757.200 757.200 757.200
755.456 755.456 761.339 761.339 761.339 761.339 761.339 761.339 761.339 761.339 761.339 761.339 756.780 756.780 756.780 756.780 756.780 756.780 756.780 756.780 756.780 756.780 759.059 759.059 759.059 759.059 759.059 759.059 759.059 759.059 759.059 759.059 757.742 757.742 757.742 757.742 757.742 757.742 757.742 757.742 757.742 757.869 757.869 757.869 757.869 757.869 757.869 757.869 757.869 757.869 757.869 758.449 758.449 758.449 758.449 758.449 758.449 758.449 758.449 758.449 758.449 757.200 757.200 757.200 757.200 757.200 757.200 757.200 757.200
755.456 755.456 761.339 761.339 761.339 761.339 761.339 761.339 761.339 761.339 761.339 761.339 756.780 756.780 756.780 756.780 756.780 756.780 756.780 756.780 756.780 756.780 759.059 759.059 759.059 759.059 759.059 759.059 759.059 759.059 759.059 759.059 757.742 757.742 757.742 757.742 757.742 757.742 757.742 757.742 757.742 757.869 757.869 757.869 757.869 757.869 757.869 757.869 757.869 757.869 757.869 758.449 758.449 758.449 758.449 758.449 758.449 758.449 758.449 758.449 758.449 757.200 757.200 757.200 757.200 757.200 757.200 757.200 757.200
755.456 755.456 761.339 761.339 761.339 761.339 761.339 761.339 761.339 761.339 761.339 761.339 756.780 756.780 756.780 756.780 756.780 756.780 756.780 756.780 756.780 756.780 759.059 759.059 759.059 759.059 759.059 759.059 759.059 759.059 759.059 759.059 757.742 757.742 757.742 757.742 757.742 757.742 757.742 757.742 757.742 757.869 757.869 757.869 757.869 757.869 757.869 757.869 757.869 757.869 757.869 758.449 758.449 758.449 758.449 758.449 758.449 758.449 758.449 758.449 758.449 757.200 757.200 757.200 757.200 757.200 757.200 757.200 757.200
755.456 755.456 761.339 761.339 761.339 761.339 761.339 761.339 761.339 761.339 761.339 761.339 756.780 756.780 756.780 756.780 756.780 756.780 756.780 756.780 756.780 756.780 759.059 759.059 759.059 759.059 759.059 759.059 759.059 759.059 759.059 759.059 757.742 757.742 757.742 757.742 757.742 757.742 757.742 757.742 757.742 757.869 757.869 757.869 757.869 757.869 757.869 757.869 757.869 757.869 757.869 758.449 758.449 758.449 758.449 758.449 758.449 758.449 758.449 758.449 758.449 757.200 757.200 757.200 757.200 757.200 757.200 757.200 757.200
755.456 755.456 761.339 761.339 761.339 761.339 761.339 761.339 761.339 761.339 761.339 761.339 756.780 756.780 756.780 756.780 756.780 756.780 756.780 756.780 756.780 756.780 759.059 759.059 759.059 759.059 759.059 759.059 759.059 759.059 759.059 759.059 757.742 757.742 757.742 757.742 757.742 757.742 757.742 757.742 757.742 757.869 757.869 757.869 757.869 757.869 757.869 757.869 757.869 757.869 757.869 758.449 758.449 758.449 758.449 758.449 758.449 758.449 758.449 758.449 758.449 757.200 757.200 757.200 757.200 757.200 757.200 757.200 757.200
755.456 755.456 761.339 761.339 761.339 761.339 761.339 761.339 761.339 761.339 761.339 761.339 756.780 756.780 756.780 756.780 756.780 756.780 756.780 756.780 756.780 756.780 759.059 759.059 759.059 759.059 759.059 759.059 759.059 759.059 759.059 759.059 757.742 757.742 757.742 757.742 757.742 757.742 757.742 757.742 757.742 757.869 757.869 757.869 757.869 757.869 757.869 757.869 757.869 757.869 757.869 758.449 758.449 758.449 758.449 758.449 758.449 758.449 758.449 758.449 758.449 757.200 757.200 757.200 757.200 757.200 757.200 757.200 757.200
778.019 778.019 785.826 785.826 785.826 785.826 785.826 785.826 785.826 785.826 785.826 785.826 784.222 784.222 784.222 784.222 784.222 784.222 784.222 784.222 784.222 784.222 782.661 782.661 782.661 782.661 782.661 782.661 782.661 782.661 782.661 782.661 781.506 781.506 781.506 781.506 781.506 781.506 781.506 781.506 781.506 774.768 774.768 774.768 774.768 774.768 774.768 774.768 774.768 774.768 774.768 772.412 772.412 772.412 772.412 772.412 772.412 772.412 772.412 772.412 772.412 776.946 776.946 776.946 776.946 776.946 776.946 776.946 776.946
778.019 778.019 785.826 785.826 785.826 785.826 785.826 785.826 785.826 785.826 785.826 785.826 784.222 784.222 784.222 784.222 784.222 784.222 784.222 784.222 784.222 784.222 782.661 782.661 782.661 782.661 782.661 782.661 782.661 782.661 782.661 782.661 781.506 781.506 781.506 781.506 781.506 781.506 781.506 781.506 781.506 774.768 774.768 774.768 774.768 774.768 774.768 774.768 774.768 774.768 774.768 772.412 772.412 772.412 772.412 772.412 772.412 772.412 772.412 772.412 772.412 776.946 776.946 776.946 776.946 776.946 776.946 776.946 776.946
778.019 778.019 785.826 785.826 785.826 785.826 785.826 785.826 785.826 785.826 785.826 785.826 784.222 784.222 784.222 784.222 784.222 784.222 784.222 784.222 784.222 784.222 782.661 782.661 782.661 782.661 782.661 782.661 782.661 782.661 782.661 782.661 781.506 781.506 781.506 781.506 781.506 781.506 781.506 781.506 781.506 774.768 774.768 774.768 774.768 774.768 774.768 774.768 774.768 774.768 774.768 772.412 772.412 772.412 772.412 772.412 772.412 772.412 772.412 772.412 772.412 776.946 776.946 776.946 776.946 776.946 776.946 776.946 776.946
778.019 778.019 785.826 785.826 785.826 785.826 785.826 785.826 785.826 785.826 785.826 785.826 784.222 784.222 784.222 784.222 784.222 784.222 784.222 784.222 784.222 784.222 782.661 782.661 782.661 782.661 782.661 782.661 782.661 782.661 782.661 782.661 781.506 781.506 781.506 781.506 781.506 781.506 781.506 781.506 781.506 774.768 774.768 774.768 774.768 774.768 774.768 774.768 774.768 774.768 774.768 772.412 772.412 772.412 772.412 772.412 772.412 772.412 772.412 772.412 772.412 776.946 776.946 776.946 776.946 776.946 776.946 776.946 776.946
778.019 778.019 785.826 785.826 785.826 785.826 785.826 785.826 785.826 785.826 785.826 785.826 784.222 784.222 784.222 784.222 784.222 784.222 784.222 784.222 784.222 784.222 782.661 782.661 782.661 782.661 782.661 782.661 782.661 782.661 782.661 782.661 781.506 781.506 781.506 781.506 781.506 781.506 781.506 781.506 781.506 774.768 774.768 774.768 774.768 774.768 774.768 774.768 774.768 774.768 774.768 772.412 772.412 772.412 772.412 772.412 772.412 772.412 772.412 772.412 772.412 776.946 776.946 776.946 776.946 776.946 776.946 776.946 776.946
778.019 778.019 785.826 785.826 785.826 785.826 785.826 785.826 785.826 785.826 785.826 785.826 784.222 784.222 784.222 784.222 784.222 784.222 784.222 784.222 784.222 784.222 782.661 782.661 782.661 782.661 782.661 782.661 782.661 782.661 782.661 782.661 781.506 781.506 781.506 781.506 781.506 781.506 781.506 781.506 781.506 774.768 774.768 774.768 774.768 774.768 774.768 774.768 774.768 774.768 774.768 772.412 772.412 772.412 772.412 772.412 772.412 772.412 772.412 772.412 772.412 776.946 776.946 776.946 776.946 776.946 776.946 776.946 776.946
778.019 778.019 785.826 785.826 785.826 785.826 785.826 785.826 785.826 785.826 785.826 785.826 784.222 784.222 784.222 784.222 784.222 784.222 784.222 784.222 784.222 784.222 782.661 782.661 782.661 782.661 782.661 782.661 782.661 782.661 782.661 782.661 781.506 781.506 781.506 781.506 781.506 781.506 781.506 781.506 781.506 774.768 774.768 774.768 774.768 774.768 774.768 774.768 774.768 774.768 774.768 772.412 772.412 772.412 772.412 772.412 772.412 772.412 772.412 772.412 772.412 776.946 776.946 776.946 776.946 776.946 776.946 776.946 776.946
791.904 791.904 797.953 797.953 797.953 797.953 797.953 797.953 797.953 797.953 797.953 797.953 800.896 800.896 800.896 800.896 800.896 800.896 800.896 800.896 800.896 800.896 797.826 797.826 797.826 797.826 797.826 797.826 797.826 797.826 797.826 797.826 790.619 790.619 790.619 790.619 790.619 790.619 790.619 790.619 790.619 787.804 787.804 787.804 787.804 787.804 787.804 787.804 787.804 787.804 787.804 783.213 783.213 783.213 783.213 783.213 783.213 783.213 783.213 783.213 783.213 784.004 784.004 784.004 784.004 784.004 784.004 784.004 784.004
791.904 791.904 797.953 797.953 797.953 797.953 797.953 797.953 797.953 797.953 797.953 797.953 800.896 800.896 800.896 800.896 800.896 800.896 800.896 800.896 800.896 800.896 797.826 797.826 797.826 797.826 797.826 797.826 797.826 797.826 797.826 797.826 790.619 790.619 790.619 790.619 790.619 790.619 790.619 790.619 790.619 787.804 787.804 787.804 787.804 787.804 787.804 787.804 787.804 787.804 787.804 783.213 783.213 783.213 783.213 783.213 783.213 783.213 783.213 783.213 783.213 784.004 784.004 784.004 784.004 784.004 784.004 784.004 784.004
791.904 791.904 797.953 797.953 797.953 797.953 797.953 797.953 797.953 797.953 797.953 797.953 800.896 800.896 800.896 800.896 800.896 800.896 800.896 800.896 800.896 800.896 797.826 797.826 797.826 797.826 797.826 797.826 797.826 797.826 797.826 797.826 790.619 790.619 790.619 790.619 790.619 790.619 790.619 790.619 790.619 787.804 787.804 787.804 787.804 787.804 787.804 787.804 787.804 787.804 787.804 783.213 783.213 783.213 783.213 783.213 783.213 783.213 783.213 783.213 783.213 784.004 784.004 784.004 784.004 784.004 784.004 784.004 784.004
791.904 791.904 797.953 797.953 797.953 797.953 797.953 797.953 797.953 797.953 797.953 797.953 800.896 800.896 800.896 800.896 800.896 800.896 800.896 800.896 800.896 800.896 797.826 797.826 797.826 797.826 797.826 797.826 797.826 797.826 797.826 797.826 790.619 790.619 790.619 790.619 790.619 790.619 790.619 790.619 790.619 787.804 787.804 787.804 787.804 787.804 787.804 787.804 787.804 787.804 787.804 783.213 783.213 783.213 783.213 783.213 783.213 783.213 783.213 783.213 783.213 784.004 784.004 784.004 784.004 784.004 784.004 784.004 784.004
791.904 791.904 797.953 797.953 797.953 797.953 797.953 797.953 797.953 797.953 797.953 797.953 800.896 800.896 800.896 800.896 800.896 800.896 800.896 800.896 800.896 800.896 797.826 797.826 797.826 797.826 797.826 797.826 797.826 797.826 797.826 797.826 790.619 790.619 790.619 790.619 790.619 790.619 790.619 790.619 790.619 787.804 787.804 787.804 787.804 787.804 787.804 787.804 787.804 787.804 787.804 783.213 783.213 783.213 783.213 783.213 783.213 783.213 783.213 783.213 783.213 784.004 784.004 784.004 784.004 784.004 784.004 784.004 784.004
791.904 791.904 797.953 797.953 797.953 797.953 797.953 797.953 797.953 797.953 797.953 797.953 800.896 800.896 800.896 800.896 800.896 800.896 800.896 800.896 800.896 800.896 797.826 797.826 797.826 797.826 797.826 797.826 797.826 797.826 797.826 797.826 790.619 790.619 790.619 790.619 790.619 790.619 790.619 790.619 790.619 787.804 787.804 787.804 787.804 787.804 787.804 787.804 787.804 787.804 787.804 783.213 783.213 783.213 783.213 783.213 783.213 783.213 783.213 783.213 783.213 784.004 784.004 784.004 784.004 784.004 784.004 784.004 784.004
791.904 791.904 797.953 797.953 797.953 797.953 797.953 797.953 797.953 797.953 797.953 797.953 800.896 800.896 800.896 800.896 800.896 800.896 800.896 800.896 800.896 800.896 797.826 797.826 797.826 797.826 797.826 797.826 797.826 797.826 797.826 797.826 790.619 790.619 790.619 790.619 790.619 790.619 790.619 790.619 790.619 787.804 787.804 787.804 787.804 787.804 787.804 787.804 787.804 787.804 787.804 783.213 783.213 783.213 783.213 783.213 783.213 783.213 783.213 783.213 783.213 784.004 784.004 784.004 784.004 784.004 784.004 784.004 784.004
791.904 791.904 797.953 797.953 797.953 797.953 797.953 797.953 797.953 797.953 797.953 797.953 800.896 800.896 800.896 800.896 800.896 800.896 800.896 800.896 800.896 800.896 797.826 797.826 797.826 797.826 797.826 797.826 797.826 797.826 797.826 797.826 790.619 790.619 790.619 790.619 790.619 790.619 790.619 790.619 790.619 787.804 787.804 787.804 787.804 787.804 787.804 787.804 787.804 787.804 787.804 783.213 783.213 783.213 783.213 783.213 783.213 783.213 783.213 783.213 783.213 784.004 784.004 784.004 784.004 784.004 784.004 784.004 784.004
805.528 805.528 809.122 809.122 809.122 809.122 809.122 809.122 809.122 809.122 809.122 809.122 811.852 811.852 811.852 811.852 811.852 811.852 811.852 811.852 811.852 811.852 807.715 807.715 807.715 807.715 807.715 807.715 807.715 807.715 807.715 807.715 805.214 805.214 805.214 805.214 805.214 805.214 805.214 805.214 805.214 802.179 802.179 802.179 802.179 802.179 802.179 802.179 802.179 802.179 802.179 794.982 794.982 794.982 794.982 794.982 794.982 794.982 794.982 794.982 794.982 794.073 794.073 794.073 794.073 794.073 794.073 794.073 794.073
805.528 805.528 809.122 809.122 809.122 809.122 809.122 809.122 809.122 809.122 809.122 809.122 811.852 811.852 811.852 811.852 811.852 811.852 811.852 811.852 811.852 811.852 807.715 807.715 807.715 807.715 807.715 807.715 807.715 807.715 807.715 807.715 805.214 805.214 805.214 805.214 805.214 805.214 805.214 805.214 805.214 802.179 802.179 802.179 802.179 802.179 802.179 802.179 802.179 802.179 802.179 794.982 794.982 794.982 794.982 794.982 794.982 794.982 794.982 794.982 794.982 794.073 794.073 794.073 794.073 794.073 794.073 794.073 794.073
