01_Terauchi/04_EXE_SIMU/01_RR_DR/output_misc/rain_sum.asc
ncols  372
nrows  253
xllcorner     -26340.000
yllcorner      43260.000
cellsize     30.000
NODATA_value -9999.000
[rows 120 to 149 of 253, columns 276 to 344 of 372]
546.881 555.249 555.249 555.249 555.249 555.249 555.249 555.249 555.249 555.249 555.249 560.875 560.875 560.875 560.875 560.875 560.875 560.875 560.875 560.875 560.875 568.945 568.945 568.945 568.945 568.945 568.945 568.945 568.945 568.945 578.414 578.414 578.414 578.414 578.414 578.414 578.414 578.414 578.414 578.414 583.536 583.536 583.536 583.536 583.536 583.536 583.536 583.536 583.536 583.536 585.409 585.409 585.409 585.409 585.409 585.409 585.409 585.409 585.409 585.409 587.624 587.624 587.624 587.624 587.624 587.624 587.624 587.624 587.624
546.881 555.249 555.249 555.249 555.249 555.249 555.249 555.249 555.249 555.249 555.249 560.875 560.875 560.875 560.875 560.875 560.875 560.875 560.875 560.875 560.875 568.945 568.945 568.945 568.945 568.945 568.945 568.945 568.945 568.945 578.414 578.414 578.414 578.414 578.414 578.414 578.414 578.414 578.414 578.414 583.536 583.536 583.536 583.536 583.536 583.536 583.536 583.536 583.536 583.536 585.409 585.409 585.409 585.409 585.409 585.409 585.409 585.409 585.409 585.409 587.624 587.624 587.624 587.624 587.624 587.624 587.624 587.624 587.624
546.881 555.249 555.249 555.249 555.249 555.249 555.249 555.249 555.249 555.249 555.249 560.875 560.875 560.875 560.875 560.875 560.875 560.875 560.875 560.875 560.875 568.945 568.945 568.945 568.945 568.945 568.945 568.945 568.945 568.945 578.414 578.414 578.414 578.414 578.414 578.414 578.414 578.414 578.414 578.414 583.536 583.536 583.536 583.536 583.536 583.536 583.536 583.536 583.536 583.536 585.409 585.409 585.409 585.409 585.409 585.409 585.409 585.409 585.409 585.409 587.624 587.624 587.624 587.624 587.624 587.624 587.624 587.624 587.624
563.881 574.998 574.998 574.998 574.998 574.998 574.998 574.998 574.998 574.998 574.998 580.376 580.376 580.376 580.376 580.376 580.376 580.376 580.376 580.376 580.376 586.448 586.448 586.448 586.448 586.448 586.448 586.448 586.448 586.448 593.406 593.406 593.406 593.406 593.406 593.406 593.406 593.406 593.406 593.406 597.928 597.928 597.928 597.928 597.928 597.928 597.928 597.928 597.928 597.928 604.059 604.059 604.059 604.059 604.059 604.059 604.059 585.409 585.409 585.409 587.624 587.624 587.624 587.624 587.624 587.624 587.624 587.624 587.624
563.881 574.998 574.998 574.998 574.998 574.998 574.998 574.998 574.998 574.998 574.998 580.376 580.376 580.376 580.376 580.376 580.376 580.376 580.376 580.376 580.376 586.448 586.448 586.448 586.448 586.448 586.448 586.448 586.448 586.448 593.406 593.406 593.406 593.406 593.406 593.406 593.406 593.406 593.406 593.406 597.928 597.928 597.928 597.928 597.928 597.928 597.928 597.928 597.928 597.928 604.059 604.059 604.059 604.059 604.059 604.059 604.059 604.059 604.059 604.059 602.301 602.301 602.301 602.301 602.301 602.301 602.301 602.301 602.301
563.881 574.998 574.998 574.998 574.998 574.998 574.998 574.998 574.998 574.998 574.998 580.376 580.376 580.376 580.376 580.376 580.376 580.376 580.376 580.376 580.376 586.448 586.448 586.448 586.448 586.448 586.448 586.448 586.448 586.448 593.406 593.406 593.406 593.406 593.406 593.406 593.406 593.406 593.406 593.406 597.928 597.928 597.928 597.928 597.928 597.928 597.928 597.928 597.928 597.928 604.059 604.059 604.059 604.059 604.059 604.059 604.059 604.059 604.059 604.059 602.301 602.301 602.301 602.301 602.301 602.301 602.301 602.301 602.301
563.881 574.998 574.998 574.998 574.998 574.998 574.998 574.998 574.998 574.998 574.998 580.376 580.376 580.376 580.376 580.376 580.376 580.376 580.376 580.376 580.376 586.448 586.448 586.448 586.448 586.448 586.448 586.448 586.448 586.448 593.406 593.406 593.406 593.406 593.406 593.406 593.406 593.406 593.406 593.406 597.928 597.928 597.928 597.928 597.928 597.928 597.928 597.928 597.928 597.928 604.059 604.059 604.059 604.059 604.059 604.059 604.059 604.059 604.059 604.059 602.301 602.301 602.301 602.301 602.301 602.301 602.301 602.301 602.301
563.881 574.998 574.998 574.998 574.998 574.998 574.998 574.998 574.998 574.998 574.998 580.376 580.376 580.376 580.376 580.376 580.376 580.376 580.376 580.376 580.376 586.448 586.448 586.448 586.448 586.448 586.448 586.448 586.448 586.448 593.406 593.406 593.406 593.406 593.406 593.406 593.406 593.406 593.406 593.406 597.928 597.928 597.928 597.928 597.928 597.928 597.928 597.928 597.928 597.928 604.059 604.059 604.059 604.059 604.059 604.059 604.059 604.059 604.059 604.059 602.301 602.301 602.301 602.301 602.301 602.301 602.301 602.301 602.301
563.881 574.998 574.998 574.998 574.998 574.998 574.998 574.998 574.998 574.998 574.998 580.376 580.376 580.376 580.376 580.376 580.376 580.376 580.376 580.376 580.376 586.448 586.448 586.448 586.448 586.448 586.448 586.448 586.448 586.448 593.406 593.406 593.406 593.406 593.406 593.406 593.406 593.406 593.406 593.406 597.928 597.928 597.928 597.928 597.928 597.928 597.928 597.928 597.928 597.928 604.059 604.059 604.059 604.059 604.059 604.059 604.059 604.059 604.059 604.059 602.301 602.301 602.301 602.301 602.301 602.301 602.301 602.301 602.301
563.881 574.998 574.998 574.998 574.998 574.998 574.998 574.998 574.998 574.998 574.998 580.376 580.376 580.376 580.376 580.376 580.376 580.376 580.376 580.376 580.376 586.448 586.448 586.448 586.448 586.448 586.448 586.448 586.448 586.448 593.406 593.406 593.406 593.406 593.406 593.406 593.406 593.406 593.406 593.406 597.928 597.928 597.928 597.928 597.928 597.928 597.928 597.928 597.928 597.928 604.059 604.059 604.059 604.059 604.059 604.059 604.059 604.059 604.059 604.059 602.301 602.301 602.301 602.301 602.301 602.301 602.301 602.301 602.301
563.881 574.998 574.998 574.998 574.998 574.998 574.998 574.998 574.998 574.998 574.998 580.376 580.376 580.376 580.376 580.376 580.376 580.376 580.376 580.376 580.376 586.448 586.448 586.448 586.448 586.448 586.448 586.448 586.448 586.448 593.406 593.406 593.406 593.406 593.406 593.406 593.406 593.406 593.406 593.406 597.928 597.928 597.928 597.928 597.928 597.928 597.928 597.928 597.928 597.928 604.059 604.059 604.059 604.059 604.059 604.059 604.059 604.059 604.059 604.059 602.301 602.301 602.301 602.301 602.301 602.301 602.301 602.301 602.301
584.996 587.375 587.375 587.375 587.375 587.375 587.375 587.375 587.375 587.375 587.375 600.116 600.116 600.116 600.116 600.116 600.116 600.116 600.116 600.116 600.116 602.743 602.743 602.743 602.743 602.743 602.743 602.743 602.743 602.743 605.270 605.270 605.270 605.270 605.270 605.270 605.270 605.270 605.270 605.270 611.959 611.959 611.959 611.959 611.959 611.959 611.959 611.959 611.959 611.959 619.986 619.986 619.986 619.986 619.986 619.986 619.986 619.986 619.986 619.986 620.928 620.928 620.928 620.928 620.928 620.928 620.928 620.928 620.928
584.996 587.375 587.375 587.375 587.375 587.375 587.375 587.375 587.375 587.375 587.375 600.116 600.116 600.116 600.116 600.116 600.116 600.116 600.116 600.116 600.116 602.743 602.743 602.743 602.743 602.743 602.743 602.743 602.743 602.743 605.270 605.270 605.270 605.270 605.270 605.270 605.270 605.270 605.270 605.270 611.959 611.959 611.959 611.959 611.959 611.959 611.959 611.959 611.959 611.959 619.986 619.986 619.986 619.986 619.986 619.986 619.986 619.986 619.986 619.986 620.928 620.928 620.928 620.928 620.928 620.928 620.928 620.928 620.928
584.996 587.375 587.375 587.375 587.375 587.375 587.375 587.375 587.375 587.375 587.375 600.116 600.116 600.116 600.116 600.116 600.116 600.116 600.116 600.116 600.116 602.743 602.743 602.743 602.743 602.743 602.743 602.743 602.743 602.743 605.270 605.270 605.270 605.270 605.270 605.270 605.270 605.270 605.270 605.270 611.959 611.959 611.959 611.959 611.959 611.959 611.959 611.959 611.959 611.959 619.986 619.986 619.986 619.986 619.986 619.986 619.986 619.986 619.986 619.986 620.928 620.928 620.928 620.928 620.928 620.928 620.928 620.928 620.928
584.996 587.375 587.375 587.375 587.375 587.375 587.375 587.375 587.375 587.375 587.375 600.116 600.116 600.116 600.116 600.116 600.116 600.116 600.116 600.116 600.116 602.743 602.743 602.743 602.743 602.743 602.743 602.743 602.743 602.743 605.270 605.270 605.270 605.270 605.270 605.270 605.270 605.270 605.270 605.270 611.959 611.959 611.959 611.959 611.959 611.959 611.959 611.959 611.959 611.959 619.986 619.986 619.986 619.986 619.986 619.986 619.986 619.986 619.986 619.986 620.928 620.928 620.928 620.928 620.928 620.928 620.928 620.928 620.928
584.996 587.375 587.375 587.375 587.375 587.375 587.375 587.375 587.375 587.375 587.375 600.116 600.116 600.116 600.116 600.116 600.116 600.116 600.116 600.116 600.116 602.743 602.743 602.743 602.743 602.743 602.743 602.743 602.743 602.743 605.270 605.270 605.270 605.270 605.270 605.270 605.270 605.270 605.270 605.270 611.959 611.959 611.959 611.959 611.959 611.959 611.959 611.959 611.959 611.959 619.986 619.986 619.986 619.986 619.986 619.986 619.986 619.986 619.986 619.986 620.928 620.928 620.928 620.928 620.928 620.928 620.928 620.928 620.928
584.996 587.375 587.375 587.375 587.375 587.375 587.375 587.375 587.375 587.375 587.375 600.116 600.116 600.116 600.116 600.116 600.116 600.116 600.116 600.116 600.116 602.743 602.743 602.743 602.743 602.743 602.743 602.743 602.743 602.743 605.270 605.270 605.270 605.270 605.270 605.270 605.270 605.270 605.270 605.270 611.959 611.959 611.959 611.959 611.959 611.959 611.959 611.959 611.959 611.959 619.986 619.986 619.986 619.986 619.986 619.986 619.986 619.986 619.986 619.986 620.928 620.928 620.928 620.928 620.928 620.928 620.928 620.928 620.928
584.996 587.375 587.375 587.375 587.375 587.375 587.375 587.375 587.375 587.375 587.375 600.116 600.116 600.116 600.116 600.116 600.116 600.116 600.116 600.116 600.116 602.743 602.743 602.743 602.743 602.743 602.743 602.743 602.743 602.743 605.270 605.270 605.270 605.270 605.270 605.270 605.270 605.270 605.270 605.270 611.959 611.959 611.959 611.959 611.959 611.959 611.959 611.959 611.959 611.959 619.986 619.986 619.986 619.986 619.986 619.986 619.986 619.986 619.986 619.986 620.928 620.928 620.928 620.928 620.928 620.928 620.928 620.928 620.928
584.996 587.375 587.375 587.375 587.375 587.375 587.375 587.375 587.375 587.375 587.375 600.116 600.116 600.116 600.116 600.116 600.116 600.116 600.116 600.116 600.116 602.743 602.743 602.743 602.743 602.743 602.743 602.743 602.743 602.743 605.270 605.270 605.270 605.270 605.270 605.270 605.270 605.270 605.270 605.270 611.959 611.959 611.959 611.959 611.959 611.959 611.959 611.959 611.959 611.959 619.986 619.986 619.986 619.986 619.986 619.986 619.986 619.986 619.986 619.986 620.928 620.928 620.928 620.928 620.928 620.928 620.928 620.928 620.928
612.732 615.850 615.850 615.850 615.850 615.850 615.850 615.850 615.850 615.850 615.850 620.681 620.681 620.681 620.681 620.681 620.681 620.681 620.681 620.681 620.681 623.123 623.123 623.123 623.123 623.123 623.123 623.123 623.123 623.123 622.658 622.658 622.658 622.658 622.658 622.658 622.658 622.658 622.658 622.658 629.505 629.505 629.505 629.505 629.505 629.505 629.505 629.505 629.505 629.505 636.670 636.670 636.670 636.670 636.670 636.670 636.670 636.670 636.670 636.670 640.803 640.803 640.803 640.803 640.803 640.803 640.803 640.803 640.803
612.732 615.850 615.850 615.850 615.850 615.850 615.850 615.850 615.850 615.850 615.850 620.681 620.681 620.681 620.681 620.681 620.681 620.681 620.681 620.681 620.681 623.123 623.123 623.123 623.123 623.123 623.123 623.123 623.123 623.123 622.658 622.658 622.658 622.658 622.658 622.658 622.658 622.658 622.658 622.658 629.505 629.505 629.505 629.505 629.505 629.505 629.505 629.505 629.505 629.505 636.670 636.670 636.670 636.670 636.670 636.670 636.670 636.670 636.670 636.670 640.803 640.803 640.803 640.803 640.803 640.803 640.803 640.803 640.803
612.732 615.850 615.850 615.850 615.850 615.850 615.850 615.850 615.850 615.850 615.850 620.681 620.681 620.681 620.681 620.681 620.681 620.681 620.681 620.681 620.681 623.123 623.123 623.123 623.123 623.123 623.123 623.123 623.123 623.123 622.658 622.658 622.658 622.658 622.658 622.658 622.658 622.658 622.658 622.658 629.505 629.505 629.505 629.505 629.505 629.505 629.505 629.505 629.505 629.505 636.670 636.670 636.670 636.670 636.670 636.670 636.670 636.670 636.670 636.670 640.803 640.803 640.803 640.803 640.803 640.803 640.803 640.803 640.803
612.732 615.850 615.850 615.850 615.850 615.850 615.850 615.850 615.850 615.850 615.850 620.681 620.681 620.681 620.681 620.681 620.681 620.681 620.681 620.681 620.681 623.123 623.123 623.123 623.123 623.123 623.123 623.123 623.123 623.123 622.658 622.658 622.658 622.658 622.658 622.658 622.658 622.658 622.658 622.658 629.505 629.505 629.505 629.505 629.505 629.505 629.505 629.505 629.505 629.505 636.670 636.670 636.670 636.670 636.670 636.670 636.670 636.670 636.670 636.670 640.803 640.803 640.803 640.803 640.803 640.803 640.803 640.803 640.803
612.732 615.850 615.850 615.850 615.850 615.850 615.850 615.850 615.850 615.850 615.850 620.681 620.681 620.681 620.681 620.681 620.681 620.681 620.681 620.681 620.681 623.123 623.123 623.123 623.123 623.123 623.123 623.123 623.123 623.123 622.658 622.658 622.658 622.658 622.658 622.658 622.658 622.658 622.658 622.658 629.505 629.505 629.505 629.505 629.505 629.505 629.505 629.505 629.505 629.505 636.670 636.670 636.670 636.670 636.670 636.670 636.670 636.670 636.670 636.670 640.803 640.803 640.803 640.803 640.803 640.803 640.803 640.803 640.803
612.732 615.850 615.850 615.850 615.850 615.850 615.850 615.850 615.850 615.850 615.850 620.681 620.681 620.681 620.681 620.681 620.681 620.681 620.681 620.681 620.681 623.123 623.123 623.123 623.123 623.123 623.123 623.123 623.123 623.123 622.658 622.658 622.658 622.658 622.658 622.658 622.658 622.658 622.658 622.658 629.505 629.505 629.505 629.505 629.505 629.505 629.505 629.505 629.505 629.505 636.670 636.670 636.670 636.670 636.670 636.670 636.670 636.670 636.670 636.670 640.803 640.803 640.803 640.803 640.803 640.803 640.803 640.803 640.803
612.732 615.850 615.850 615.850 615.850 615.850 615.850 615.850 615.850 615.850 615.850 620.681 620.681 620.681 620.681 620.681 620.681 620.681 620.681 620.681 620.681 623.123 623.123 623.123 623.123 623.123 623.123 623.123 623.123 623.123 622.658 622.658 622.658 622.658 622.658 622.658 622.658 622.658 622.658 622.658 629.505 629.505 629.505 629.505 629.505 629.505 629.505 629.505 629.505 629.505 636.670 636.670 636.670 636.670 636.670 636.670 636.670 636.670 636.670 636.670 640.803 640.803 640.803 640.803 640.803 640.803 640.803 640.803 640.803
638.749 639.107 615.850 615.850 615.850 615.850 615.850 615.850 615.850 615.850 615.850 620.681 620.681 620.681 620.681 620.681 620.681 620.681 620.681 620.681 620.681 623.123 623.123 623.123 623.123 623.123 623.123 623.123 623.123 623.123 622.658 622.658 622.658 622.658 622.658 622.658 622.658 622.658 622.658 622.658 629.505 629.505 629.505 629.505 629.505 629.505 629.505 629.505 629.505 629.505 636.670 636.670 636.670 636.670 636.670 636.670 636.670 636.670 636.670 636.670 640.803 640.803 640.803 640.803 640.803 640.803 640.803 640.803 640.803
638.749 639.107 639.107 639.107 639.107 639.107 639.107 639.107 639.107 639.107 639.107 641.171 641.171 641.171 641.171 641.171 641.171 641.171 641.171 641.171 641.171 647.903 647.903 647.903 647.903 647.903 647.903 647.903 647.903 647.903 646.610 646.610 646.610 646.610 646.610 646.610 646.610 646.610 646.610 646.610 648.259 648.259 648.259 648.259 648.259 648.259 648.259 648.259 648.259 648.259 661.922 661.922 661.922 661.922 661.922 661.922 661.922 661.922 661.922 661.922 659.917 659.917 659.917 659.917 659.917 659.917 659.917 659.917 659.917
638.749 639.107 639.107 639.107 639.107 639.107 639.107 639.107 639.107 639.107 639.107 641.171 641.171 641.171 641.171 641.171 641.171 641.171 641.171 641.171 641.171 647.903 647.903 647.903 647.903 647.903 647.903 647.903 647.903 647.903 646.610 646.610 646.610 646.610 646.610 646.610 646.610 646.610 646.610 646.610 648.259 648.259 648.259 648.259 648.259 648.259 648.259 648.259 648.259 648.259 661.922 661.922 661.922 661.922 661.922 661.922 661.922 661.922 661.922 661.922 659.917 659.917 659.917 659.917 659.917 659.917 659.917 659.917 659.917
638.749 639.107 639.107 639.107 639.107 639.107 639.107 639.107 639.107 639.107 639.107 641.171 641.171 641.171 641.171 641.171 641.171 641.171 641.171 641.171 641.171 647.903 647.903 647.903 647.903 647.903 647.903 647.903 647.903 647.903 646.610 646.610 646.610 646.610 646.610 646.610 646.610 646.610 646.610 646.610 648.259 648.259 648.259 648.259 648.259 648.259 648.259 648.259 648.259 648.259 661.922 661.922 661.922 661.922 661.922 661.922 661.922 661.922 661.922 661.922 659.917 659.917 659.917 659.917 659.917 659.917 659.917 659.917 659.917
