01_Terauchi/04_EXE_SIMU/01_RR_DR/output_misc/rain_sum.asc
ncols  372
nrows  253
xllcorner     -26340.000
yllcorner      43260.000
cellsize     30.000
NODATA_value -9999.000
[rows 150 to 179 of 253, columns 276 to 344 of 372]
638.749 639.107 639.107 639.107 639.107 639.107 639.107 639.107 639.107 639.107 639.107 641.171 641.171 641.171 641.171 641.171 641.171 641.171 641.171 641.171 641.171 647.903 647.903 647.903 647.903 647.903 647.903 647.903 647.903 647.903 646.610 646.610 646.610 646.610 646.610 646.610 646.610 646.610 646.610 646.610 648.259 648.259 648.259 648.259 648.259 648.259 648.259 648.259 648.259 648.259 661.922 661.922 661.922 661.922 661.922 661.922 661.922 661.922 661.922 661.922 659.917 659.917 659.917 659.917 659.917 659.917 659.917 659.917 659.917
638.749 639.107 639.107 639.107 639.107 639.107 639.107 639.107 639.107 639.107 639.107 641.171 641.171 641.171 641.171 641.171 641.171 641.171 641.171 641.171 641.171 647.903 647.903 647.903 647.903 647.903 647.903 647.903 647.903 647.903 646.610 646.610 646.610 646.610 646.610 646.610 646.610 646.610 646.610 646.610 648.259 648.259 648.259 648.259 648.259 648.259 648.259 648.259 648.259 648.259 661.922 661.922 661.922 661.922 661.922 661.922 661.922 661.922 661.922 661.922 659.917 659.917 659.917 659.917 659.917 659.917 659.917 659.917 659.917
638.749 639.107 639.107 639.107 639.107 639.107 639.107 639.107 639.107 639.107 639.107 641.171 641.171 641.171 641.171 641.171 641.171 641.171 641.171 641.171 641.171 647.903 647.903 647.903 647.903 647.903 647.903 647.903 647.903 647.903 646.610 646.610 646.610 646.610 646.610 646.610 646.610 646.610 646.610 646.610 648.259 648.259 648.259 648.259 648.259 648.259 648.259 648.259 648.259 648.259 661.922 661.922 661.922 661.922 661.922 661.922 661.922 661.922 661.922 661.922 659.917 659.917 659.917 659.917 659.917 659.917 659.917 659.917 659.917
638.749 639.107 639.107 639.107 639.107 639.107 639.107 639.107 639.107 639.107 639.107 641.171 641.171 641.171 641.171 641.171 641.171 641.171 641.171 641.171 641.171 647.903 647.903 647.903 647.903 647.903 647.903 647.903 647.903 647.903 646.610 646.610 646.610 646.610 646.610 646.610 646.610 646.610 646.610 646.610 648.259 648.259 648.259 648.259 648.259 648.259 648.259 648.259 648.259 648.259 661.922 661.922 661.922 661.922 661.922 661.922 661.922 661.922 661.922 661.922 659.917 659.917 659.917 659.917 659.917 659.917 659.917 659.917 659.917
664.146 662.736 662.736 662.736 662.736 662.736 662.736 662.736 662.736 662.736 662.736 664.315 664.315 664.315 664.315 664.315 664.315 664.315 664.315 664.315 664.315 667.434 667.434 667.434 667.434 667.434 667.434 667.434 667.434 667.434 669.514 669.514 669.514 669.514 669.514 669.514 669.514 669.514 669.514 669.514 669.909 669.909 669.909 669.909 669.909 669.909 669.909 669.909 669.909 669.909 676.050 676.050 676.050 676.050 676.050 676.050 676.050 676.050 676.050 676.050 678.859 678.859 678.859 678.859 678.859 678.859 678.859 678.859 678.859
664.146 662.736 662.736 662.736 662.736 662.736 662.736 662.736 662.736 662.736 662.736 664.315 664.315 664.315 664.315 664.315 664.315 664.315 664.315 664.315 664.315 667.434 667.434 667.434 667.434 667.434 667.434 667.434 667.434 667.434 669.514 669.514 669.514 669.514 669.514 669.514 669.514 669.514 669.514 669.514 669.909 669.909 669.909 669.909 669.909 669.909 669.909 669.909 669.909 669.909 676.050 676.050 676.050 676.050 676.050 676.050 676.050 676.050 676.050 678.859 678.859 678.859 678.859 678.859 678.859 678.859 678.859 678.859 678.859
664.146 662.736 662.736 662.736 662.736 662.736 662.736 662.736 662.736 662.736 662.736 664.315 664.315 664.315 664.315 664.315 664.315 664.315 664.315 664.315 664.315 667.434 667.434 667.434 667.434 667.434 667.434 667.434 667.434 667.434 669.514 669.514 669.514 669.514 669.514 669.514 669.514 669.514 669.514 669.514 669.909 669.909 669.909 669.909 669.909 669.909 669.909 669.909 669.909 669.909 676.050 676.050 676.050 676.050 676.050 676.050 676.050 676.050 676.050 678.859 678.859 678.859 678.859 678.859 678.859 678.859 678.859 678.859 678.859
664.146 662.736 662.736 662.736 662.736 662.736 662.736 662.736 662.736 662.736 662.736 664.315 664.315 664.315 664.315 664.315 664.315 664.315 664.315 664.315 664.315 667.434 667.434 667.434 667.434 667.434 667.434 667.434 667.434 667.434 669.514 669.514 669.514 669.514 669.514 669.514 669.514 669.514 669.514 669.514 669.909 669.909 669.909 669.909 669.909 669.909 669.909 669.909 669.909 669.909 676.050 676.050 676.050 676.050 676.050 676.050 676.050 676.050 676.050 678.859 678.859 678.859 678.859 678.859 678.859 678.859 678.859 678.859 678.859
664.146 662.736 662.736 662.736 662.736 662.736 662.736 662.736 662.736 662.736 662.736 664.315 664.315 664.315 664.315 664.315 664.315 664.315 664.315 664.315 664.315 667.434 667.434 667.434 667.434 667.434 667.434 667.434 667.434 667.434 669.514 669.514 669.514 669.514 669.514 669.514 669.514 669.514 669.514 669.514 669.909 669.909 669.909 669.909 669.909 669.909 669.909 669.909 669.909 669.909 676.050 676.050 676.050 676.050 676.050 676.050 676.050 676.050 676.050 678.859 678.859 678.859 678.859 678.859 678.859 678.859 678.859 678.859 678.859
664.146 662.736 662.736 662.736 662.736 662.736 662.736 662.736 662.736 662.736 662.736 664.315 664.315 664.315 664.315 664.315 664.315 664.315 664.315 664.315 664.315 667.434 667.434 667.434 667.434 667.434 667.434 667.434 667.434 667.434 669.514 669.514 669.514 669.514 669.514 669.514 669.514 669.514 669.514 669.514 669.909 669.909 669.909 669.909 669.909 669.909 669.909 669.909 669.909 669.909 676.050 676.050 676.050 676.050 676.050 676.050 676.050 676.050 676.050 678.859 678.859 678.859 678.859 678.859 678.859 678.859 678.859 678.859 678.859
664.146 662.736 662.736 662.736 662.736 662.736 662.736 662.736 662.736 662.736 662.736 664.315 664.315 664.315 664.315 664.315 664.315 664.315 664.315 664.315 664.315 667.434 667.434 667.434 667.434 667.434 667.434 667.434 667.434 667.434 669.514 669.514 669.514 669.514 669.514 669.514 669.514 669.514 669.514 669.514 669.909 669.909 669.909 669.909 669.909 669.909 669.909 669.909 669.909 669.909 676.050 676.050 676.050 676.050 676.050 676.050 676.050 676.050 676.050 678.859 678.859 678.859 678.859 678.859 678.859 678.859 678.859 678.859 678.859
664.146 662.736 662.736 662.736 662.736 662.736 662.736 662.736 662.736 662.736 662.736 664.315 664.315 664.315 664.315 664.315 664.315 664.315 664.315 664.315 664.315 667.434 667.434 667.434 667.434 667.434 667.434 667.434 667.434 667.434 669.514 669.514 669.514 669.514 669.514 669.514 669.514 669.514 669.514 669.514 669.909 669.909 669.909 669.909 669.909 669.909 669.909 669.909 669.909 669.909 676.050 676.050 676.050 676.050 676.050 676.050 676.050 676.050 676.050 678.859 678.859 678.859 678.859 678.859 678.859 678.859 678.859 678.859 678.859
695.047 693.825 693.825 693.825 693.825 693.825 693.825 693.825 693.825 693.825 693.825 694.062 694.062 694.062 694.062 694.062 694.062 694.062 694.062 694.062 694.062 696.824 696.824 696.824 696.824 696.824 696.824 696.824 696.824 696.824 694.924 694.924 694.924 694.924 694.924 694.924 694.924 694.924 694.924 694.924 692.611 692.611 692.611 692.611 692.611 692.611 692.611 692.611 692.611 692.611 695.965 695.965 695.965 695.965 695.965 695.965 695.965 695.965 695.965 697.597 697.597 697.597 697.597 697.597 697.597 697.597 697.597 697.597 697.597
695.047 693.825 693.825 693.825 693.825 693.825 693.825 693.825 693.825 693.825 693.825 694.062 694.062 694.062 694.062 694.062 694.062 694.062 694.062 694.062 694.062 696.824 696.824 696.824 696.824 696.824 696.824 696.824 696.824 696.824 694.924 694.924 694.924 694.924 694.924 694.924 694.924 694.924 694.924 694.924 692.611 692.611 692.611 692.611 692.611 692.611 692.611 692.611 692.611 692.611 695.965 695.965 695.965 695.965 695.965 695.965 695.965 695.965 695.965 697.597 697.597 697.597 697.597 697.597 697.597 697.597 697.597 697.597 697.597
695.047 693.825 693.825 693.825 693.825 693.825 693.825 693.825 693.825 693.825 693.825 694.062 694.062 694.062 694.062 694.062 694.062 694.062 694.062 694.062 694.062 696.824 696.824 696.824 696.824 696.824 696.824 696.824 696.824 696.824 694.924 694.924 694.924 694.924 694.924 694.924 694.924 694.924 694.924 694.924 692.611 692.611 692.611 692.611 692.611 692.611 692.611 692.611 692.611 692.611 695.965 695.965 695.965 695.965 695.965 695.965 695.965 695.965 695.965 697.597 697.597 697.597 697.597 697.597 697.597 697.597 697.597 697.597 697.597
695.047 693.825 693.825 693.825 693.825 693.825 693.825 693.825 693.825 693.825 693.825 694.062 694.062 694.062 694.062 694.062 694.062 694.062 694.062 694.062 694.062 696.824 696.824 696.824 696.824 696.824 696.824 696.824 696.824 696.824 694.924 694.924 694.924 694.924 694.924 694.924 694.924 694.924 694.924 694.924 692.611 692.611 692.611 692.611 692.611 692.611 692.611 692.611 692.611 692.611 695.965 695.965 695.965 695.965 695.965 695.965 695.965 695.965 695.965 697.597 697.597 697.597 697.597 697.597 697.597 697.597 697.597 697.597 697.597
695.047 693.825 693.825 693.825 693.825 693.825 693.825 693.825 693.825 693.825 693.825 694.062 694.062 694.062 694.062 694.062 694.062 694.062 694.062 694.062 694.062 696.824 696.824 696.824 696.824 696.824 696.824 696.824 696.824 696.824 694.924 694.924 694.924 694.924 694.924 694.924 694.924 694.924 694.924 694.924 692.611 692.611 692.611 692.611 692.611 692.611 692.611 692.611 692.611 692.611 695.965 695.965 695.965 695.965 695.965 695.965 695.965 695.965 695.965 697.597 697.597 697.597 697.597 697.597 697.597 697.597 697.597 697.597 697.597
695.047 693.825 693.825 693.825 693.825 693.825 693.825 693.825 693.825 693.825 693.825 694.062 694.062 694.062 694.062 694.062 694.062 694.062 694.062 694.062 694.062 696.824 696.824 696.824 696.824 696.824 696.824 696.824 696.824 696.824 694.924 694.924 694.924 694.924 694.924 694.924 694.924 694.924 694.924 694.924 692.611 692.611 692.611 692.611 692.611 692.611 692.611 692.611 692.611 692.611 695.965 695.965 695.965 695.965 695.965 695.965 695.965 695.965 695.965 697.597 697.597 697.597 697.597 697.597 697.597 697.597 697.597 697.597 697.597
695.047 693.825 693.825 693.825 693.825 693.825 693.825 693.825 693.825 693.825 693.825 694.062 694.062 694.062 694.062 694.062 694.062 694.062 694.062 694.062 694.062 696.824 696.824 696.824 696.824 696.824 696.824 696.824 696.824 696.824 694.924 694.924 694.924 694.924 694.924 694.924 694.924 694.924 694.924 694.924 692.611 692.611 692.611 692.611 692.611 692.611 692.611 692.611 692.611 692.611 695.965 695.965 695.965 695.965 695.965 695.965 695.965 695.965 695.965 697.597 697.597 697.597 697.597 697.597 697.597 697.597 697.597 697.597 697.597
695.047 693.825 693.825 693.825 693.825 693.825 693.825 693.825 693.825 693.825 693.825 694.062 694.062 694.062 694.062 694.062 694.062 694.062 694.062 694.062 694.062 696.824 696.824 696.824 696.824 696.824 696.824 696.824 696.824 696.824 694.924 694.924 694.924 694.924 694.924 694.924 694.924 694.924 694.924 694.924 692.611 692.611 692.611 692.611 692.611 692.611 692.611 692.611 692.611 692.611 695.965 695.965 695.965 695.965 695.965 695.965 695.965 695.965 695.965 697.597 697.597 697.597 697.597 697.597 697.597 697.597 697.597 697.597 697.597
718.872 721.679 721.679 721.679 721.679 721.679 721.679 721.679 721.679 721.679 721.679 720.565 720.565 720.565 720.565 720.565 720.565 720.565 720.565 720.565 720.565 720.504 720.504 720.504 720.504 720.504 720.504 720.504 720.504 720.504 714.932 714.932 714.932 714.932 714.932 714.932 714.932 714.932 714.932 714.932 714.875 714.875 714.875 714.875 714.875 714.875 714.875 714.875 714.875 714.875 717.543 717.543 717.543 717.543 717.543 717.543 717.543 717.543 717.543 719.315 719.315 719.315 719.315 719.315 719.315 719.315 719.315 719.315 719.315
718.872 721.679 721.679 721.679 721.679 721.679 721.679 721.679 721.679 721.679 721.679 720.565 720.565 720.565 720.565 720.565 720.565 720.565 720.565 720.565 720.565 720.504 720.504 720.504 720.504 720.504 720.504 0.000 0.000 0.000 0.000 0.000 714.932 714.932 714.932 714.932 714.932 714.932 714.932 714.932 714.875 714.875 714.875 714.875 714.875 714.875 714.875 714.875 714.875 714.875 717.543 717.543 717.543 717.543 717.543 717.543 717.543 717.543 717.543 719.315 719.315 719.315 719.315 719.315 719.315 719.315 719.315 719.315 719.315
718.872 721.679 721.679 721.679 721.679 721.679 721.679 721.679 721.679 721.679 721.679 720.565 720.565 720.565 720.565 720.565 720.565 720.565 720.565 720.565 720.565 720.504 720.504 720.504 0.000 0.000 0.000 0.000 0.000 0.000 0.000 0.000 714.932 714.932 714.932 714.932 714.932 714.932 714.932 714.932 714.875 714.875 714.875 714.875 714.875 714.875 714.875 714.875 714.875 714.875 717.543 717.543 717.543 717.543 717.543 717.543 717.543 717.543 717.543 719.315 719.315 719.315 719.315 719.315 719.315 719.315 719.315 719.315 719.315
718.872 721.679 721.679 721.679 721.679 721.679 721.679 721.679 721.679 721.679 721.679 720.565 720.565 720.565 720.565 720.565 720.565 720.565 720.565 720.565 720.565 720.504 0.000 0.000 0.000 0.000 0.000 0.000 0.000 0.000 0.000 0.000 714.932 714.932 714.932 714.932 714.932 714.932 714.932 714.932 714.875 714.875 714.875 714.875 714.875 714.875 714.875 714.875 714.875 714.875 717.543 717.543 717.543 717.543 717.543 717.543 717.543 717.543 717.543 719.315 719.315 719.315 719.315 719.315 719.315 719.315 719.315 719.315 719.315
718.872 721.679 721.679 721.679 721.679 721.679 721.679 721.679 721.679 721.679 721.679 720.565 720.565 720.565 720.565 720.565 720.565 720.565 720.565 720.565 0.000 0.000 0.000 0.000 0.000 0.000 0.000 0.000 0.000 0.000 0.000 0.000 714.932 714.932 714.932 714.932 714.932 714.932 714.932 714.932 714.875 714.875 714.875 714.875 714.875 714.875 714.875 714.875 714.875 714.875 717.543 717.543 717.543 717.543 717.543 717.543 717.543 717.543 717.543 719.315 719.315 719.315 719.315 719.315 719.315 719.315 719.315 719.315 719.315
718.872 721.679 721.679 721.679 721.679 721.679 721.679 721.679 721.679 721.679 721.679 720.565 720.565 720.565 720.565 720.565 720.565 720.565 720.565 0.000 0.000 0.000 0.000 0.000 0.000 0.000 0.000 0.000 0.000 0.000 0.000 0.000 0.000 714.932 714.932 714.932 714.932 714.932 714.932 714.932 714.875 714.875 714.875 714.875 714.875 714.875 714.875 714.875 714.875 714.875 717.543 717.543 717.543 717.543 717.543 717.543 717.543 717.543 717.543 719.315 719.315 719.315 719.315 719.315 719.315 719.315 719.315 719.315 719.315
718.872 721.679 721.679 721.679 721.679 721.679 721.679 721.679 721.679 721.679 721.679 720.565 720.565 720.565 720.565 720.565 720.565 720.565 0.000 0.000 0.000 0.000 0.000 0.000 0.000 0.000 0.000 0.000 0.000 0.000 0.000 0.000 0.000 0.000 714.932 714.932 714.932 714.932 714.932 714.932 714.875 714.875 714.875 714.875 714.875 714.875 714.875 714.875 714.875 714.875 717.543 717.543 717.543 717.543 717.543 717.543 717.543 717.543 717.543 719.315 719.315 719.315 719.315 719.315 719.315 719.315 719.315 719.315 719.315
738.353 746.544 746.544 746.544 746.544 746.544 746.544 746.544 746.544 746.544 746.544 747.659 747.659 747.659 747.659 747.659 747.659 0.000 0.000 0.000 0.000 0.000 0.000 0.000 0.000 0.000 0.000 0.000 0.000 0.000 0.000 0.000 0.000 0.000 735.347 735.347 735.347 735.347 735.347 735.347 731.065 731.065 731.065 731.065 731.065 731.065 731.065 731.065 731.065 731.065 734.883 734.883 734.883 734.883 734.883 734.883 734.883 734.883 734.883 735.208 735.208 735.208 735.208 735.208 735.208 735.208 735.208 735.208 735.208
738.353 746.544 746.544 746.544 746.544 746.544 746.544 746.544 746.544 746.544 746.544 747.659 747.659 747.659 747.659 747.659 0.000 0.000 0.000 0.000 0.000 0.000 0.000 0.000 0.000 0.000 0.000 0.000 0.000 0.000 0.000 0.000 0.000 0.000 0.000 0.000 735.347 735.347 735.347 735.347 731.065 731.065 731.065 731.065 731.065 731.065 731.065 731.065 731.065 731.065 734.883 734.883 734.883 734.883 734.883 734.883 734.883 734.883 734.883 735.208 735.208 735.208 735.208 735.208 735.208 735.208 735.208 735.208 735.208
738.353 746.544 746.544 746.544 746.544 746.544 746.544 746.544 746.544 746.544 746.544 747.659 747.659 747.659 0.000 0.000 0.000 0.000 0.000 0.000 0.000 0.000 0.000 0.000 0.000 0.000 0.000 0.000 0.000 0.000 0.000 0.000 0.000 0.000 0.000 0.000 0.000 0.000 0.000 0.000 0.000 0.000 0.000 731.065 731.065 731.065 731.065 731.065 731.065 731.065 734.883 734.883 734.883 734.883 734.883 734.883 734.883 734.883 734.883 735.208 735.208 735.208 735.208 735.208 735.208 735.208 735.208 735.208 735.208
