01_Terauchi/04_EXE_SIMU/01_RR_DR/output_misc/rain_sum.asc
ncols  372
nrows  253
xllcorner     -26340.000
yllcorner      43260.000
cellsize     30.000
NODATA_value -9999.000
[rows 90 to 119 of 253, columns 207 to 275 of 372]
470.307 470.307 470.307 480.137 480.137 480.137 480.137 480.137 480.137 480.137 480.137 480.137 484.156 484.156 484.156 484.156 484.156 484.156 484.156 484.156 484.156 484.156 484.446 484.446 484.446 484.446 484.446 484.446 484.446 484.446 484.446 484.446 487.515 487.515 487.515 487.515 487.515 487.515 487.515 487.515 487.515 494.967 494.967 494.967 494.967 494.967 494.967 494.967 494.967 494.967 494.967 499.650 499.650 499.650 499.650 499.650 499.650 499.650 499.650 499.650 499.650 508.260 508.260 508.260 508.260 508.260 508.260 508.260 508.260
470.307 470.307 470.307 480.137 480.137 480.137 480.137 480.137 480.137 480.137 480.137 480.137 484.156 484.156 484.156 484.156 484.156 484.156 484.156 484.156 484.156 484.156 484.446 484.446 484.446 484.446 484.446 484.446 484.446 484.446 484.446 484.446 487.515 487.515 487.515 487.515 487.515 487.515 487.515 487.515 487.515 494.967 494.967 494.967 494.967 494.967 494.967 494.967 494.967 494.967 494.967 499.650 499.650 499.650 499.650 499.650 499.650 499.650 499.650 499.650 499.650 508.260 508.260 508.260 508.260 508.260 508.260 508.260 508.260
477.980 477.980 477.980 486.124 486.124 486.124 486.124 486.124 486.124 486.124 486.124 486.124 491.964 491.964 491.964 491.964 491.964 491.964 491.964 491.964 491.964 491.964 492.122 492.122 492.122 484.446 484.446 484.446 484.446 484.446 484.446 484.446 487.515 487.515 487.515 487.515 487.515 487.515 487.515 487.515 487.515 494.967 494.967 494.967 494.967 494.967 494.967 494.967 494.967 494.967 494.967 499.650 499.650 499.650 499.650 499.650 499.650 499.650 499.650 499.650 499.650 508.260 508.260 508.260 508.260 508.260 508.260 508.260 508.260
477.980 477.980 477.980 486.124 486.124 486.124 486.124 486.124 486.124 486.124 486.124 486.124 491.964 491.964 491.964 491.964 491.964 491.964 491.964 491.964 491.964 491.964 492.122 492.122 492.122 492.122 492.122 492.122 492.122 492.122 492.122 492.122 494.326 494.326 494.326 494.326 494.326 494.326 494.326 494.326 494.326 497.404 497.404 497.404 497.404 497.404 497.404 497.404 497.404 497.404 497.404 505.058 505.058 505.058 505.058 505.058 505.058 505.058 505.058 505.058 505.058 514.132 514.132 514.132 514.132 514.132 514.132 514.132 514.132
477.980 477.980 477.980 486.124 486.124 486.124 486.124 486.124 486.124 486.124 486.124 486.124 491.964 491.964 491.964 491.964 491.964 491.964 491.964 491.964 491.964 491.964 492.122 492.122 492.122 492.122 492.122 492.122 492.122 492.122 492.122 492.122 494.326 494.326 494.326 494.326 494.326 494.326 494.326 494.326 494.326 497.404 497.404 497.404 497.404 497.404 497.404 497.404 497.404 497.404 497.404 505.058 505.058 505.058 505.058 505.058 505.058 505.058 505.058 505.058 505.058 514.132 514.132 514.132 514.132 514.132 514.132 514.132 514.132
477.980 477.980 477.980 486.124 486.124 486.124 486.124 486.124 486.124 486.124 486.124 486.124 491.964 491.964 491.964 491.964 491.964 491.964 491.964 491.964 491.964 491.964 492.122 492.122 492.122 492.122 492.122 492.122 492.122 492.122 492.122 492.122 494.326 494.326 494.326 494.326 494.326 494.326 494.326 494.326 494.326 497.404 497.404 497.404 497.404 497.404 497.404 497.404 497.404 497.404 497.404 505.058 505.058 505.058 505.058 505.058 505.058 505.058 505.058 505.058 505.058 514.132 514.132 514.132 514.132 514.132 514.132 514.132 514.132
477.980 477.980 477.980 486.124 486.124 486.124 486.124 486.124 486.124 486.124 486.124 486.124 491.964 491.964 491.964 491.964 491.964 491.964 491.964 491.964 491.964 491.964 492.122 492.122 492.122 492.122 492.122 492.122 492.122 492.122 492.122 492.122 494.326 494.326 494.326 494.326 494.326 494.326 494.326 494.326 494.326 497.404 497.404 497.404 497.404 497.404 497.404 497.404 497.404 497.404 497.404 505.058 505.058 505.058 505.058 505.058 505.058 505.058 505.058 505.058 505.058 514.132 514.132 514.132 514.132 514.132 514.132 514.132 514.132
477.980 477.980 477.980 486.124 486.124 486.124 486.124 486.124 486.124 486.124 486.124 486.124 491.964 491.964 491.964 491.964 491.964 491.964 491.964 491.964 491.964 491.964 492.122 492.122 492.122 492.122 492.122 492.122 492.122 492.122 492.122 492.122 494.326 494.326 494.326 494.326 494.326 494.326 494.326 494.326 494.326 497.404 497.404 497.404 497.404 497.404 497.404 497.404 497.404 497.404 497.404 505.058 505.058 505.058 505.058 505.058 505.058 505.058 505.058 505.058 505.058 514.132 514.132 514.132 514.132 514.132 514.132 514.132 514.132
477.980 477.980 477.980 486.124 486.124 486.124 486.124 486.124 486.124 486.124 486.124 486.124 491.964 491.964 491.964 491.964 491.964 491.964 491.964 491.964 491.964 491.964 492.122 492.122 492.122 492.122 492.122 492.122 492.122 492.122 492.122 492.122 494.326 494.326 494.326 494.326 494.326 494.326 494.326 494.326 494.326 497.404 497.404 497.404 497.404 497.404 497.404 497.404 497.404 497.404 497.404 505.058 505.058 505.058 505.058 505.058 505.058 505.058 505.058 505.058 505.058 514.132 514.132 514.132 514.132 514.132 514.132 514.132 514.132
477.980 477.980 477.980 486.124 486.124 486.124 486.124 486.124 486.124 486.124 486.124 486.124 491.964 491.964 491.964 491.964 491.964 491.964 491.964 491.964 491.964 491.964 492.122 492.122 492.122 492.122 492.122 492.122 492.122 492.122 492.122 492.122 494.326 494.326 494.326 494.326 494.326 494.326 494.326 494.326 494.326 497.404 497.404 497.404 497.404 497.404 497.404 497.404 497.404 497.404 497.404 505.058 505.058 505.058 505.058 505.058 505.058 505.058 505.058 505.058 505.058 514.132 514.132 514.132 514.132 514.132 514.132 514.132 514.132
486.505 486.505 486.505 495.190 495.190 495.190 495.190 495.190 495.190 495.190 495.190 495.190 501.904 501.904 501.904 501.904 501.904 501.904 501.904 501.904 501.904 501.904 502.266 502.266 502.266 502.266 502.266 502.266 502.266 502.266 502.266 502.266 502.657 502.657 502.657 502.657 502.657 502.657 502.657 502.657 502.657 508.066 508.066 508.066 508.066 508.066 508.066 508.066 508.066 508.066 508.066 514.423 514.423 514.423 514.423 514.423 514.423 514.423 514.423 514.423 514.423 521.327 521.327 521.327 521.327 521.327 521.327 521.327 521.327
486.505 486.505 486.505 495.190 495.190 495.190 495.190 495.190 495.190 495.190 495.190 495.190 501.904 501.904 501.904 501.904 501.904 501.904 501.904 501.904 501.904 501.904 502.266 502.266 502.266 502.266 502.266 502.266 502.266 502.266 502.266 502.266 502.657 502.657 502.657 502.657 502.657 502.657 502.657 502.657 502.657 508.066 508.066 508.066 508.066 508.066 508.066 508.066 508.066 508.066 508.066 514.423 514.423 514.423 514.423 514.423 514.423 514.423 514.423 514.423 514.423 521.327 521.327 521.327 521.327 521.327 521.327 521.327 521.327
486.505 486.505 486.505 495.190 495.190 495.190 495.190 495.190 495.190 495.190 495.190 495.190 501.904 501.904 501.904 501.904 501.904 501.904 501.904 501.904 501.904 501.904 502.266 502.266 502.266 502.266 502.266 502.266 502.266 502.266 502.266 502.266 502.657 502.657 502.657 502.657 502.657 502.657 502.657 502.657 502.657 508.066 508.066 508.066 508.066 508.066 508.066 508.066 508.066 508.066 508.066 514.423 514.423 514.423 514.423 514.423 514.423 514.423 514.423 514.423 514.423 521.327 521.327 521.327 521.327 521.327 521.327 521.327 521.327
486.505 486.505 486.505 495.190 495.190 495.190 495.190 495.190 495.190 495.190 495.190 495.190 501.904 501.904 501.904 501.904 501.904 501.904 501.904 501.904 501.904 501.904 502.266 502.266 502.266 502.266 502.266 502.266 502.266 502.266 502.266 502.266 502.657 502.657 502.657 502.657 502.657 502.657 502.657 502.657 502.657 508.066 508.066 508.066 508.066 508.066 508.066 508.066 508.066 508.066 508.066 514.423 514.423 514.423 514.423 514.423 514.423 514.423 514.423 514.423 514.423 521.327 521.327 521.327 521.327 521.327 521.327 521.327 521.327
486.505 486.505 486.505 495.190 495.190 495.190 495.190 495.190 495.190 495.190 495.190 495.190 501.904 501.904 501.904 501.904 501.904 501.904 501.904 501.904 501.904 501.904 502.266 502.266 502.266 502.266 502.266 502.266 502.266 502.266 502.266 502.266 502.657 502.657 502.657 502.657 502.657 502.657 502.657 502.657 502.657 508.066 508.066 508.066 508.066 508.066 508.066 508.066 508.066 508.066 508.066 514.423 514.423 514.423 514.423 514.423 514.423 514.423 514.423 514.423 514.423 521.327 521.327 521.327 521.327 521.327 521.327 521.327 521.327
486.505 486.505 486.505 495.190 495.190 495.190 495.190 495.190 495.190 495.190 495.190 495.190 501.904 501.904 501.904 501.904 501.904 501.904 501.904 501.904 501.904 501.904 502.266 502.266 502.266 502.266 502.266 502.266 502.266 502.266 502.266 502.266 502.657 502.657 502.657 502.657 502.657 502.657 502.657 502.657 502.657 508.066 508.066 508.066 508.066 508.066 508.066 508.066 508.066 508.066 508.066 514.423 514.423 514.423 514.423 514.423 514.423 514.423 514.423 514.423 514.423 521.327 521.327 521.327 521.327 521.327 521.327 521.327 521.327
486.505 486.505 486.505 495.190 495.190 495.190 495.190 495.190 495.190 495.190 495.190 495.190 501.904 501.904 501.904 501.904 501.904 501.904 501.904 501.904 501.904 501.904 502.266 502.266 502.266 502.266 502.266 502.266 502.266 502.266 502.266 502.266 502.657 502.657 502.657 502.657 502.657 502.657 502.657 502.657 502.657 508.066 508.066 508.066 508.066 508.066 508.066 508.066 508.066 508.066 508.066 514.423 514.423 514.423 514.423 514.423 514.423 514.423 514.423 514.423 514.423 521.327 521.327 521.327 521.327 521.327 521.327 521.327 521.327
486.505 486.505 486.505 495.190 495.190 495.190 495.190 495.190 495.190 495.190 495.190 495.190 501.904 501.904 501.904 501.904 501.904 501.904 501.904 501.904 501.904 501.904 502.266 502.266 502.266 502.266 502.266 502.266 502.266 502.266 502.266 502.266 502.657 502.657 502.657 502.657 502.657 502.657 502.657 502.657 502.657 508.066 508.066 508.066 508.066 508.066 508.066 508.066 508.066 508.066 508.066 514.423 514.423 514.423 514.423 514.423 514.423 514.423 514.423 514.423 514.423 521.327 521.327 521.327 521.327 521.327 521.327 521.327 521.327
499.096 499.096 499.096 508.097 508.097 508.097 508.097 508.097 508.097 508.097 508.097 508.097 514.044 514.044 514.044 514.044 514.044 514.044 514.044 514.044 514.044 514.044 513.868 513.868 513.868 513.868 513.868 513.868 513.868 513.868 513.868 513.868 515.047 515.047 515.047 515.047 515.047 515.047 515.047 515.047 515.047 522.778 522.778 522.778 522.778 522.778 522.778 522.778 522.778 522.778 522.778 525.808 525.808 525.808 525.808 525.808 525.808 525.808 525.808 525.808 525.808 531.760 531.760 531.760 531.760 531.760 531.760 531.760 531.760
499.096 499.096 499.096 508.097 508.097 508.097 508.097 508.097 508.097 508.097 508.097 508.097 514.044 514.044 514.044 514.044 514.044 514.044 514.044 514.044 514.044 514.044 513.868 513.868 513.868 513.868 513.868 513.868 513.868 513.868 513.868 513.868 515.047 515.047 515.047 515.047 515.047 515.047 515.047 515.047 515.047 522.778 522.778 522.778 522.778 522.778 522.778 522.778 522.778 522.778 522.778 525.808 525.808 525.808 525.808 525.808 525.808 525.808 525.808 525.808 525.808 531.760 531.760 531.760 531.760 531.760 531.760 531.760 531.760
499.096 499.096 499.096 508.097 508.097 508.097 508.097 508.097 508.097 508.097 508.097 508.097 514.044 514.044 514.044 514.044 514.044 514.044 514.044 514.044 514.044 514.044 513.868 513.868 513.868 513.868 513.868 513.868 513.868 513.868 513.868 513.868 515.047 515.047 515.047 515.047 515.047 515.047 515.047 515.047 515.047 522.778 522.778 522.778 522.778 522.778 522.778 522.778 522.778 522.778 522.778 525.808 525.808 525.808 525.808 525.808 525.808 525.808 525.808 525.808 525.808 531.760 531.760 531.760 531.760 531.760 531.760 531.760 531.760
499.096 499.096 499.096 508.097 508.097 508.097 508.097 508.097 508.097 508.097 508.097 508.097 514.044 514.044 514.044 514.044 514.044 514.044 514.044 514.044 514.044 514.044 513.868 513.868 513.868 513.868 513.868 513.868 513.868 513.868 513.868 513.868 515.047 515.047 515.047 515.047 515.047 515.047 515.047 515.047 515.047 522.778 522.778 522.778 522.778 522.778 522.778 522.778 522.778 522.778 522.778 525.808 525.808 525.808 525.808 525.808 525.808 525.808 525.808 525.808 525.808 531.760 531.760 531.760 531.760 531.760 531.760 531.760 531.760
499.096 499.096 499.096 508.097 508.097 508.097 508.097 508.097 508.097 508.097 508.097 508.097 514.044 514.044 514.044 514.044 514.044 514.044 514.044 514.044 514.044 514.044 513.868 513.868 513.868 513.868 513.868 513.868 513.868 513.868 513.868 513.868 515.047 515.047 515.047 515.047 515.047 515.047 515.047 515.047 515.047 522.778 522.778 522.778 522.778 522.778 522.778 522.778 522.778 522.778 522.778 525.808 525.808 525.808 525.808 525.808 525.808 525.808 525.808 525.808 525.808 531.760 531.760 531.760 531.760 531.760 531.760 531.760 531.760
499.096 499.096 499.096 508.097 508.097 508.097 508.097 508.097 508.097 508.097 508.097 508.097 514.044 514.044 514.044 514.044 514.044 514.044 514.044 514.044 514.044 514.044 513.868 513.868 513.868 513.868 513.868 513.868 513.868 513.868 513.868 513.868 515.047 515.047 515.047 515.047 515.047 515.047 515.047 515.047 515.047 522.778 522.778 522.778 522.778 522.778 522.778 522.778 522.778 522.778 522.778 525.808 525.808 525.808 525.808 525.808 525.808 525.808 525.808 525.808 525.808 531.760 531.760 531.760 531.760 531.760 531.760 531.760 531.760
499.096 499.096 499.096 508.097 508.097 508.097 508.097 508.097 508.097 508.097 508.097 508.097 514.044 514.044 514.044 514.044 514.044 514.044 514.044 514.044 514.044 514.044 513.868 513.868 513.868 513.868 513.868 513.868 513.868 513.868 513.868 513.868 515.047 515.047 515.047 515.047 515.047 515.047 515.047 515.047 515.047 522.778 522.778 522.778 522.778 522.778 522.778 522.778 522.778 522.778 522.778 525.808 525.808 525.808 525.808 525.808 525.808 525.808 525.808 525.808 525.808 531.760 531.760 531.760 531.760 531.760 531.760 531.760 531.760
499.096 499.096 499.096 508.097 508.097 508.097 508.097 508.097 508.097 508.097 508.097 508.097 514.044 514.044 514.044 514.044 514.044 514.044 514.044 514.044 514.044 514.044 513.868 513.868 513.868 513.868 513.868 513.868 513.868 513.868 513.868 513.868 515.047 515.047 515.047 515.047 515.047 515.047 515.047 515.047 515.047 522.778 522.778 522.778 522.778 522.778 522.778 522.778 522.778 522.778 522.778 525.808 525.808 525.808 525.808 525.808 525.808 525.808 525.808 525.808 525.808 531.760 531.760 531.760 531.760 531.760 531.760 531.760 531.760
515.111 515.111 515.111 522.535 522.535 522.535 522.535 522.535 522.535 522.535 522.535 522.535 528.786 528.786 528.786 528.786 528.786 528.786 528.786 528.786 528.786 528.786 533.471 533.471 533.471 533.471 533.471 533.471 533.471 533.471 533.471 533.471 538.161 538.161 538.161 538.161 538.161 538.161 538.161 538.161 538.161 540.465 540.465 540.465 540.465 540.465 540.465 540.465 540.465 540.465 540.465 545.276 545.276 545.276 545.276 545.276 545.276 545.276 545.276 545.276 545.276 546.881 546.881 546.881 546.881 546.881 546.881 546.881 546.881
515.111 515.111 515.111 522.535 522.535 522.535 522.535 522.535 522.535 522.535 522.535 522.535 528.786 528.786 528.786 528.786 528.786 528.786 528.786 528.786 528.786 528.786 533.471 533.471 533.471 533.471 533.471 533.471 533.471 533.471 533.471 533.471 538.161 538.161 538.161 538.161 538.161 538.161 538.161 538.161 538.161 540.465 540.465 540.465 540.465 540.465 540.465 540.465 540.465 540.465 540.465 545.276 545.276 545.276 545.276 545.276 545.276 545.276 545.276 545.276 545.276 546.881 546.881 546.881 546.881 546.881 546.881 546.881 546.881
515.111 515.111 515.111 522.535 522.535 522.535 522.535 522.535 522.535 522.535 522.535 522.535 528.786 528.786 528.786 528.786 528.786 528.786 528.786 528.786 528.786 528.786 533.471 533.471 533.471 533.471 533.471 533.471 533.471 533.471 533.471 533.471 538.161 538.161 538.161 538.161 538.161 538.161 538.161 538.161 538.161 540.465 540.465 540.465 540.465 540.465 540.465 540.465 540.465 540.465 540.465 545.276 545.276 545.276 545.276 545.276 545.276 545.276 545.276 545.276 545.276 546.881 546.881 546.881 546.881 546.881 546.881 546.881 546.881
515.111 515.111 515.111 522.535 522.535 522.535 522.535 522.535 522.535 522.535 522.535 522.535 528.786 528.786 528.786 528.786 528.786 528.786 528.786 528.786 528.786 528.786 533.471 533.471 533.471 533.471 533.471 533.471 533.471 533.471 533.471 533.471 538.161 538.161 538.161 538.161 538.161 538.161 538.161 538.161 538.161 540.465 540.465 540.465 540.465 540.465 540.465 540.465 540.465 540.465 540.465 545.276 545.276 545.276 545.276 545.276 545.276 545.276 545.276 545.276 545.276 546.881 546.881 546.881 546.881 546.881 546.881 546.881 546.881
