01_Terauchi/04_EXE_SIMU/01_RR_DR/output_misc/rain_map.asc
ncols  372
nrows  253
xllcorner     -26340.000
yllcorner      43260.000
cellsize     30.000
NODATA_value -9999.000
[rows 30 to 59 of 253, columns 138 to 206 of 372]
1294.000 1294.000 1294.000 1294.000 1307.000 1307.000 1307.000 1307.000 1307.000 1307.000 1307.000 1307.000 1307.000 1307.000 1308.000 1308.000 1308.000 1308.000 1308.000 1308.000 1308.000 1308.000 1308.000 1309.000 1309.000 1309.000 1309.000 1309.000 1309.000 1309.000 1309.000 1309.000 1309.000 1310.000 1310.000 1310.000 1310.000 1310.000 1310.000 1310.000 1310.000 1310.000 1310.000 1323.000 1323.000 1323.000 1323.000 1323.000 1323.000 1323.000 1323.000 1323.000 1324.000 1324.000 1324.000 1324.000 1324.000 1324.000 1324.000 1324.000 1324.000 1324.000 1325.000 1325.000 1325.000 1325.000 1325.000 1325.000 1325.000
1190.000 1190.000 1190.000 1190.000 1203.000 1203.000 1203.000 1203.000 1203.000 1203.000 1203.000 1203.000 1203.000 1203.000 1204.000 1204.000 1204.000 1204.000 1204.000 1204.000 1204.000 1204.000 1204.000 1205.000 1205.000 1205.000 1205.000 1205.000 1205.000 1205.000 1205.000 1205.000 1205.000 1206.000 1206.000 1206.000 1206.000 1206.000 1206.000 1206.000 1206.000 1206.000 1206.000 1219.000 1219.000 1219.000 1219.000 1219.000 1219.000 1219.000 1219.000 1219.000 1220.000 1220.000 1220.000 1220.000 1220.000 1220.000 1220.000 1220.000 1220.000 1220.000 1221.000 1221.000 1221.000 1221.000 1221.000 1221.000 1221.000
1190.000 1190.000 1190.000 1190.000 1203.000 1203.000 1203.000 1203.000 1203.000 1203.000 1203.000 1203.000 1203.000 1203.000 1204.000 1204.000 1204.000 1204.000 1204.000 1204.000 1204.000 1204.000 1204.000 1205.000 1205.000 1205.000 1205.000 1205.000 1205.000 1205.000 1205.000 1205.000 1205.000 1206.000 1206.000 1206.000 1206.000 1206.000 1206.000 1206.000 1206.000 1206.000 1206.000 1219.000 1219.000 1219.000 1219.000 1219.000 1219.000 1219.000 1219.000 1219.000 1220.000 1220.000 1220.000 1220.000 1220.000 1220.000 1220.000 1220.000 1220.000 1220.000 1221.000 1221.000 1221.000 1221.000 1221.000 1221.000 1221.000
1190.000 1190.000 1190.000 1190.000 1203.000 1203.000 1203.000 1203.000 1203.000 1203.000 1203.000 1203.000 1203.000 1203.000 1204.000 1204.000 1204.000 1204.000 1204.000 1204.000 1204.000 1204.000 1204.000 1205.000 1205.000 1205.000 1205.000 1205.000 1205.000 1205.000 1205.000 1205.000 1205.000 1206.000 1206.000 1206.000 1206.000 1206.000 1206.000 1206.000 1206.000 1206.000 1206.000 1219.000 1219.000 1219.000 1219.000 1219.000 1219.000 1219.000 1219.000 1219.000 1220.000 1220.000 1220.000 1220.000 1220.000 1220.000 1220.000 1220.000 1220.000 1220.000 1221.000 1221.000 1221.000 1221.000 1221.000 1221.000 1221.000
1190.000 1190.000 1190.000 1190.000 1203.000 1203.000 1203.000 1203.000 1203.000 1203.000 1203.000 1203.000 1203.000 1203.000 1204.000 1204.000 1204.000 1204.000 1204.000 1204.000 1204.000 1204.000 1204.000 1205.000 1205.000 1205.000 1205.000 1205.000 1205.000 1205.000 1205.000 1205.000 1205.000 1206.000 1206.000 1206.000 1206.000 1206.000 1206.000 1206.000 1206.000 1206.000 1206.000 1219.000 1219.000 1219.000 1219.000 1219.000 1219.000 1219.000 1219.000 1219.000 1220.000 1220.000 1220.000 1220.000 1220.000 1220.000 1220.000 1220.000 1220.000 1220.000 1221.000 1221.000 1221.000 1221.000 1221.000 1221.000 1221.000
1190.000 1190.000 1190.000 1190.000 1203.000 1203.000 1203.000 1203.000 1203.000 1203.000 1203.000 1203.000 1203.000 1203.000 1204.000 1204.000 1204.000 1204.000 1204.000 1204.000 1204.000 1204.000 1204.000 1205.000 1205.000 1205.000 1205.000 1205.000 1205.000 1205.000 1205.000 1205.000 1205.000 1206.000 1206.000 1206.000 1206.000 1206.000 1206.000 1206.000 1206.000 1206.000 1206.000 1219.000 1219.000 1219.000 1219.000 1219.000 1219.000 1219.000 1219.000 1219.000 1220.000 1220.000 1220.000 1220.000 1220.000 1220.000 1220.000 1220.000 1220.000 1220.000 1221.000 1221.000 1221.000 1221.000 1221.000 1221.000 1221.000
1190.000 1190.000 1190.000 1190.000 1203.000 1203.000 1203.000 1203.000 1203.000 1203.000 1203.000 1203.000 1203.000 1203.000 1204.000 1204.000 1204.000 1204.000 1204.000 1204.000 1204.000 1204.000 1204.000 1205.000 1205.000 1205.000 1205.000 1205.000 1205.000 1205.000 1205.000 1205.000 1205.000 1206.000 1206.000 1206.000 1206.000 1206.000 1206.000 1206.000 1206.000 1206.000 1206.000 1219.000 1219.000 1219.000 1219.000 1219.000 1219.000 1219.000 1219.000 1219.000 1220.000 1220.000 1220.000 1220.000 1220.000 1220.000 1220.000 1220.000 1220.000 1220.000 1221.000 1221.000 1221.000 1221.000 1221.000 1221.000 1221.000
1190.000 1190.000 1190.000 1190.000 1203.000 1203.000 1203.000 1203.000 1203.000 1203.000 1203.000 1203.000 1203.000 1203.000 1204.000 1204.000 1204.000 1204.000 1204.000 1204.000 1204.000 1204.000 1204.000 1205.000 1205.000 1205.000 1205.000 1205.000 1205.000 1205.000 1205.000 1205.000 1205.000 1206.000 1206.000 1206.000 1206.000 1206.000 1206.000 1206.000 1206.000 1206.000 1206.000 1219.000 1219.000 1219.000 1219.000 1219.000 1219.000 1219.000 1219.000 1219.000 1220.000 1220.000 1220.000 1220.000 1220.000 1220.000 1220.000 1220.000 1220.000 1220.000 1221.000 1221.000 1221.000 1221.000 1221.000 1221.000 1221.000
1186.000 1186.000 1186.000 1186.000 1199.000 1199.000 1199.000 1199.000 1199.000 1199.000 1199.000 1199.000 1199.000 1199.000 1200.000 1200.000 1200.000 1200.000 1200.000 1200.000 1200.000 1200.000 1200.000 1201.000 1201.000 1201.000 1201.000 1201.000 1201.000 1201.000 1201.000 1201.000 1201.000 1202.000 1202.000 1202.000 1202.000 1202.000 1202.000 1202.000 1202.000 1202.000 1202.000 1215.000 1215.000 1215.000 1215.000 1215.000 1215.000 1215.000 1215.000 1219.000 1220.000 1220.000 1220.000 1220.000 1220.000 1220.000 1220.000 1220.000 1220.000 1220.000 1221.000 1221.000 1221.000 1221.000 1221.000 1221.000 1221.000
1186.000 1186.000 1186.000 1186.000 1199.000 1199.000 1199.000 1199.000 1199.000 1199.000 1199.000 1199.000 1199.000 1199.000 1200.000 1200.000 1200.000 1200.000 1200.000 1200.000 1200.000 1200.000 1200.000 1201.000 1201.000 1201.000 1201.000 1201.000 1201.000 1201.000 1201.000 1201.000 1201.000 1202.000 1202.000 1202.000 1202.000 1202.000 1202.000 1202.000 1202.000 1202.000 1202.000 1215.000 1215.000 1215.000 1215.000 1215.000 1215.000 1215.000 1215.000 1215.000 1216.000 1216.000 1216.000 1216.000 1216.000 1216.000 1216.000 1216.000 1216.000 1216.000 1217.000 1217.000 1217.000 1217.000 1217.000 1217.000 1217.000
1186.000 1186.000 1186.000 1186.000 1199.000 1199.000 1199.000 1199.000 1199.000 1199.000 1199.000 1199.000 1199.000 1199.000 1200.000 1200.000 1200.000 1200.000 1200.000 1200.000 1200.000 1200.000 1200.000 1201.000 1201.000 1201.000 1201.000 1201.000 1201.000 1201.000 1201.000 1201.000 1201.000 1202.000 1202.000 1202.000 1202.000 1202.000 1202.000 1202.000 1202.000 1202.000 1202.000 1215.000 1215.000 1215.000 1215.000 1215.000 1215.000 1215.000 1215.000 1215.000 1216.000 1216.000 1216.000 1216.000 1216.000 1216.000 1216.000 1216.000 1216.000 1216.000 1217.000 1217.000 1217.000 1217.000 1217.000 1217.000 1217.000
1186.000 1186.000 1186.000 1186.000 1199.000 1199.000 1199.000 1199.000 1199.000 1199.000 1199.000 1199.000 1199.000 1199.000 1200.000 1200.000 1200.000 1200.000 1200.000 1200.000 1200.000 1200.000 1200.000 1201.000 1201.000 1201.000 1201.000 1201.000 1201.000 1201.000 1201.000 1201.000 1201.000 1202.000 1202.000 1202.000 1202.000 1202.000 1202.000 1202.000 1202.000 1202.000 1202.000 1215.000 1215.000 1215.000 1215.000 1215.000 1215.000 1215.000 1215.000 1215.000 1216.000 1216.000 1216.000 1216.000 1216.000 1216.000 1216.000 1216.000 1216.000 1216.000 1217.000 1217.000 1217.000 1217.000 1217.000 1217.000 1217.000
1186.000 1186.000 1186.000 1186.000 1199.000 1199.000 1199.000 1199.000 1199.000 1199.000 1199.000 1199.000 1199.000 1199.000 1200.000 1200.000 1200.000 1200.000 1200.000 1200.000 1200.000 1200.000 1200.000 1201.000 1201.000 1201.000 1201.000 1201.000 1201.000 1201.000 1201.000 1201.000 1201.000 1202.000 1202.000 1202.000 1202.000 1202.000 1202.000 1202.000 1202.000 1202.000 1202.000 1215.000 1215.000 1215.000 1215.000 1215.000 1215.000 1215.000 1215.000 1215.000 1216.000 1216.000 1216.000 1216.000 1216.000 1216.000 1216.000 1216.000 1216.000 1216.000 1217.000 1217.000 1217.000 1217.000 1217.000 1217.000 1217.000
1186.000 1186.000 1186.000 1186.000 1199.000 1199.000 1199.000 1199.000 1199.000 1199.000 1199.000 1199.000 1199.000 1199.000 1200.000 1200.000 1200.000 1200.000 1200.000 1200.000 1200.000 1200.000 1200.000 1201.000 1201.000 1201.000 1201.000 1201.000 1201.000 1201.000 1201.000 1201.000 1201.000 1202.000 1202.000 1202.000 1202.000 1202.000 1202.000 1202.000 1202.000 1202.000 1202.000 1215.000 1215.000 1215.000 1215.000 1215.000 1215.000 1215.000 1215.000 1215.000 1216.000 1216.000 1216.000 1216.000 1216.000 1216.000 1216.000 1216.000 1216.000 1216.000 1217.000 1217.000 1217.000 1217.000 1217.000 1217.000 1217.000
1186.000 1186.000 1186.000 1186.000 1199.000 1199.000 1199.000 1199.000 1199.000 1199.000 1199.000 1199.000 1199.000 1199.000 1200.000 1200.000 1200.000 1200.000 1200.000 1200.000 1200.000 1200.000 1200.000 1201.000 1201.000 1201.000 1201.000 1201.000 1201.000 1201.000 1201.000 1201.000 1201.000 1202.000 1202.000 1202.000 1202.000 1202.000 1202.000 1202.000 1202.000 1202.000 1202.000 1215.000 1215.000 1215.000 1215.000 1215.000 1215.000 1215.000 1215.000 1215.000 1216.000 1216.000 1216.000 1216.000 1216.000 1216.000 1216.000 1216.000 1216.000 1216.000 1217.000 1217.000 1217.000 1217.000 1217.000 1217.000 1217.000
1186.000 1186.000 1186.000 1186.000 1199.000 1199.000 1199.000 1199.000 1199.000 1199.000 1199.000 1199.000 1199.000 1199.000 1200.000 1200.000 1200.000 1200.000 1200.000 1200.000 1200.000 1200.000 1200.000 1201.000 1201.000 1201.000 1201.000 1201.000 1201.000 1201.000 1201.000 1201.000 1201.000 1202.000 1202.000 1202.000 1202.000 1202.000 1202.000 1202.000 1202.000 1202.000 1202.000 1215.000 1215.000 1215.000 1215.000 1215.000 1215.000 1215.000 1215.000 1215.000 1216.000 1216.000 1216.000 1216.000 1216.000 1216.000 1216.000 1216.000 1216.000 1216.000 1217.000 1217.000 1217.000 1217.000 1217.000 1217.000 1217.000
1182.000 1182.000 1182.000 1182.000 1195.000 1195.000 1195.000 1195.000 1195.000 1195.000 1195.000 1195.000 1195.000 1195.000 1196.000 1196.000 1196.000 1196.000 1196.000 1196.000 1196.000 1196.000 1196.000 1197.000 1197.000 1197.000 1197.000 1197.000 1197.000 1197.000 1197.000 1197.000 1197.000 1198.000 1198.000 1198.000 1198.000 1198.000 1198.000 1198.000 1198.000 1198.000 1198.000 1211.000 1211.000 1211.000 1211.000 1211.000 1211.000 1211.000 1211.000 1211.000 1212.000 1212.000 1212.000 1212.000 1212.000 1212.000 1212.000 1212.000 1212.000 1212.000 1213.000 1213.000 1213.000 1213.000 1213.000 1213.000 1213.000
1182.000 1182.000 1182.000 1182.000 1195.000 1195.000 1195.000 1195.000 1195.000 1195.000 1195.000 1195.000 1195.000 1195.000 1196.000 1196.000 1196.000 1196.000 1196.000 1196.000 1196.000 1196.000 1196.000 1197.000 1197.000 1197.000 1197.000 1197.000 1197.000 1197.000 1197.000 1197.000 1197.000 1198.000 1198.000 1198.000 1198.000 1198.000 1198.000 1198.000 1198.000 1198.000 1198.000 1211.000 1211.000 1211.000 1211.000 1211.000 1211.000 1211.000 1211.000 1211.000 1212.000 1212.000 1212.000 1212.000 1212.000 1212.000 1212.000 1212.000 1212.000 1212.000 1213.000 1213.000 1213.000 1213.000 1213.000 1213.000 1213.000
1182.000 1182.000 1182.000 1182.000 1195.000 1195.000 1195.000 1195.000 1195.000 1195.000 1195.000 1195.000 1195.000 1195.000 1196.000 1196.000 1196.000 1196.000 1196.000 1196.000 1196.000 1196.000 1196.000 1197.000 1197.000 1197.000 1197.000 1197.000 1197.000 1197.000 1197.000 1197.000 1197.000 1198.000 1198.000 1198.000 1198.000 1198.000 1198.000 1198.000 1198.000 1198.000 1198.000 1211.000 1211.000 1211.000 1211.000 1211.000 1211.000 1211.000 1211.000 1211.000 1212.000 1212.000 1212.000 1212.000 1212.000 1212.000 1212.000 1212.000 1212.000 1212.000 1213.000 1213.000 1213.000 1213.000 1213.000 1213.000 1213.000
1182.000 1182.000 1182.000 1182.000 1195.000 1195.000 1195.000 1195.000 1195.000 1195.000 1195.000 1195.000 1195.000 1195.000 1196.000 1196.000 1196.000 1196.000 1196.000 1196.000 1196.000 1196.000 1196.000 1197.000 1197.000 1197.000 1197.000 1197.000 1197.000 1197.000 1197.000 1197.000 1197.000 1198.000 1198.000 1198.000 1198.000 1198.000 1198.000 1198.000 1198.000 1198.000 1198.000 1211.000 1211.000 1211.000 1211.000 1211.000 1211.000 1211.000 1211.000 1211.000 1212.000 1212.000 1212.000 1212.000 1212.000 1212.000 1212.000 1212.000 1212.000 1212.000 1213.000 1213.000 1213.000 1213.000 1213.000 1213.000 1213.000
1182.000 1182.000 1182.000 1182.000 1195.000 1195.000 1195.000 1195.000 1195.000 1195.000 1195.000 1195.000 1195.000 1195.000 1196.000 1196.000 1196.000 1196.000 1196.000 1196.000 1196.000 1196.000 1196.000 1197.000 1197.000 1197.000 1197.000 1197.000 1197.000 1197.000 1197.000 1197.000 1197.000 1198.000 1198.000 1198.000 1198.000 1198.000 1198.000 1198.000 1198.000 1198.000 1198.000 1211.000 1211.000 1211.000 1211.000 1211.000 1211.000 1211.000 1211.000 1211.000 1212.000 1212.000 1212.000 1212.000 1212.000 1212.000 1212.000 1212.000 1212.000 1212.000 1213.000 1213.000 1213.000 1213.000 1213.000 1213.000 1213.000
1182.000 1182.000 1182.000 1182.000 1195.000 1195.000 1195.000 1195.000 1195.000 1195.000 1195.000 1195.000 1195.000 1195.000 1196.000 1196.000 1196.000 1196.000 1196.000 1196.000 1196.000 1196.000 1196.000 1197.000 1197.000 1197.000 1197.000 1197.000 1197.000 1197.000 1197.000 1197.000 1197.000 1198.000 1198.000 1198.000 1198.000 1198.000 1198.000 1198.000 1198.000 1198.000 1198.000 1211.000 1211.000 1211.000 1211.000 1211.000 1211.000 1211.000 1211.000 1211.000 1212.000 1212.000 1212.000 1212.000 1212.000 1212.000 1212.000 1212.000 1212.000 1212.000 1213.000 1213.000 1213.000 1213.000 1213.000 1213.000 1213.000
1182.000 1182.000 1182.000 1182.000 1195.000 1195.000 1195.000 1195.000 1195.000 1195.000 1195.000 1195.000 1195.000 1195.000 1196.000 1196.000 1196.000 1196.000 1196.000 1196.000 1196.000 1196.000 1196.000 1197.000 1197.000 1197.000 1197.000 1197.000 1197.000 1197.000 1197.000 1197.000 1197.000 1198.000 1198.000 1198.000 1198.000 1198.000 1198.000 1198.000 1198.000 1198.000 1198.000 1211.000 1211.000 1211.000 1211.000 1211.000 1211.000 1211.000 1211.000 1211.000 1212.000 1212.000 1212.000 1212.000 1212.000 1212.000 1212.000 1212.000 1212.000 1212.000 1213.000 1213.000 1213.000 1213.000 1213.000 1213.000 1213.000
1182.000 1182.000 1182.000 1182.000 1195.000 1195.000 1195.000 1195.000 1195.000 1195.000 1195.000 1195.000 1195.000 1195.000 1196.000 1196.000 1196.000 1196.000 1196.000 1196.000 1196.000 1196.000 1196.000 1197.000 1197.000 1197.000 1197.000 1197.000 1197.000 1197.000 1197.000 1197.000 1197.000 1198.000 1198.000 1198.000 1198.000 1198.000 1198.000 1198.000 1198.000 1198.000 1198.000 1211.000 1211.000 1211.000 1211.000 1211.000 1211.000 1211.000 1211.000 1211.000 1212.000 1212.000 1212.000 1212.000 1212.000 1212.000 1212.000 1212.000 1212.000 1212.000 1213.000 1213.000 1213.000 1213.000 1213.000 1213.000 1213.000
1178.000 1178.000 1178.000 1178.000 1191.000 1191.000 1191.000 1191.000 1191.000 1191.000 1191.000 1191.000 1191.000 1191.000 1192.000 1192.000 1192.000 1192.000 1192.000 1192.000 1192.000 1192.000 1192.000 1193.000 1193.000 1193.000 1193.000 1193.000 1193.000 1193.000 1193.000 1193.000 1193.000 1194.000 1194.000 1194.000 1194.000 1194.000 1194.000 1194.000 1194.000 1194.000 1194.000 1207.000 1207.000 1207.000 1207.000 1207.000 1207.000 1207.000 1207.000 1207.000 1208.000 1208.000 1208.000 1208.000 1208.000 1208.000 1208.000 1208.000 1208.000 1208.000 1209.000 1209.000 1209.000 1209.000 1209.000 1209.000 1209.000
1178.000 1178.000 1178.000 1178.000 1191.000 1191.000 1191.000 1191.000 1191.000 1191.000 1191.000 1191.000 1191.000 1191.000 1192.000 1192.000 1192.000 1192.000 1192.000 1192.000 1192.000 1192.000 1192.000 1193.000 1193.000 1193.000 1193.000 1193.000 1193.000 1193.000 1193.000 1193.000 1193.000 1194.000 1194.000 1194.000 1194.000 1194.000 1194.000 1194.000 1194.000 1194.000 1194.000 1207.000 1207.000 1207.000 1207.000 1207.000 1207.000 1207.000 1207.000 1207.000 1208.000 1208.000 1208.000 1208.000 1208.000 1208.000 1208.000 1208.000 1208.000 1208.000 1209.000 1209.000 1209.000 1209.000 1209.000 1209.000 1209.000
1178.000 1178.000 1178.000 1178.000 1191.000 1191.000 1191.000 1191.000 1191.000 1191.000 1191.000 1191.000 1191.000 1191.000 1192.000 1192.000 1192.000 1192.000 1192.000 1192.000 1192.000 1192.000 1192.000 1193.000 1193.000 1193.000 1193.000 1193.000 1193.000 1193.000 1193.000 1193.000 1193.000 1194.000 1194.000 1194.000 1194.000 1194.000 1194.000 1194.000 1194.000 1194.000 1194.000 1207.000 1207.000 1207.000 1207.000 1207.000 1207.000 1207.000 1207.000 1207.000 1208.000 1208.000 1208.000 1208.000 1208.000 1208.000 1208.000 1208.000 1208.000 1208.000 1209.000 1209.000 1209.000 1209.000 1209.000 1209.000 1209.000
1178.000 1178.000 1178.000 1178.000 1191.000 1191.000 1191.000 1191.000 1191.000 1191.000 1191.000 1191.000 1191.000 1191.000 1192.000 1192.000 1192.000 1192.000 1192.000 1192.000 1192.000 1192.000 1192.000 1193.000 1193.000 1193.000 1193.000 1193.000 1193.000 1193.000 1193.000 1193.000 1193.000 1194.000 1194.000 1194.000 1194.000 1194.000 1194.000 1194.000 1194.000 1194.000 1194.000 1207.000 1207.000 1207.000 1207.000 1207.000 1207.000 1207.000 1207.000 1207.000 1208.000 1208.000 1208.000 1208.000 1208.000 1208.000 1208.000 1208.000 1208.000 1208.000 1209.000 1209.000 1209.000 1209.000 1209.000 1209.000 1209.000
1178.000 1178.000 1178.000 1178.000 1191.000 1191.000 1191.000 1191.000 1191.000 1191.000 1191.000 1191.000 1191.000 1191.000 1192.000 1192.000 1192.000 1192.000 1192.000 1192.000 1192.000 1192.000 1192.000 1193.000 1193.000 1193.000 1193.000 1193.000 1193.000 1193.000 1193.000 1193.000 1193.000 1194.000 1194.000 1194.000 1194.000 1194.000 1194.000 1194.000 1194.000 1194.000 1194.000 1207.000 1207.000 1207.000 1207.000 1207.000 1207.000 1207.000 1207.000 1207.000 1208.000 1208.000 1208.000 1208.000 1208.000 1208.000 1208.000 1208.000 1208.000 1208.000 1209.000 1209.000 1209.000 1209.000 1209.000 1209.000 1209.000
1178.000 1178.000 1178.000 1178.000 1191.000 1191.000 1191.000 1191.000 1191.000 1191.000 1191.000 1191.000 1191.000 1191.000 1192.000 1192.000 1192.000 1192.000 1192.000 1192.000 1192.000 1192.000 1192.000 1193.000 1193.000 1193.000 1193.000 1193.000 1193.000 1193.000 1193.000 1193.000 1193.000 1194.000 1194.000 1194.000 1194.000 1194.000 1194.000 1194.000 1194.000 1194.000 1194.000 1207.000 1207.000 1207.000 1207.000 1207.000 1207.000 1207.000 1207.000 1207.000 1208.000 1208.000 1208.000 1208.000 1208.000 1208.000 1208.000 1208.000 1208.000 1208.000 1209.000 1209.000 1209.000 1209.000 1209.000 1209.000 1209.000
