01_Terauchi/04_EXE_SIMU/01_RR_DR/output_misc/rain_map.asc
ncols  372
nrows  253
xllcorner     -26340.000
yllcorner      43260.000
cellsize     30.000
NODATA_value -9999.000
[rows 90 to 119 of 253, columns 276 to 344 of 372]
1124.000 1125.000 1125.000 1125.000 1125.000 1125.000 1125.000 1125.000 1125.000 1125.000 1125.000 1126.000 1126.000 1126.000 1126.000 1126.000 1126.000 1126.000 1126.000 1126.000 1126.000 1139.000 1139.000 1139.000 1139.000 1139.000 1139.000 1139.000 1139.000 1139.000 1139.000 1140.000 1140.000 1140.000 1140.000 1140.000 1140.000 1140.000 1140.000 1140.000 1141.000 1141.000 1141.000 1141.000 1141.000 1141.000 1141.000 1141.000 1141.000 1141.000 1142.000 1142.000 1142.000 1142.000 1142.000 1142.000 1142.000 1142.000 1142.000 1142.000 1155.000 1155.000 1155.000 1155.000 1155.000 1155.000 1155.000 1155.000 1155.000
1124.000 1125.000 1125.000 1125.000 1125.000 1125.000 1125.000 1125.000 1125.000 1125.000 1125.000 1126.000 1126.000 1126.000 1126.000 1126.000 1126.000 1126.000 1126.000 1126.000 1126.000 1139.000 1139.000 1139.000 1139.000 1139.000 1139.000 1139.000 1139.000 1139.000 1139.000 1140.000 1140.000 1140.000 1140.000 1140.000 1140.000 1140.000 1140.000 1140.000 1141.000 1141.000 1141.000 1141.000 1141.000 1141.000 1141.000 1141.000 1141.000 1141.000 1142.000 1142.000 1142.000 1142.000 1142.000 1142.000 1142.000 1142.000 1142.000 1142.000 1155.000 1155.000 1155.000 1155.000 1155.000 1155.000 1155.000 1155.000 1155.000
1124.000 1125.000 1125.000 1125.000 1125.000 1125.000 1125.000 1125.000 1125.000 1125.000 1125.000 1126.000 1126.000 1126.000 1126.000 1126.000 1126.000 1126.000 1126.000 1126.000 1126.000 1139.000 1139.000 1139.000 1139.000 1139.000 1139.000 1139.000 1139.000 1139.000 1139.000 1140.000 1140.000 1140.000 1140.000 1140.000 1140.000 1140.000 1140.000 1140.000 1141.000 1141.000 1141.000 1141.000 1141.000 1141.000 1141.000 1141.000 1141.000 1141.000 1142.000 1142.000 1142.000 1142.000 1142.000 1142.000 1142.000 1142.000 1142.000 1142.000 1155.000 1155.000 1155.000 1155.000 1155.000 1155.000 1155.000 1155.000 1155.000
1020.000 1021.000 1021.000 1021.000 1021.000 1021.000 1021.000 1021.000 1021.000 1021.000 1021.000 1022.000 1022.000 1022.000 1022.000 1022.000 1022.000 1022.000 1022.000 1022.000 1022.000 1035.000 1035.000 1035.000 1035.000 1035.000 1035.000 1035.000 1035.000 1035.000 1035.000 1036.000 1036.000 1036.000 1036.000 1036.000 1036.000 1036.000 1036.000 1036.000 1037.000 1037.000 1037.000 1037.000 1037.000 1037.000 1037.000 1037.000 1037.000 1037.000 1038.000 1038.000 1038.000 1038.000 1038.000 1038.000 1038.000 1038.000 1038.000 1038.000 1051.000 1051.000 1051.000 1051.000 1051.000 1051.000 1051.000 1051.000 1051.000
1020.000 1021.000 1021.000 1021.000 1021.000 1021.000 1021.000 1021.000 1021.000 1021.000 1021.000 1022.000 1022.000 1022.000 1022.000 1022.000 1022.000 1022.000 1022.000 1022.000 1022.000 1035.000 1035.000 1035.000 1035.000 1035.000 1035.000 1035.000 1035.000 1035.000 1035.000 1036.000 1036.000 1036.000 1036.000 1036.000 1036.000 1036.000 1036.000 1036.000 1037.000 1037.000 1037.000 1037.000 1037.000 1037.000 1037.000 1037.000 1037.000 1037.000 1038.000 1038.000 1038.000 1038.000 1038.000 1038.000 1038.000 1038.000 1038.000 1038.000 1051.000 1051.000 1051.000 1051.000 1051.000 1051.000 1051.000 1051.000 1051.000
1020.000 1021.000 1021.000 1021.000 1021.000 1021.000 1021.000 1021.000 1021.000 1021.000 1021.000 1022.000 1022.000 1022.000 1022.000 1022.000 1022.000 1022.000 1022.000 1022.000 1022.000 1035.000 1035.000 1035.000 1035.000 1035.000 1035.000 1035.000 1035.000 1035.000 1035.000 1036.000 1036.000 1036.000 1036.000 1036.000 1036.000 1036.000 1036.000 1036.000 1037.000 1037.000 1037.000 1037.000 1037.000 1037.000 1037.000 1037.000 1037.000 1037.000 1038.000 1038.000 1038.000 1038.000 1038.000 1038.000 1038.000 1038.000 1038.000 1038.000 1051.000 1051.000 1051.000 1051.000 1051.000 1051.000 1051.000 1051.000 1051.000
1020.000 1021.000 1021.000 1021.000 1021.000 1021.000 1021.000 1021.000 1021.000 1021.000 1021.000 1022.000 1022.000 1022.000 1022.000 1022.000 1022.000 1022.000 1022.000 1022.000 1022.000 1035.000 1035.000 1035.000 1035.000 1035.000 1035.000 1035.000 1035.000 1035.000 1035.000 1036.000 1036.000 1036.000 1036.000 1036.000 1036.000 1036.000 1036.000 1036.000 1037.000 1037.000 1037.000 1037.000 1037.000 1037.000 1037.000 1037.000 1037.000 1037.000 1038.000 1038.000 1038.000 1038.000 1038.000 1038.000 1038.000 1038.000 1038.000 1038.000 1051.000 1051.000 1051.000 1051.000 1051.000 1051.000 1051.000 1051.000 1051.000
1020.000 1021.000 1021.000 1021.000 1021.000 1021.000 1021.000 1021.000 1021.000 1021.000 1021.000 1022.000 1022.000 1022.000 1022.000 1022.000 1022.000 1022.000 1022.000 1022.000 1022.000 1035.000 1035.000 1035.000 1035.000 1035.000 1035.000 1035.000 1035.000 1035.000 1035.000 1036.000 1036.000 1036.000 1036.000 1036.000 1036.000 1036.000 1036.000 1036.000 1037.000 1037.000 1037.000 1037.000 1037.000 1037.000 1037.000 1037.000 1037.000 1037.000 1038.000 1038.000 1038.000 1038.000 1038.000 1038.000 1038.000 1038.000 1038.000 1038.000 1051.000 1051.000 1051.000 1051.000 1051.000 1051.000 1051.000 1051.000 1051.000
1020.000 1021.000 1021.000 1021.000 1021.000 1021.000 1021.000 1021.000 1021.000 1021.000 1021.000 1022.000 1022.000 1022.000 1022.000 1022.000 1022.000 1022.000 1022.000 1022.000 1022.000 1035.000 1035.000 1035.000 1035.000 1035.000 1035.000 1035.000 1035.000 1035.000 1035.000 1036.000 1036.000 1036.000 1036.000 1036.000 1036.000 1036.000 1036.000 1036.000 1037.000 1037.000 1037.000 1037.000 1037.000 1037.000 1037.000 1037.000 1037.000 1037.000 1038.000 1038.000 1038.000 1038.000 1038.000 1038.000 1038.000 1038.000 1038.000 1038.000 1051.000 1051.000 1051.000 1051.000 1051.000 1051.000 1051.000 1051.000 1051.000
1020.000 1021.000 1021.000 1021.000 1021.000 1021.000 1021.000 1021.000 1021.000 1021.000 1021.000 1022.000 1022.000 1022.000 1022.000 1022.000 1022.000 1022.000 1022.000 1022.000 1022.000 1035.000 1035.000 1035.000 1035.000 1035.000 1035.000 1035.000 1035.000 1035.000 1035.000 1036.000 1036.000 1036.000 1036.000 1036.000 1036.000 1036.000 1036.000 1036.000 1037.000 1037.000 1037.000 1037.000 1037.000 1037.000 1037.000 1037.000 1037.000 1037.000 1038.000 1038.000 1038.000 1038.000 1038.000 1038.000 1038.000 1038.000 1038.000 1038.000 1051.000 1051.000 1051.000 1051.000 1051.000 1051.000 1051.000 1051.000 1051.000
1016.000 1017.000 1017.000 1017.000 1017.000 1017.000 1017.000 1017.000 1017.000 1017.000 1017.000 1018.000 1018.000 1018.000 1018.000 1018.000 1018.000 1018.000 1018.000 1018.000 1018.000 1031.000 1031.000 1031.000 1031.000 1031.000 1031.000 1031.000 1031.000 1031.000 1031.000 1032.000 1032.000 1032.000 1032.000 1032.000 1032.000 1032.000 1032.000 1032.000 1033.000 1033.000 1033.000 1033.000 1033.000 1033.000 1033.000 1033.000 1033.000 1033.000 1034.000 1034.000 1034.000 1034.000 1034.000 1034.000 1034.000 1034.000 1034.000 1034.000 1047.000 1047.000 1047.000 1047.000 1047.000 1047.000 1047.000 1047.000 1047.000
1016.000 1017.000 1017.000 1017.000 1017.000 1017.000 1017.000 1017.000 1017.000 1017.000 1017.000 1018.000 1018.000 1018.000 1018.000 1018.000 1018.000 1018.000 1018.000 1018.000 1018.000 1031.000 1031.000 1031.000 1031.000 1031.000 1031.000 1031.000 1031.000 1031.000 1031.000 1032.000 1032.000 1032.000 1032.000 1032.000 1032.000 1032.000 1032.000 1032.000 1033.000 1033.000 1033.000 1033.000 1033.000 1033.000 1033.000 1033.000 1033.000 1033.000 1034.000 1034.000 1034.000 1034.000 1034.000 1034.000 1034.000 1034.000 1034.000 1034.000 1047.000 1047.000 1047.000 1047.000 1047.000 1047.000 1047.000 1047.000 1047.000
1016.000 1017.000 1017.000 1017.000 1017.000 1017.000 1017.000 1017.000 1017.000 1017.000 1017.000 1018.000 1018.000 1018.000 1018.000 1018.000 1018.000 1018.000 1018.000 1018.000 1018.000 1031.000 1031.000 1031.000 1031.000 1031.000 1031.000 1031.000 1031.000 1031.000 1031.000 1032.000 1032.000 1032.000 1032.000 1032.000 1032.000 1032.000 1032.000 1032.000 1033.000 1033.000 1033.000 1033.000 1033.000 1033.000 1033.000 1033.000 1033.000 1033.000 1034.000 1034.000 1034.000 1034.000 1034.000 1034.000 1034.000 1034.000 1034.000 1034.000 1047.000 1047.000 1047.000 1047.000 1047.000 1047.000 1047.000 1047.000 1047.000
1016.000 1017.000 1017.000 1017.000 1017.000 1017.000 1017.000 1017.000 1017.000 1017.000 1017.000 1018.000 1018.000 1018.000 1018.000 1018.000 1018.000 1018.000 1018.000 1018.000 1018.000 1031.000 1031.000 1031.000 1031.000 1031.000 1031.000 1031.000 1031.000 1031.000 1032.000 1032.000 1032.000 1032.000 1032.000 1032.000 1032.000 1032.000 1032.000 1032.000 1033.000 1033.000 1033.000 1033.000 1033.000 1033.000 1033.000 1033.000 1033.000 1033.000 1034.000 1034.000 1034.000 1034.000 1034.000 1034.000 1034.000 1034.000 1034.000 1034.000 1047.000 1047.000 1047.000 1047.000 1047.000 1047.000 1047.000 1047.000 1047.000
1016.000 1017.000 1017.000 1017.000 1017.000 1017.000 1017.000 1017.000 1017.000 1017.000 1017.000 1018.000 1018.000 1018.000 1018.000 1018.000 1018.000 1018.000 1018.000 1018.000 1018.000 1031.000 1031.000 1031.000 1031.000 1031.000 1031.000 1031.000 1031.000 1031.000 1032.000 1032.000 1032.000 1032.000 1032.000 1032.000 1032.000 1032.000 1032.000 1032.000 1033.000 1033.000 1033.000 1033.000 1033.000 1033.000 1033.000 1033.000 1033.000 1033.000 1034.000 1034.000 1034.000 1034.000 1034.000 1034.000 1034.000 1034.000 1034.000 1034.000 1047.000 1047.000 1047.000 1047.000 1047.000 1047.000 1047.000 1047.000 1047.000
1016.000 1017.000 1017.000 1017.000 1017.000 1017.000 1017.000 1017.000 1017.000 1017.000 1017.000 1018.000 1018.000 1018.000 1018.000 1018.000 1018.000 1018.000 1018.000 1018.000 1018.000 1031.000 1031.000 1031.000 1031.000 1031.000 1031.000 1031.000 1031.000 1031.000 1032.000 1032.000 1032.000 1032.000 1032.000 1032.000 1032.000 1032.000 1032.000 1032.000 1033.000 1033.000 1033.000 1033.000 1033.000 1033.000 1033.000 1033.000 1033.000 1033.000 1034.000 1034.000 1034.000 1034.000 1034.000 1034.000 1034.000 1034.000 1034.000 1034.000 1047.000 1047.000 1047.000 1047.000 1047.000 1047.000 1047.000 1047.000 1047.000
1016.000 1017.000 1017.000 1017.000 1017.000 1017.000 1017.000 1017.000 1017.000 1017.000 1017.000 1018.000 1018.000 1018.000 1018.000 1018.000 1018.000 1018.000 1018.000 1018.000 1018.000 1031.000 1031.000 1031.000 1031.000 1031.000 1031.000 1031.000 1031.000 1031.000 1032.000 1032.000 1032.000 1032.000 1032.000 1032.000 1032.000 1032.000 1032.000 1032.000 1033.000 1033.000 1033.000 1033.000 1033.000 1033.000 1033.000 1033.000 1033.000 1033.000 1034.000 1034.000 1034.000 1034.000 1034.000 1034.000 1034.000 1034.000 1034.000 1034.000 1047.000 1047.000 1047.000 1047.000 1047.000 1047.000 1047.000 1047.000 1047.000
1016.000 1017.000 1017.000 1017.000 1017.000 1017.000 1017.000 1017.000 1017.000 1017.000 1017.000 1018.000 1018.000 1018.000 1018.000 1018.000 1018.000 1018.000 1018.000 1018.000 1018.000 1031.000 1031.000 1031.000 1031.000 1031.000 1031.000 1031.000 1031.000 1031.000 1032.000 1032.000 1032.000 1032.000 1032.000 1032.000 1032.000 1032.000 1032.000 1032.000 1033.000 1033.000 1033.000 1033.000 1033.000 1033.000 1033.000 1033.000 1033.000 1033.000 1034.000 1034.000 1034.000 1034.000 1034.000 1034.000 1034.000 1034.000 1034.000 1034.000 1047.000 1047.000 1047.000 1047.000 1047.000 1047.000 1047.000 1047.000 1047.000
1012.000 1013.000 1013.000 1013.000 1013.000 1013.000 1013.000 1013.000 1013.000 1013.000 1013.000 1014.000 1014.000 1014.000 1014.000 1014.000 1014.000 1014.000 1014.000 1014.000 1014.000 1027.000 1027.000 1027.000 1027.000 1027.000 1027.000 1027.000 1027.000 1027.000 1028.000 1028.000 1028.000 1028.000 1028.000 1028.000 1028.000 1028.000 1028.000 1028.000 1029.000 1029.000 1029.000 1029.000 1029.000 1029.000 1029.000 1029.000 1029.000 1029.000 1030.000 1030.000 1030.000 1030.000 1030.000 1030.000 1030.000 1030.000 1030.000 1030.000 1043.000 1043.000 1043.000 1043.000 1043.000 1043.000 1043.000 1043.000 1043.000
1012.000 1013.000 1013.000 1013.000 1013.000 1013.000 1013.000 1013.000 1013.000 1013.000 1013.000 1014.000 1014.000 1014.000 1014.000 1014.000 1014.000 1014.000 1014.000 1014.000 1014.000 1027.000 1027.000 1027.000 1027.000 1027.000 1027.000 1027.000 1027.000 1027.000 1028.000 1028.000 1028.000 1028.000 1028.000 1028.000 1028.000 1028.000 1028.000 1028.000 1029.000 1029.000 1029.000 1029.000 1029.000 1029.000 1029.000 1029.000 1029.000 1029.000 1030.000 1030.000 1030.000 1030.000 1030.000 1030.000 1030.000 1030.000 1030.000 1030.000 1043.000 1043.000 1043.000 1043.000 1043.000 1043.000 1043.000 1043.000 1043.000
1012.000 1013.000 1013.000 1013.000 1013.000 1013.000 1013.000 1013.000 1013.000 1013.000 1013.000 1014.000 1014.000 1014.000 1014.000 1014.000 1014.000 1014.000 1014.000 1014.000 1014.000 1027.000 1027.000 1027.000 1027.000 1027.000 1027.000 1027.000 1027.000 1027.000 1028.000 1028.000 1028.000 1028.000 1028.000 1028.000 1028.000 1028.000 1028.000 1028.000 1029.000 1029.000 1029.000 1029.000 1029.000 1029.000 1029.000 1029.000 1029.000 1029.000 1030.000 1030.000 1030.000 1030.000 1030.000 1030.000 1030.000 1030.000 1030.000 1030.000 1043.000 1043.000 1043.000 1043.000 1043.000 1043.000 1043.000 1043.000 1043.000
1012.000 1013.000 1013.000 1013.000 1013.000 1013.000 1013.000 1013.000 1013.000 1013.000 1013.000 1014.000 1014.000 1014.000 1014.000 1014.000 1014.000 1014.000 1014.000 1014.000 1014.000 1027.000 1027.000 1027.000 1027.000 1027.000 1027.000 1027.000 1027.000 1027.000 1028.000 1028.000 1028.000 1028.000 1028.000 1028.000 1028.000 1028.000 1028.000 1028.000 1029.000 1029.000 1029.000 1029.000 1029.000 1029.000 1029.000 1029.000 1029.000 1029.000 1030.000 1030.000 1030.000 1030.000 1030.000 1030.000 1030.000 1030.000 1030.000 1030.000 1043.000 1043.000 1043.000 1043.000 1043.000 1043.000 1043.000 1043.000 1043.000
1012.000 1013.000 1013.000 1013.000 1013.000 1013.000 1013.000 1013.000 1013.000 1013.000 1013.000 1014.000 1014.000 1014.000 1014.000 1014.000 1014.000 1014.000 1014.000 1014.000 1014.000 1027.000 1027.000 1027.000 1027.000 1027.000 1027.000 1027.000 1027.000 1027.000 1028.000 1028.000 1028.000 1028.000 1028.000 1028.000 1028.000 1028.000 1028.000 1028.000 1029.000 1029.000 1029.000 1029.000 1029.000 1029.000 1029.000 1029.000 1029.000 1029.000 1030.000 1030.000 1030.000 1030.000 1030.000 1030.000 1030.000 1030.000 1030.000 1030.000 1043.000 1043.000 1043.000 1043.000 1043.000 1043.000 1043.000 1043.000 1043.000
1012.000 1013.000 1013.000 1013.000 1013.000 1013.000 1013.000 1013.000 1013.000 1013.000 1013.000 1014.000 1014.000 1014.000 1014.000 1014.000 1014.000 1014.000 1014.000 1014.000 1014.000 1027.000 1027.000 1027.000 1027.000 1027.000 1027.000 1027.000 1027.000 1027.000 1028.000 1028.000 1028.000 1028.000 1028.000 1028.000 1028.000 1028.000 1028.000 1028.000 1029.000 1029.000 1029.000 1029.000 1029.000 1029.000 1029.000 1029.000 1029.000 1029.000 1030.000 1030.000 1030.000 1030.000 1030.000 1030.000 1030.000 1030.000 1030.000 1030.000 1043.000 1043.000 1043.000 1043.000 1043.000 1043.000 1043.000 1043.000 1043.000
1012.000 1013.000 1013.000 1013.000 1013.000 1013.000 1013.000 1013.000 1013.000 1013.000 1013.000 1014.000 1014.000 1014.000 1014.000 1014.000 1014.000 1014.000 1014.000 1014.000 1014.000 1027.000 1027.000 1027.000 1027.000 1027.000 1027.000 1027.000 1027.000 1027.000 1028.000 1028.000 1028.000 1028.000 1028.000 1028.000 1028.000 1028.000 1028.000 1028.000 1029.000 1029.000 1029.000 1029.000 1029.000 1029.000 1029.000 1029.000 1029.000 1029.000 1030.000 1030.000 1030.000 1030.000 1030.000 1030.000 1030.000 1030.000 1030.000 1030.000 1043.000 1043.000 1043.000 1043.000 1043.000 1043.000 1043.000 1043.000 1043.000
1012.000 1013.000 1013.000 1013.000 1013.000 1013.000 1013.000 1013.000 1013.000 1013.000 1013.000 1014.000 1014.000 1014.000 1014.000 1014.000 1014.000 1014.000 1014.000 1014.000 1014.000 1027.000 1027.000 1027.000 1027.000 1027.000 1027.000 1027.000 1027.000 1027.000 1028.000 1028.000 1028.000 1028.000 1028.000 1028.000 1028.000 1028.000 1028.000 1028.000 1029.000 1029.000 1029.000 1029.000 1029.000 1029.000 1029.000 1029.000 1029.000 1029.000 1030.000 1030.000 1030.000 1030.000 1030.000 1030.000 1030.000 1030.000 1030.000 1030.000 1043.000 1043.000 1043.000 1043.000 1043.000 1043.000 1043.000 1043.000 1043.000
1008.000 1009.000 1009.000 1009.000 1009.000 1009.000 1009.000 1009.000 1009.000 1009.000 1009.000 1010.000 1010.000 1010.000 1010.000 1010.000 1010.000 1010.000 1010.000 1010.000 1010.000 1023.000 1023.000 1023.000 1023.000 1023.000 1023.000 1023.000 1023.000 1023.000 1024.000 1024.000 1024.000 1024.000 1024.000 1024.000 1024.000 1024.000 1024.000 1024.000 1025.000 1025.000 1025.000 1025.000 1025.000 1025.000 1025.000 1025.000 1025.000 1025.000 1026.000 1026.000 1026.000 1026.000 1026.000 1026.000 1026.000 1026.000 1026.000 1026.000 1039.000 1039.000 1039.000 1039.000 1039.000 1039.000 1039.000 1039.000 1039.000
1008.000 1009.000 1009.000 1009.000 1009.000 1009.000 1009.000 1009.000 1009.000 1009.000 1009.000 1010.000 1010.000 1010.000 1010.000 1010.000 1010.000 1010.000 1010.000 1010.000 1010.000 1023.000 1023.000 1023.000 1023.000 1023.000 1023.000 1023.000 1023.000 1023.000 1024.000 1024.000 1024.000 1024.000 1024.000 1024.000 1024.000 1024.000 1024.000 1024.000 1025.000 1025.000 1025.000 1025.000 1025.000 1025.000 1025.000 1025.000 1025.000 1025.000 1026.000 1026.000 1026.000 1026.000 1026.000 1026.000 1026.000 1026.000 1026.000 1026.000 1039.000 1039.000 1039.000 1039.000 1039.000 1039.000 1039.000 1039.000 1039.000
1008.000 1009.000 1009.000 1009.000 1009.000 1009.000 1009.000 1009.000 1009.000 1009.000 1009.000 1010.000 1010.000 1010.000 1010.000 1010.000 1010.000 1010.000 1010.000 1010.000 1010.000 1023.000 1023.000 1023.000 1023.000 1023.000 1023.000 1023.000 1023.000 1023.000 1024.000 1024.000 1024.000 1024.000 1024.000 1024.000 1024.000 1024.000 1024.000 1024.000 1025.000 1025.000 1025.000 1025.000 1025.000 1025.000 1025.000 1025.000 1025.000 1025.000 1026.000 1026.000 1026.000 1026.000 1026.000 1026.000 1026.000 1026.000 1026.000 1026.000 1039.000 1039.000 1039.000 1039.000 1039.000 1039.000 1039.000 1039.000 1039.000
1008.000 1009.000 1009.000 1009.000 1009.000 1009.000 1009.000 1009.000 1009.000 1009.000 1009.000 1010.000 1010.000 1010.000 1010.000 1010.000 1010.000 1010.000 1010.000 1010.000 1010.000 1023.000 1023.000 1023.000 1023.000 1023.000 1023.000 1023.000 1023.000 1023.000 1024.000 1024.000 1024.000 1024.000 1024.000 1024.000 1024.000 1024.000 1024.000 1024.000 1025.000 1025.000 1025.000 1025.000 1025.000 1025.000 1025.000 1025.000 1025.000 1025.000 1026.000 1026.000 1026.000 1026.000 1026.000 1026.000 1026.000 1026.000 1026.000 1026.000 1039.000 1039.000 1039.000 1039.000 1039.000 1039.000 1039.000 1039.000 1039.000
