proj:       99
zone:       0
north:      -6660
south:      -9900
east:       12730
west:       11300
cols:       143
rows:       324
e-w resol:  10
n-s resol:  10
top:        0.500000000000000
bottom:     -0.500000000000000
cols3:      1430
rows3:      3240
depths:     1
e-w resol3: 1
n-s resol3: 1
t-b resol:  1
